region,date_heure,annee,jour_numero,heure,jour_fractionnel,thermique,nucleaire,eolien,solaire,hydraulique,bioenergies,pompage,ech_physiques,stockage_batterie,destockage_batterie,cap_prod_max_thermique,thermique_p_disp,cap_prod_max_nucleaire,nucleaire_p_disp,eolien_p_disp,solaire_p_disp,cap_prod_max_hydraulique,hydraulique_p_disp,cap_prod_max_bioenergies,bioenergies_p_disp,population
AUVERGNE RHONE ALPES,2014-07-07 00:30:00,2014,188,00:30:00,188.02,34.0,8369.0,15.0,0.0,3035.0,74.0,-29.0,-5911.0,0.0,0.0,938.0,938.0,13570.0,13570.0,347.0,818.0,11145.0,10993.0,140.0,140.0,7820966
PROVENCE ALPES COTE D AZUR,2020-09-27 18:00:00,2020,271,18:00:00,271.75,748.0,0.0,27.0,209.0,329.0,68.0,0.0,2285.0,0.0,0.0,2710.0,2339.0,0.0,0.0,48.0,1512.0,3262.0,3185.0,357.0,207.0,5098666
PROVENCE ALPES COTE D AZUR,2014-01-04 22:00:00,2014,4,22:00:00,4.92,258.0,0.0,35.0,0.0,1384.0,71.0,0.0,3404.0,0.0,0.0,2592.0,2318.0,0.0,0.0,45.0,783.0,3160.0,3160.0,151.0,151.0,4983438
BRETAGNE,2017-07-01 08:00:00,2017,182,08:00:00,182.33,1.0,0.0,185.0,4.0,167.0,49.0,-1.0,1232.0,0.0,0.0,848.0,763.0,0.0,0.0,916.0,238.0,275.0,275.0,66.0,66.0,3318904
CENTRE VAL DE LOIRE,2017-07-04 15:00:00,2017,185,15:00:00,185.62,0.0,5522.0,0.0,171.0,0.0,55.0,0.0,-3727.0,0.0,0.0,198.0,198.0,11630.0,10662.0,947.0,269.0,91.0,91.0,76.0,76.0,2576252
OCCITANIE,2019-03-06 13:00:00,2019,65,13:00:00,65.54,73.0,1271.0,977.0,518.0,2047.0,100.0,0.0,180.0,0.0,0.0,307.0,307.0,2620.0,1310.0,1499.0,2007.0,5485.0,5308.0,146.0,146.0,5933185
PROVENCE ALPES COTE D AZUR,2019-09-03 13:00:00,2019,246,13:00:00,246.54,619.0,0.0,13.0,891.0,588.0,108.0,0.0,2727.0,0.0,0.0,2674.0,2293.0,0.0,0.0,48.0,1389.0,3242.0,3095.0,357.0,207.0,5081101
GRAND EST,2017-03-05 23:00:00,2017,64,23:00:00,64.96,893.0,7402.0,2329.0,0.0,1212.0,92.0,-6.0,-6354.0,0.0,0.0,3453.0,2914.0,10820.0,9497.0,2879.0,535.0,2297.0,2083.0,140.0,140.0,5549586
PROVENCE ALPES COTE D AZUR,2014-01-16 21:00:00,2014,16,21:00:00,16.88,437.0,0.0,18.0,0.0,1328.0,69.0,0.0,4246.0,0.0,0.0,2592.0,2211.0,0.0,0.0,45.0,783.0,3160.0,3160.0,151.0,151.0,4983438
PROVENCE ALPES COTE D AZUR,2020-07-06 02:00:00,2020,188,02:00:00,188.08,237.0,0.0,19.0,0.0,1049.0,59.0,0.0,2157.0,0.0,0.0,2710.0,2292.0,0.0,0.0,48.0,1471.0,3261.0,3183.0,357.0,207.0,5098666
BOURGOGNE FRANCHE COMTE,2017-09-13 16:00:00,2017,256,16:00:00,256.67,26.0,0.0,492.0,55.0,94.0,24.0,0.0,1720.0,0.0,0.0,331.0,331.0,0.0,0.0,636.0,271.0,519.0,519.0,34.0,34.0,2811423
PROVENCE ALPES COTE D AZUR,2016-09-30 03:30:00,2016,274,03:30:00,274.15,728.0,0.0,1.0,0.0,231.0,111.0,0.0,2228.0,0.0,0.0,2614.0,2369.0,0.0,0.0,48.0,1047.0,3192.0,3192.0,354.0,354.0,5021928
NOUVELLE AQUITAINE,2020-07-18 12:30:00,2020,200,12:30:00,200.52,42.0,3242.0,28.0,2039.0,53.0,192.0,0.0,-932.0,0.0,0.0,571.0,571.0,6630.0,5549.0,1166.0,2694.0,1783.0,1678.0,341.0,341.0,6033952
PAYS DE LA LOIRE,2022-02-04 16:30:00,2022,35,16:30:00,35.69,440.0,0.0,450.0,50.0,5.0,59.0,0.0,2688.0,0.0,0.0,2068.0,1778.0,0.0,0.0,1133.0,812.0,10.0,10.0,80.0,80.0,3878839
PAYS DE LA LOIRE,2018-05-04 03:30:00,2018,124,03:30:00,124.15,-9.0,0.0,182.0,0.0,4.0,49.0,0.0,2352.0,0.0,0.0,1968.0,1707.0,0.0,0.0,804.0,542.0,8.0,8.0,69.0,69.0,3781423
BOURGOGNE FRANCHE COMTE,2021-11-29 07:00:00,2021,333,07:00:00,333.29,148.0,0.0,112.0,0.0,19.0,49.0,0.0,2919.0,0.0,0.0,401.0,401.0,0.0,0.0,992.0,482.0,524.0,524.0,72.0,72.0,2800194
AUVERGNE RHONE ALPES,2020-03-19 10:30:00,2020,79,10:30:00,79.44,564.0,8814.0,32.0,578.0,4089.0,117.0,-3.0,-7464.0,0.0,0.0,1034.0,1034.0,13570.0,12644.0,647.0,1253.0,11746.0,11601.0,192.0,192.0,8078652
GRAND EST,2021-06-12 15:30:00,2021,163,15:30:00,163.65,28.0,4074.0,485.0,311.0,1114.0,127.0,0.0,-2004.0,0.0,0.0,3585.0,3172.0,10820.0,9940.0,3913.0,895.0,2305.0,2103.0,207.0,207.0,5561287
BRETAGNE,2018-10-04 04:00:00,2018,277,04:00:00,277.17,1.0,0.0,57.0,0.0,0.0,44.0,-56.0,1638.0,0.0,0.0,923.0,838.0,0.0,0.0,988.0,255.0,270.0,270.0,69.0,69.0,3335414
NORMANDIE,2018-01-29 19:30:00,2018,29,19:30:00,29.81,934.0,7836.0,362.0,0.0,17.0,45.0,0.0,-4990.0,0.0,0.0,813.0,813.0,10640.0,9310.0,705.0,233.0,31.0,31.0,102.0,102.0,3327477
NORMANDIE,2015-11-10 22:00:00,2015,314,22:00:00,314.92,676.0,7646.0,90.0,0.0,8.0,59.0,0.0,-5193.0,0.0,0.0,773.0,773.0,10640.0,9310.0,538.0,216.0,24.0,24.0,95.0,95.0,3339131
OCCITANIE,2017-12-26 01:00:00,2017,360,01:00:00,360.04,83.0,2039.0,264.0,0.0,453.0,100.0,-891.0,3192.0,0.0,0.0,291.0,291.0,2620.0,2620.0,1365.0,1808.0,5481.0,5254.0,145.0,145.0,5845102
BOURGOGNE FRANCHE COMTE,2015-05-16 01:30:00,2015,136,01:30:00,136.06,25.0,0.0,68.0,0.0,81.0,25.0,0.0,1573.0,0.0,0.0,325.0,80.0,0.0,0.0,344.0,254.0,510.0,510.0,29.0,29.0,2820940
OCCITANIE,2013-06-16 11:30:00,2013,167,11:30:00,167.48,-2.0,1076.0,332.0,510.0,1436.0,69.0,-472.0,127.0,0.0,0.0,245.0,245.0,2620.0,2620.0,866.0,1059.0,5379.0,5379.0,126.0,126.0,5683878
BRETAGNE,2020-04-21 09:00:00,2020,112,09:00:00,112.38,1.0,0.0,84.0,15.0,9.0,51.0,-50.0,2229.0,0.0,0.0,978.0,877.0,0.0,0.0,1028.0,280.0,272.0,272.0,79.0,79.0,3373835
PAYS DE LA LOIRE,2018-04-25 16:30:00,2018,115,16:30:00,115.69,-39.0,0.0,287.0,271.0,4.0,44.0,0.0,2340.0,0.0,0.0,1968.0,1871.0,0.0,0.0,796.0,541.0,8.0,8.0,69.0,69.0,3781423
BRETAGNE,2019-04-17 17:00:00,2019,107,17:00:00,107.71,1.0,0.0,428.0,107.0,5.0,50.0,-1.0,1734.0,0.0,0.0,956.0,871.0,0.0,0.0,1004.0,264.0,270.0,270.0,71.0,71.0,3354854
OCCITANIE,2013-12-19 08:00:00,2013,353,08:00:00,353.33,57.0,2573.0,61.0,0.0,1908.0,77.0,0.0,922.0,0.0,0.0,251.0,251.0,2620.0,2620.0,889.0,1192.0,5395.0,5395.0,127.0,127.0,5683878
HAUTS DE FRANCE,2020-11-20 21:00:00,2020,325,21:00:00,325.88,1762.0,4341.0,1164.0,0.0,1.0,118.0,0.0,-1080.0,0.0,0.0,2984.0,2984.0,5460.0,4590.0,5303.0,272.0,5.0,5.0,181.0,181.0,5997734
NORMANDIE,2015-12-23 09:30:00,2015,357,09:30:00,357.4,445.0,7651.0,214.0,2.0,20.0,44.0,0.0,-4748.0,0.0,0.0,773.0,193.0,10640.0,9310.0,538.0,217.0,31.0,31.0,95.0,95.0,3339131
NORMANDIE,2019-02-19 18:30:00,2019,50,18:30:00,50.77,515.0,7023.0,34.0,0.0,21.0,40.0,0.0,-3830.0,0.0,0.0,833.0,253.0,10640.0,9393.0,791.0,253.0,31.0,31.0,105.0,105.0,3325032
BOURGOGNE FRANCHE COMTE,2020-05-05 14:00:00,2020,126,14:00:00,126.58,22.0,0.0,91.0,90.0,42.0,50.0,0.0,2007.0,0.0,0.0,401.0,401.0,0.0,0.0,877.0,348.0,521.0,521.0,69.0,69.0,2801695
PAYS DE LA LOIRE,2016-01-06 05:30:00,2016,6,05:30:00,6.23,600.0,0.0,222.0,0.0,4.0,37.0,0.0,2569.0,0.0,0.0,1880.0,1488.0,0.0,0.0,605.0,457.0,7.0,7.0,61.0,61.0,3737632
BRETAGNE,2014-09-29 23:30:00,2014,272,23:30:00,272.98,0.0,0.0,63.0,0.0,0.0,26.0,-23.0,2131.0,0.0,0.0,688.0,688.0,0.0,0.0,781.0,216.0,272.0,272.0,52.0,52.0,3276543
NORMANDIE,2013-11-01 15:00:00,2013,305,15:00:00,305.62,331.0,8805.0,120.0,2.0,7.0,50.0,0.0,-6249.0,0.0,0.0,761.0,761.0,10640.0,10640.0,444.0,210.0,23.0,23.0,88.0,88.0,3328364
AUVERGNE RHONE ALPES,2023-01-28 17:30:00,2023,28,17:30:00,28.73,541.0,13396.0,90.0,7.0,4744.0,106.0,-13.0,-9580.0,0.0,0.0,1050.0,1050.0,13570.0,12879.0,723.0,1852.0,11791.0,11706.0,208.0,208.0,8197325
CENTRE VAL DE LOIRE,2020-03-08 06:30:00,2020,68,06:30:00,68.27,103.0,9660.0,765.0,0.0,54.0,58.0,0.0,-8519.0,0.0,0.0,229.0,229.0,11630.0,10761.0,1238.0,360.0,92.0,92.0,86.0,86.0,2574863
OCCITANIE,2017-01-10 06:00:00,2017,10,06:00:00,10.25,67.0,2561.0,575.0,0.0,811.0,96.0,-666.0,2217.0,0.0,0.0,278.0,278.0,2620.0,2620.0,1194.0,1683.0,5464.0,5287.0,140.0,140.0,5845102
HAUTS DE FRANCE,2015-04-09 00:00:00,2015,99,00:00:00,99.0,905.0,4359.0,274.0,0.0,3.0,92.0,0.0,617.0,0.0,0.0,2301.0,2040.0,5460.0,4550.0,2713.0,213.0,5.0,5.0,159.0,159.0,6009976
GRAND EST,2022-08-15 12:30:00,2022,227,12:30:00,227.52,472.0,3613.0,1089.0,524.0,415.0,152.0,-339.0,-2155.0,0.0,0.0,3590.0,3151.0,10820.0,9819.0,4290.0,1080.0,2308.0,1954.0,235.0,235.0,5563889
GRAND EST,2019-09-05 11:30:00,2019,248,11:30:00,248.48,1664.0,6813.0,289.0,281.0,969.0,108.0,0.0,-4835.0,0.0,0.0,3531.0,3531.0,10820.0,9733.0,3445.0,601.0,2303.0,2032.0,172.0,172.0,5556219
NORMANDIE,2019-05-10 07:00:00,2019,130,07:00:00,130.29,304.0,7734.0,65.0,2.0,13.0,34.0,0.0,-4857.0,0.0,0.0,833.0,253.0,10640.0,9310.0,801.0,255.0,31.0,31.0,106.0,106.0,3325032
CENTRE VAL DE LOIRE,2018-11-01 05:30:00,2018,305,05:30:00,305.23,88.0,6779.0,519.0,0.0,0.0,66.0,0.0,-5422.0,0.0,0.0,222.0,222.0,11630.0,10651.0,1060.0,302.0,91.0,91.0,84.0,84.0,2572853
OCCITANIE,2013-03-03 11:30:00,2013,62,11:30:00,62.48,81.0,2614.0,47.0,446.0,1633.0,70.0,-840.0,1049.0,0.0,0.0,245.0,245.0,2620.0,2620.0,861.0,1047.0,5374.0,5374.0,126.0,126.0,5683878
AUVERGNE RHONE ALPES,2020-06-07 19:00:00,2020,159,19:00:00,159.79,140.0,6930.0,83.0,235.0,5394.0,119.0,-17.0,-7442.0,0.0,0.0,1034.0,1034.0,13570.0,12587.0,647.0,1266.0,11746.0,11531.0,192.0,192.0,8078652
CENTRE VAL DE LOIRE,2017-09-04 11:30:00,2017,247,11:30:00,247.48,0.0,6372.0,45.0,100.0,12.0,61.0,0.0,-4638.0,0.0,0.0,198.0,198.0,11630.0,10685.0,963.0,274.0,91.0,91.0,76.0,76.0,2576252
BOURGOGNE FRANCHE COMTE,2019-06-22 20:30:00,2019,173,20:30:00,173.85,24.0,0.0,18.0,13.0,37.0,29.0,0.0,1678.0,0.0,0.0,401.0,401.0,0.0,0.0,831.0,336.0,520.0,520.0,67.0,67.0,2805580
PROVENCE ALPES COTE D AZUR,2016-01-01 06:00:00,2016,1,06:00:00,1.25,145.0,0.0,1.0,0.0,197.0,98.0,0.0,3955.0,0.0,0.0,2612.0,2082.0,0.0,0.0,48.0,983.0,3178.0,3056.0,183.0,183.0,5021928
NOUVELLE AQUITAINE,2019-02-11 21:30:00,2019,42,21:30:00,42.9,231.0,6654.0,62.0,-1.0,602.0,200.0,0.0,-1493.0,0.0,0.0,538.0,538.0,6630.0,6630.0,975.0,2444.0,1781.0,1676.0,318.0,318.0,6010289
AUVERGNE RHONE ALPES,2014-04-11 07:00:00,2014,101,07:00:00,101.29,31.0,9437.0,16.0,0.0,3628.0,62.0,-5.0,-5666.0,0.0,0.0,938.0,938.0,13570.0,13570.0,347.0,802.0,11136.0,10984.0,140.0,140.0,7820966
GRAND EST,2013-04-06 20:00:00,2013,96,20:00:00,96.83,2903.0,9431.0,311.0,0.0,1025.0,35.0,0.0,-7902.0,0.0,0.0,3398.0,3398.0,10820.0,10820.0,1835.0,501.0,2280.0,2280.0,86.0,86.0,5552388
ILE DE FRANCE,2022-07-08 17:30:00,2022,189,17:30:00,189.73,0.0,0.0,24.0,88.0,7.0,187.0,0.0,6677.0,0.0,0.0,2171.0,2030.0,0.0,0.0,148.0,226.0,20.0,20.0,314.0,314.0,12354286
ILE DE FRANCE,2022-05-15 19:00:00,2022,135,19:00:00,135.79,0.0,0.0,32.0,34.0,3.0,145.0,0.0,6194.0,0.0,0.0,2171.0,2021.0,0.0,0.0,148.0,218.0,20.0,20.0,314.0,314.0,12354286
NOUVELLE AQUITAINE,2018-01-05 00:00:00,2018,5,00:00:00,5.0,189.0,6641.0,287.0,-1.0,1088.0,187.0,0.0,-2930.0,0.0,0.0,478.0,478.0,6630.0,6630.0,882.0,2220.0,1781.0,1781.0,307.0,307.0,5979778
NOUVELLE AQUITAINE,2019-05-17 03:00:00,2019,137,03:00:00,137.12,30.0,5580.0,219.0,-1.0,447.0,191.0,0.0,-2926.0,0.0,0.0,538.0,538.0,6630.0,5720.0,1008.0,2485.0,1782.0,1673.0,319.0,319.0,6010289
GRAND EST,2013-04-14 19:00:00,2013,104,19:00:00,104.79,98.0,7095.0,543.0,58.0,1122.0,36.0,0.0,-4886.0,0.0,0.0,3398.0,3398.0,10820.0,10820.0,1847.0,501.0,2280.0,2280.0,86.0,86.0,5552388
CENTRE VAL DE LOIRE,2014-04-24 01:00:00,2014,114,01:00:00,114.04,0.0,8639.0,31.0,0.0,1.0,44.0,0.0,-6725.0,0.0,0.0,162.0,162.0,11630.0,11630.0,749.0,215.0,91.0,91.0,56.0,56.0,2577435
NOUVELLE AQUITAINE,2020-07-16 05:30:00,2020,198,05:30:00,198.23,47.0,3278.0,36.0,0.0,70.0,185.0,0.0,-49.0,0.0,0.0,571.0,571.0,6630.0,5549.0,1166.0,2694.0,1783.0,1678.0,341.0,341.0,6033952
HAUTS DE FRANCE,2017-10-14 19:30:00,2017,287,19:30:00,287.81,1845.0,3601.0,32.0,0.0,1.0,82.0,0.0,-242.0,0.0,0.0,2910.0,2335.0,5460.0,4550.0,3609.0,216.0,5.0,5.0,165.0,165.0,6003815
HAUTS DE FRANCE,2019-08-18 23:00:00,2019,230,23:00:00,230.96,822.0,3185.0,688.0,0.0,0.0,123.0,0.0,-661.0,0.0,0.0,2969.0,2557.0,5460.0,4623.0,4531.0,238.0,5.0,5.0,178.0,178.0,6004947
PROVENCE ALPES COTE D AZUR,2018-07-08 06:00:00,2018,189,06:00:00,189.25,31.0,0.0,5.0,0.0,818.0,100.0,0.0,2184.0,0.0,0.0,2666.0,2267.0,0.0,0.0,48.0,1279.0,3233.0,3086.0,357.0,207.0,5052832
OCCITANIE,2018-02-21 16:00:00,2018,52,16:00:00,52.67,74.0,2605.0,631.0,589.0,1791.0,92.0,-632.0,451.0,0.0,0.0,291.0,291.0,2620.0,2620.0,1365.0,1830.0,5482.0,5255.0,145.0,145.0,5885496
NOUVELLE AQUITAINE,2021-11-21 00:00:00,2021,325,00:00:00,325.0,184.0,2726.0,9.0,0.0,401.0,170.0,0.0,2205.0,0.0,0.0,578.0,578.0,6630.0,5135.0,1368.0,3370.0,1784.0,1784.0,355.0,355.0,6069352
PAYS DE LA LOIRE,2017-07-10 16:30:00,2017,191,16:30:00,191.69,1029.0,0.0,140.0,248.0,0.0,46.0,0.0,1472.0,0.0,0.0,1921.0,1343.0,0.0,0.0,727.0,501.0,8.0,8.0,66.0,66.0,3757600
PROVENCE ALPES COTE D AZUR,2015-10-08 02:00:00,2015,281,02:00:00,281.08,924.0,0.0,35.0,0.0,1155.0,49.0,0.0,1548.0,0.0,0.0,2610.0,2175.0,0.0,0.0,48.0,962.0,3171.0,3171.0,183.0,183.0,5007977
HAUTS DE FRANCE,2015-12-03 01:30:00,2015,337,01:30:00,337.06,461.0,4770.0,805.0,0.0,2.0,112.0,0.0,93.0,0.0,0.0,2301.0,2140.0,5460.0,5320.0,2865.0,213.0,5.0,5.0,160.0,160.0,6009976
BOURGOGNE FRANCHE COMTE,2021-02-02 12:30:00,2021,33,12:30:00,33.52,153.0,0.0,708.0,46.0,161.0,40.0,0.0,2089.0,0.0,0.0,401.0,401.0,0.0,0.0,928.0,403.0,523.0,523.0,71.0,71.0,2800194
BOURGOGNE FRANCHE COMTE,2014-04-19 11:00:00,2014,109,11:00:00,109.46,27.0,0.0,91.0,89.0,35.0,11.0,0.0,2161.0,0.0,0.0,313.0,68.0,0.0,0.0,242.0,245.0,508.0,508.0,25.0,25.0,2820623
ILE DE FRANCE,2019-07-07 03:00:00,2019,188,03:00:00,188.12,-2.0,0.0,8.0,0.0,5.0,156.0,0.0,4679.0,0.0,0.0,2170.0,2078.0,0.0,0.0,108.0,127.0,20.0,20.0,314.0,314.0,12262544
GRAND EST,2018-07-27 18:00:00,2018,208,18:00:00,208.75,1983.0,7382.0,96.0,272.0,706.0,99.0,0.0,-5461.0,0.0,0.0,3471.0,3049.0,10820.0,9556.0,3143.0,557.0,2300.0,1955.0,158.0,158.0,5550389
AUVERGNE RHONE ALPES,2021-11-24 13:30:00,2021,328,13:30:00,328.56,258.0,11817.0,73.0,465.0,3434.0,115.0,-5.0,-6652.0,0.0,0.0,1048.0,1048.0,13570.0,12669.0,723.0,1579.0,11776.0,11650.0,208.0,208.0,8114361
BRETAGNE,2022-10-23 12:30:00,2022,296,12:30:00,296.52,448.0,0.0,328.0,117.0,230.0,49.0,-1.0,693.0,0.0,0.0,1432.0,1347.0,0.0,0.0,1220.0,404.0,272.0,272.0,83.0,83.0,3414637
ILE DE FRANCE,2022-10-06 17:00:00,2022,279,17:00:00,279.71,0.0,0.0,0.0,72.0,8.0,140.0,0.0,6712.0,0.0,0.0,2171.0,1999.0,0.0,0.0,148.0,245.0,20.0,20.0,320.0,320.0,12354286
PAYS DE LA LOIRE,2022-02-19 01:30:00,2022,50,01:30:00,50.06,170.0,0.0,377.0,1.0,6.0,59.0,0.0,2976.0,0.0,0.0,2068.0,2068.0,0.0,0.0,1137.0,816.0,10.0,10.0,80.0,80.0,3878839
NOUVELLE AQUITAINE,2019-08-20 02:30:00,2019,232,02:30:00,232.1,18.0,4735.0,205.0,0.0,28.0,205.0,0.0,-1470.0,0.0,0.0,538.0,538.0,6630.0,5613.0,1017.0,2541.0,1782.0,1673.0,319.0,319.0,6010289
PROVENCE ALPES COTE D AZUR,2020-08-09 13:00:00,2020,222,13:00:00,222.54,1090.0,0.0,1.0,973.0,873.0,82.0,0.0,1596.0,0.0,0.0,2710.0,2284.0,0.0,0.0,48.0,1497.0,3261.0,3151.0,357.0,207.0,5098666
NOUVELLE AQUITAINE,2021-12-11 04:00:00,2021,345,04:00:00,345.17,187.0,2666.0,405.0,0.0,433.0,194.0,0.0,1600.0,0.0,0.0,578.0,578.0,6630.0,5135.0,1368.0,3393.0,1784.0,1784.0,356.0,356.0,6069352
OCCITANIE,2015-01-24 18:00:00,2015,24,18:00:00,24.75,61.0,2608.0,491.0,1.0,1446.0,93.0,0.0,1770.0,0.0,0.0,266.0,266.0,2620.0,2620.0,943.0,1360.0,5435.0,5208.0,133.0,133.0,5774185
AUVERGNE RHONE ALPES,2013-07-10 14:00:00,2013,191,14:00:00,191.58,39.0,8038.0,12.0,250.0,3943.0,62.0,-17.0,-4317.0,0.0,0.0,919.0,919.0,13570.0,13570.0,335.0,724.0,11116.0,11116.0,106.0,106.0,7757595
HAUTS DE FRANCE,2015-12-28 08:30:00,2015,362,08:30:00,362.35,705.0,5383.0,1231.0,0.0,2.0,133.0,0.0,-1438.0,0.0,0.0,2301.0,2051.0,5460.0,5460.0,2878.0,213.0,5.0,5.0,160.0,160.0,6009976
HAUTS DE FRANCE,2014-02-26 01:30:00,2014,57,01:30:00,57.06,672.0,4400.0,424.0,0.0,2.0,86.0,0.0,970.0,0.0,0.0,2278.0,2278.0,5460.0,5460.0,2263.0,211.0,5.0,5.0,139.0,139.0,6006156
NOUVELLE AQUITAINE,2015-06-02 00:00:00,2015,153,00:00:00,153.0,15.0,3146.0,89.0,0.0,282.0,162.0,0.0,550.0,0.0,0.0,427.0,427.0,6630.0,5525.0,488.0,1504.0,1775.0,1670.0,239.0,239.0,5911482
AUVERGNE RHONE ALPES,2019-03-09 14:30:00,2019,68,14:30:00,68.6,180.0,9003.0,209.0,193.0,2502.0,141.0,-1146.0,-3327.0,0.0,0.0,1027.0,1027.0,13570.0,12743.0,607.0,1131.0,11235.0,11054.0,189.0,189.0,8042936
BRETAGNE,2015-03-24 10:30:00,2015,83,10:30:00,83.44,103.0,0.0,126.0,45.0,9.0,32.0,-1.0,3178.0,0.0,0.0,721.0,721.0,0.0,0.0,801.0,219.0,272.0,272.0,54.0,54.0,3293850
PROVENCE ALPES COTE D AZUR,2022-02-20 03:00:00,2022,51,03:00:00,51.12,153.0,0.0,38.0,0.0,680.0,95.0,0.0,4002.0,0.0,0.0,2724.0,2460.0,0.0,0.0,96.0,1764.0,3266.0,3222.0,357.0,357.0,5150362
HAUTS DE FRANCE,2017-05-09 08:30:00,2017,129,08:30:00,129.35,1025.0,3625.0,315.0,29.0,1.0,122.0,0.0,1307.0,0.0,0.0,2900.0,2325.0,5460.0,4550.0,3405.0,214.0,5.0,5.0,165.0,165.0,6003815
NOUVELLE AQUITAINE,2020-12-19 19:00:00,2020,354,19:00:00,354.79,155.0,5270.0,352.0,0.0,919.0,174.0,0.0,-939.0,0.0,0.0,576.0,576.0,6630.0,5722.0,1196.0,2823.0,1783.0,1678.0,347.0,347.0,6033952
ILE DE FRANCE,2016-04-13 11:30:00,2016,104,11:30:00,104.48,347.0,0.0,1.0,32.0,7.0,97.0,0.0,8757.0,0.0,0.0,2149.0,1967.0,0.0,0.0,61.0,114.0,19.0,19.0,300.0,300.0,12117132
CENTRE VAL DE LOIRE,2021-08-05 20:00:00,2021,217,20:00:00,217.83,11.0,7508.0,579.0,22.0,11.0,58.0,0.0,-6506.0,0.0,0.0,229.0,229.0,11630.0,10740.0,1360.0,580.0,92.0,92.0,89.0,89.0,2573303
CENTRE VAL DE LOIRE,2014-04-09 12:00:00,2014,99,12:00:00,99.5,0.0,9013.0,-1.0,111.0,13.0,35.0,0.0,-6715.0,0.0,0.0,162.0,162.0,11630.0,11630.0,749.0,215.0,91.0,91.0,56.0,56.0,2577435
BOURGOGNE FRANCHE COMTE,2019-04-24 22:00:00,2019,114,22:00:00,114.92,58.0,0.0,441.0,0.0,49.0,48.0,-1.0,1693.0,0.0,0.0,401.0,401.0,0.0,0.0,821.0,334.0,520.0,520.0,67.0,67.0,2805580
AUVERGNE RHONE ALPES,2013-04-10 06:30:00,2013,100,06:30:00,100.27,48.0,10232.0,58.0,0.0,2769.0,45.0,-4.0,-4636.0,0.0,0.0,919.0,919.0,13570.0,13570.0,335.0,712.0,11115.0,11115.0,106.0,106.0,7757595
ILE DE FRANCE,2018-10-04 06:30:00,2018,277,06:30:00,277.27,-2.0,0.0,5.0,0.0,6.0,126.0,0.0,6316.0,0.0,0.0,2157.0,2095.0,0.0,0.0,88.0,123.0,20.0,20.0,306.0,306.0,12213447
PROVENCE ALPES COTE D AZUR,2015-05-14 01:30:00,2015,134,01:30:00,134.06,166.0,0.0,0.0,0.0,1356.0,63.0,0.0,2243.0,0.0,0.0,2610.0,2241.0,0.0,0.0,45.0,913.0,3168.0,3168.0,183.0,183.0,5007977
BOURGOGNE FRANCHE COMTE,2018-02-27 15:00:00,2018,58,15:00:00,58.62,156.0,0.0,180.0,108.0,175.0,28.0,0.0,3268.0,0.0,0.0,386.0,386.0,0.0,0.0,676.0,305.0,520.0,443.0,36.0,36.0,2807807
BRETAGNE,2022-12-16 21:30:00,2022,350,21:30:00,350.9,744.0,0.0,143.0,0.0,5.0,56.0,-1.0,2774.0,0.0,0.0,1432.0,1347.0,0.0,0.0,1249.0,412.0,272.0,272.0,83.0,83.0,3414637
BOURGOGNE FRANCHE COMTE,2019-05-25 19:00:00,2019,145,19:00:00,145.79,24.0,0.0,272.0,40.0,36.0,27.0,0.0,1527.0,0.0,0.0,401.0,401.0,0.0,0.0,831.0,335.0,520.0,520.0,67.0,67.0,2805580
BRETAGNE,2018-11-03 11:00:00,2018,307,11:00:00,307.46,161.0,0.0,232.0,89.0,83.0,40.0,-1.0,2339.0,0.0,0.0,944.0,859.0,0.0,0.0,988.0,255.0,270.0,270.0,70.0,70.0,3335414
NORMANDIE,2020-02-26 03:00:00,2020,57,03:00:00,57.12,388.0,6279.0,535.0,0.0,15.0,62.0,0.0,-3564.0,0.0,0.0,833.0,833.0,10640.0,9310.0,806.0,262.0,31.0,31.0,110.0,110.0,3325522
GRAND EST,2014-11-27 14:00:00,2014,331,14:00:00,331.58,1117.0,12386.0,361.0,31.0,973.0,83.0,0.0,-8411.0,0.0,0.0,3400.0,3200.0,10820.0,10820.0,2269.0,522.0,2283.0,2283.0,107.0,107.0,5554645
HAUTS DE FRANCE,2017-11-01 23:30:00,2017,305,23:30:00,305.98,1569.0,2707.0,988.0,0.0,1.0,107.0,0.0,375.0,0.0,0.0,2913.0,2682.0,5460.0,4550.0,3644.0,216.0,5.0,5.0,165.0,165.0,6003815
PROVENCE ALPES COTE D AZUR,2022-12-14 06:30:00,2022,348,06:30:00,348.27,1789.0,0.0,24.0,0.0,1145.0,69.0,0.0,2300.0,0.0,0.0,2724.0,2662.0,0.0,0.0,96.0,1991.0,3270.0,3226.0,357.0,357.0,5150362
PAYS DE LA LOIRE,2019-04-12 18:30:00,2019,102,18:30:00,102.77,438.0,0.0,47.0,153.0,3.0,52.0,0.0,2277.0,0.0,0.0,2037.0,1892.0,0.0,0.0,909.0,572.0,8.0,8.0,70.0,70.0,3806461
NOUVELLE AQUITAINE,2017-05-09 11:30:00,2017,129,11:30:00,129.48,47.0,5740.0,427.0,1318.0,340.0,160.0,0.0,-3043.0,0.0,0.0,465.0,465.0,6630.0,5720.0,742.0,1959.0,1780.0,1669.0,306.0,306.0,5956978
PAYS DE LA LOIRE,2016-06-27 03:00:00,2016,179,03:00:00,179.12,22.0,0.0,76.0,0.0,3.0,39.0,0.0,1681.0,0.0,0.0,1880.0,1337.0,0.0,0.0,649.0,467.0,8.0,8.0,62.0,62.0,3737632
OCCITANIE,2016-01-23 03:30:00,2016,23,03:30:00,23.15,270.0,2415.0,114.0,0.0,1259.0,92.0,-688.0,1308.0,0.0,0.0,266.0,0.0,2620.0,2620.0,1098.0,1508.0,5461.0,5288.0,137.0,137.0,5808435
BOURGOGNE FRANCHE COMTE,2018-12-05 16:30:00,2018,339,16:30:00,339.69,179.0,0.0,125.0,1.0,92.0,42.0,-1.0,2542.0,0.0,0.0,401.0,401.0,0.0,0.0,746.0,318.0,520.0,443.0,64.0,64.0,2807807
PROVENCE ALPES COTE D AZUR,2016-10-31 17:30:00,2016,305,17:30:00,305.73,1714.0,0.0,0.0,8.0,658.0,108.0,0.0,1737.0,0.0,0.0,2621.0,2393.0,0.0,0.0,48.0,1048.0,3192.0,3192.0,354.0,354.0,5021928
ILE DE FRANCE,2021-08-05 00:00:00,2021,217,00:00:00,217.0,0.0,0.0,10.0,0.0,8.0,144.0,0.0,5311.0,0.0,0.0,2171.0,2171.0,0.0,0.0,148.0,174.0,20.0,20.0,314.0,314.0,12317279
NORMANDIE,2021-03-23 23:30:00,2021,82,23:30:00,82.98,362.0,8879.0,146.0,0.0,12.0,67.0,0.0,-5832.0,0.0,0.0,852.0,852.0,10640.0,9797.0,862.0,279.0,31.0,31.0,146.0,146.0,3327966
GRAND EST,2017-10-14 20:00:00,2017,287,20:00:00,287.83,1611.0,7078.0,66.0,0.0,1057.0,92.0,0.0,-5030.0,0.0,0.0,3464.0,2869.0,10820.0,9474.0,3040.0,549.0,2298.0,1980.0,141.0,141.0,5549586
BRETAGNE,2021-12-21 18:30:00,2021,355,18:30:00,355.77,602.0,0.0,303.0,0.0,16.0,50.0,-1.0,3080.0,0.0,0.0,1428.0,982.0,0.0,0.0,1135.0,353.0,272.0,272.0,82.0,82.0,3394567
OCCITANIE,2021-11-30 19:30:00,2021,334,19:30:00,334.81,124.0,1283.0,546.0,1.0,1142.0,72.0,0.0,4189.0,0.0,0.0,326.0,326.0,2620.0,2620.0,1593.0,2761.0,5500.0,5465.0,173.0,173.0,6022176
CENTRE VAL DE LOIRE,2020-07-31 10:30:00,2020,213,10:30:00,213.44,10.0,5316.0,51.0,143.0,1.0,59.0,0.0,-3584.0,0.0,0.0,229.0,229.0,11630.0,10728.0,1256.0,377.0,92.0,92.0,88.0,88.0,2574863
ILE DE FRANCE,2015-12-09 21:00:00,2015,343,21:00:00,343.88,2487.0,0.0,1.0,0.0,10.0,134.0,0.0,8498.0,0.0,0.0,2149.0,1787.0,0.0,0.0,61.0,114.0,19.0,19.0,300.0,300.0,12082144
HAUTS DE FRANCE,2018-12-22 17:30:00,2018,356,17:30:00,356.73,1086.0,4558.0,1706.0,1.0,2.0,122.0,0.0,-1483.0,0.0,0.0,2969.0,2969.0,5460.0,4550.0,4352.0,235.0,5.0,5.0,177.0,177.0,6004108
NORMANDIE,2022-05-23 00:30:00,2022,143,00:30:00,143.02,190.0,3496.0,67.0,0.0,12.0,98.0,0.0,-1403.0,0.0,0.0,852.0,852.0,10640.0,9391.0,933.0,311.0,31.0,31.0,148.0,148.0,3327604
CENTRE VAL DE LOIRE,2022-12-23 23:30:00,2022,357,23:30:00,357.98,81.0,9175.0,917.0,0.0,2.0,63.0,0.0,-8236.0,0.0,0.0,229.0,229.0,11630.0,10768.0,1599.0,807.0,93.0,93.0,91.0,91.0,2572916
NOUVELLE AQUITAINE,2021-08-02 20:00:00,2021,214,20:00:00,214.83,29.0,4151.0,135.0,339.0,496.0,185.0,0.0,-1012.0,0.0,0.0,578.0,578.0,6630.0,6630.0,1311.0,3226.0,1784.0,1784.0,354.0,354.0,6069352
PROVENCE ALPES COTE D AZUR,2018-02-21 16:30:00,2018,52,16:30:00,52.69,2544.0,0.0,43.0,347.0,1724.0,230.0,0.0,1100.0,0.0,0.0,2651.0,2343.0,0.0,0.0,48.0,1223.0,3227.0,3227.0,357.0,357.0,5052832
PAYS DE LA LOIRE,2015-09-22 17:30:00,2015,265,17:30:00,265.73,766.0,0.0,364.0,93.0,0.0,42.0,0.0,1455.0,0.0,0.0,1867.0,1217.0,0.0,0.0,560.0,455.0,7.0,7.0,61.0,61.0,3718512
BOURGOGNE FRANCHE COMTE,2018-03-03 13:30:00,2018,62,13:30:00,62.56,166.0,0.0,140.0,43.0,180.0,30.0,0.0,2694.0,0.0,0.0,386.0,386.0,0.0,0.0,676.0,305.0,520.0,443.0,36.0,36.0,2807807
GRAND EST,2022-04-26 06:30:00,2022,116,06:30:00,116.27,1299.0,5129.0,417.0,1.0,1316.0,155.0,0.0,-3345.0,0.0,0.0,3590.0,3163.0,10820.0,9709.0,4254.0,1005.0,2306.0,1952.0,235.0,235.0,5563889
OCCITANIE,2020-08-19 23:30:00,2020,232,23:30:00,232.98,0.0,1054.0,366.0,2.0,813.0,86.0,0.0,1741.0,0.0,0.0,314.0,314.0,2620.0,1310.0,1593.0,2271.0,5494.0,5243.0,171.0,171.0,5973969
HAUTS DE FRANCE,2022-04-20 16:30:00,2022,110,16:30:00,110.69,1285.0,3423.0,1113.0,228.0,2.0,105.0,0.0,-1087.0,0.0,0.0,2993.0,2408.0,5460.0,4579.0,5748.0,441.0,6.0,6.0,190.0,190.0,5990765
NOUVELLE AQUITAINE,2022-12-30 00:30:00,2022,364,00:30:00,364.02,163.0,2662.0,516.0,0.0,271.0,192.0,0.0,1057.0,0.0,0.0,581.0,581.0,6630.0,5684.0,1644.0,3941.0,1786.0,1786.0,356.0,356.0,6098051
BOURGOGNE FRANCHE COMTE,2017-04-12 05:00:00,2017,102,05:00:00,102.21,63.0,0.0,31.0,0.0,25.0,18.0,0.0,1984.0,0.0,0.0,331.0,331.0,0.0,0.0,605.0,267.0,519.0,519.0,31.0,31.0,2811423
BOURGOGNE FRANCHE COMTE,2013-01-21 18:00:00,2013,21,18:00:00,21.75,453.0,0.0,85.0,0.0,349.0,14.0,0.0,2829.0,0.0,0.0,289.0,289.0,0.0,0.0,204.0,226.0,479.0,479.0,24.0,24.0,2819783
BOURGOGNE FRANCHE COMTE,2013-05-26 21:00:00,2013,146,21:00:00,146.88,28.0,0.0,10.0,0.0,107.0,14.0,0.0,2157.0,0.0,0.0,301.0,301.0,0.0,0.0,204.0,228.0,480.0,480.0,24.0,24.0,2819783
GRAND EST,2014-01-25 19:00:00,2014,25,19:00:00,25.79,199.0,11581.0,657.0,0.0,1279.0,81.0,0.0,-7202.0,0.0,0.0,3398.0,3283.0,10820.0,10820.0,1999.0,508.0,2283.0,2283.0,94.0,94.0,5554645
GRAND EST,2021-10-30 08:30:00,2021,303,08:30:00,303.35,32.0,6689.0,2461.0,2.0,430.0,157.0,-336.0,-4456.0,0.0,0.0,3589.0,3589.0,10820.0,10076.0,4046.0,950.0,2305.0,2103.0,209.0,209.0,5561287
CENTRE VAL DE LOIRE,2021-12-18 21:00:00,2021,352,21:00:00,352.88,75.0,8700.0,593.0,0.0,32.0,65.0,0.0,-6836.0,0.0,0.0,229.0,229.0,11630.0,10735.0,1381.0,692.0,92.0,92.0,90.0,90.0,2573303
PAYS DE LA LOIRE,2018-04-17 21:00:00,2018,107,21:00:00,107.88,1012.0,0.0,13.0,0.0,5.0,49.0,0.0,1633.0,0.0,0.0,1968.0,1871.0,0.0,0.0,796.0,541.0,8.0,8.0,69.0,69.0,3781423
PROVENCE ALPES COTE D AZUR,2020-05-19 21:00:00,2020,140,21:00:00,140.88,1139.0,0.0,17.0,2.0,2120.0,84.0,0.0,223.0,0.0,0.0,2710.0,2300.0,0.0,0.0,48.0,1459.0,3259.0,3259.0,357.0,207.0,5098666
OCCITANIE,2014-03-29 23:30:00,2014,88,23:30:00,88.98,61.0,2355.0,504.0,0.0,2289.0,99.0,-421.0,-220.0,0.0,0.0,251.0,251.0,2620.0,2620.0,897.0,1219.0,5399.0,5399.0,127.0,127.0,5730753
CENTRE VAL DE LOIRE,2017-06-23 13:00:00,2017,174,13:00:00,174.54,0.0,7366.0,159.0,98.0,0.0,61.0,0.0,-5440.0,0.0,0.0,198.0,198.0,11630.0,10626.0,947.0,269.0,91.0,91.0,76.0,76.0,2576252
NORMANDIE,2018-11-05 13:30:00,2018,309,13:30:00,309.56,368.0,6427.0,81.0,50.0,5.0,36.0,0.0,-3428.0,0.0,0.0,821.0,251.0,10640.0,9310.0,758.0,251.0,31.0,31.0,105.0,105.0,3327477
HAUTS DE FRANCE,2020-07-23 12:30:00,2020,205,12:30:00,205.52,1133.0,3456.0,46.0,93.0,1.0,113.0,0.0,844.0,0.0,0.0,2983.0,2697.0,5460.0,4550.0,5120.0,244.0,5.0,5.0,181.0,181.0,5997734
PAYS DE LA LOIRE,2021-03-17 09:30:00,2021,76,09:30:00,76.4,1072.0,0.0,304.0,149.0,5.0,45.0,0.0,2349.0,0.0,0.0,2055.0,2055.0,0.0,0.0,1065.0,702.0,10.0,10.0,78.0,78.0,3853999
OCCITANIE,2013-05-08 06:00:00,2013,128,06:00:00,128.25,-2.0,1530.0,20.0,0.0,1485.0,67.0,-958.0,487.0,0.0,0.0,245.0,245.0,2620.0,2620.0,861.0,1055.0,5379.0,5379.0,126.0,126.0,5683878
PAYS DE LA LOIRE,2020-03-01 23:00:00,2020,61,23:00:00,61.96,173.0,0.0,589.0,0.0,4.0,55.0,0.0,3157.0,0.0,0.0,2050.0,1857.0,0.0,0.0,989.0,630.0,10.0,10.0,76.0,76.0,3832120
BRETAGNE,2022-10-27 11:30:00,2022,300,11:30:00,300.48,496.0,0.0,215.0,77.0,3.0,50.0,-1.0,1621.0,0.0,0.0,1432.0,1432.0,0.0,0.0,1220.0,405.0,272.0,272.0,83.0,83.0,3414637
AUVERGNE RHONE ALPES,2017-08-28 13:00:00,2017,240,13:00:00,240.54,370.0,11210.0,5.0,452.0,2929.0,83.0,-19.0,-7237.0,0.0,0.0,985.0,985.0,13570.0,12655.0,486.0,962.0,11246.0,11048.0,178.0,178.0,7948287
NORMANDIE,2017-03-24 20:00:00,2017,83,20:00:00,83.83,991.0,5985.0,247.0,0.0,22.0,37.0,0.0,-3527.0,0.0,0.0,785.0,485.0,10640.0,9386.0,622.0,220.0,31.0,31.0,97.0,97.0,3330478
CENTRE VAL DE LOIRE,2013-12-01 21:30:00,2013,335,21:30:00,335.9,76.0,8828.0,990.0,0.0,2.0,39.0,0.0,-6514.0,0.0,0.0,162.0,162.0,11630.0,11630.0,739.0,214.0,91.0,91.0,56.0,56.0,2570548
BOURGOGNE FRANCHE COMTE,2018-08-05 12:00:00,2018,217,12:00:00,217.5,25.0,0.0,35.0,175.0,12.0,28.0,-1.0,1594.0,0.0,0.0,386.0,386.0,0.0,0.0,708.0,308.0,520.0,443.0,37.0,37.0,2807807
GRAND EST,2019-08-01 09:30:00,2019,213,09:30:00,213.4,1123.0,5819.0,28.0,297.0,971.0,101.0,0.0,-3738.0,0.0,0.0,3531.0,3111.0,10820.0,9631.0,3434.0,590.0,2302.0,2030.0,172.0,172.0,5556219
CENTRE VAL DE LOIRE,2020-10-23 15:00:00,2020,297,15:00:00,297.62,12.0,6497.0,176.0,110.0,15.0,62.0,0.0,-4857.0,0.0,0.0,229.0,229.0,11630.0,10658.0,1256.0,400.0,92.0,92.0,88.0,88.0,2574863
BOURGOGNE FRANCHE COMTE,2015-12-22 12:30:00,2015,356,12:30:00,356.52,106.0,0.0,156.0,76.0,47.0,23.0,0.0,2572.0,0.0,0.0,329.0,84.0,0.0,0.0,414.0,262.0,513.0,373.0,29.0,29.0,2820940
BOURGOGNE FRANCHE COMTE,2017-07-22 08:30:00,2017,203,08:30:00,203.35,28.0,0.0,87.0,35.0,21.0,20.0,0.0,1663.0,0.0,0.0,331.0,331.0,0.0,0.0,605.0,270.0,519.0,519.0,33.0,33.0,2811423
BOURGOGNE FRANCHE COMTE,2014-02-04 07:30:00,2014,35,07:30:00,35.31,99.0,0.0,41.0,0.0,229.0,18.0,0.0,3033.0,0.0,0.0,313.0,68.0,0.0,0.0,230.0,242.0,507.0,507.0,25.0,25.0,2820623
GRAND EST,2017-05-21 12:00:00,2017,141,12:00:00,141.5,38.0,8274.0,89.0,336.0,1075.0,92.0,0.0,-5631.0,0.0,0.0,3453.0,2949.0,10820.0,9652.0,2891.0,536.0,2298.0,2029.0,140.0,140.0,5549586
OCCITANIE,2022-06-17 11:00:00,2022,168,11:00:00,168.46,0.0,1200.0,47.0,1562.0,754.0,65.0,-25.0,1224.0,0.0,0.0,326.0,326.0,2620.0,1612.0,1593.0,2955.0,5503.0,5317.0,174.0,174.0,6067101
AUVERGNE RHONE ALPES,2013-07-04 02:30:00,2013,185,02:30:00,185.1,39.0,8628.0,74.0,0.0,3443.0,69.0,-1317.0,-4903.0,0.0,0.0,919.0,919.0,13570.0,13570.0,335.0,720.0,11116.0,11116.0,106.0,106.0,7757595
ILE DE FRANCE,2017-01-26 18:30:00,2017,26,18:30:00,26.77,2463.0,0.0,12.0,0.0,8.0,147.0,0.0,11809.0,0.0,0.0,2149.0,1712.0,0.0,0.0,61.0,116.0,19.0,19.0,301.0,301.0,12174880
OCCITANIE,2014-01-30 03:30:00,2014,30,03:30:00,30.15,63.0,2326.0,68.0,0.0,1263.0,83.0,-887.0,1914.0,0.0,0.0,251.0,251.0,2620.0,2620.0,889.0,1209.0,5397.0,5397.0,127.0,127.0,5730753
PAYS DE LA LOIRE,2018-03-03 06:00:00,2018,62,06:00:00,62.25,601.0,0.0,322.0,0.0,4.0,47.0,0.0,2685.0,0.0,0.0,1957.0,1594.0,0.0,0.0,796.0,536.0,8.0,8.0,69.0,69.0,3781423
OCCITANIE,2016-11-02 07:00:00,2016,307,07:00:00,307.29,59.0,2517.0,69.0,0.0,289.0,90.0,-36.0,928.0,0.0,0.0,266.0,266.0,2620.0,2620.0,1147.0,1653.0,5463.0,5236.0,140.0,140.0,5808435
AUVERGNE RHONE ALPES,2022-10-01 05:00:00,2022,274,05:00:00,274.21,22.0,5261.0,241.0,0.0,1539.0,109.0,-1386.0,-527.0,0.0,0.0,1050.0,630.0,13570.0,12651.0,723.0,1789.0,11789.0,11674.0,208.0,208.0,8155762
BRETAGNE,2016-06-07 08:30:00,2016,159,08:30:00,159.35,1.0,0.0,11.0,20.0,51.0,26.0,-1.0,2212.0,0.0,0.0,771.0,686.0,0.0,0.0,853.0,227.0,275.0,275.0,56.0,56.0,3306529
AUVERGNE RHONE ALPES,2013-11-08 13:30:00,2013,312,13:30:00,312.56,180.0,9114.0,89.0,47.0,5417.0,73.0,-5.0,-6974.0,0.0,0.0,926.0,926.0,13570.0,13570.0,335.0,741.0,11125.0,11125.0,125.0,125.0,7757595
NORMANDIE,2020-04-16 08:00:00,2020,107,08:00:00,107.33,193.0,5100.0,142.0,4.0,16.0,62.0,0.0,-2845.0,0.0,0.0,833.0,253.0,10640.0,9310.0,816.0,263.0,31.0,31.0,110.0,110.0,3325522
GRAND EST,2019-08-17 19:00:00,2019,229,19:00:00,229.79,175.0,6618.0,745.0,34.0,1449.0,128.0,0.0,-5395.0,0.0,0.0,3531.0,3069.0,10820.0,9640.0,3445.0,591.0,2303.0,2032.0,172.0,172.0,5556219
PROVENCE ALPES COTE D AZUR,2016-04-05 08:00:00,2016,96,08:00:00,96.33,896.0,0.0,19.0,10.0,1288.0,111.0,0.0,1992.0,0.0,0.0,2614.0,2296.0,0.0,0.0,48.0,1006.0,3178.0,3178.0,204.0,204.0,5021928
NOUVELLE AQUITAINE,2022-01-13 21:30:00,2022,13,21:30:00,13.9,207.0,3685.0,482.0,1.0,1046.0,181.0,0.0,1745.0,0.0,0.0,578.0,578.0,6630.0,5135.0,1368.0,3460.0,1784.0,1666.0,356.0,356.0,6098051
GRAND EST,2019-05-08 13:00:00,2019,128,13:00:00,128.54,793.0,8221.0,1918.0,122.0,916.0,118.0,0.0,-6875.0,0.0,0.0,3531.0,3118.0,10820.0,9506.0,3368.0,566.0,2302.0,1991.0,169.0,169.0,5556219
PAYS DE LA LOIRE,2018-06-19 19:00:00,2018,170,19:00:00,170.79,3.0,0.0,45.0,157.0,4.0,39.0,0.0,2655.0,0.0,0.0,1968.0,1761.0,0.0,0.0,804.0,545.0,8.0,8.0,69.0,69.0,3781423
NOUVELLE AQUITAINE,2018-01-01 00:30:00,2018,1,00:30:00,1.02,144.0,4172.0,522.0,-1.0,779.0,183.0,0.0,-199.0,0.0,0.0,478.0,478.0,6630.0,5720.0,882.0,2219.0,1781.0,1781.0,307.0,307.0,5979778
NORMANDIE,2014-05-27 06:00:00,2014,147,06:00:00,147.25,235.0,8775.0,73.0,0.0,17.0,41.0,0.0,-6630.0,0.0,0.0,761.0,181.0,10640.0,10640.0,473.0,212.0,24.0,24.0,89.0,89.0,3335645
OCCITANIE,2020-06-11 10:30:00,2020,163,10:30:00,163.44,0.0,2501.0,60.0,689.0,1308.0,77.0,-132.0,-678.0,0.0,0.0,314.0,314.0,2620.0,1310.0,1579.0,2227.0,5493.0,5267.0,171.0,171.0,5973969
NORMANDIE,2016-04-08 09:00:00,2016,99,09:00:00,99.38,786.0,7479.0,21.0,11.0,20.0,48.0,0.0,-4447.0,0.0,0.0,773.0,773.0,10640.0,9778.0,563.0,217.0,31.0,31.0,95.0,95.0,3335929
BRETAGNE,2019-04-16 01:30:00,2019,106,01:30:00,106.06,1.0,0.0,33.0,0.0,45.0,47.0,-1.0,2567.0,0.0,0.0,956.0,871.0,0.0,0.0,1004.0,264.0,270.0,270.0,71.0,71.0,3354854
OCCITANIE,2016-01-14 20:30:00,2016,14,20:30:00,14.85,49.0,2586.0,558.0,0.0,1923.0,90.0,0.0,753.0,0.0,0.0,266.0,0.0,2620.0,2620.0,1098.0,1499.0,5461.0,5288.0,137.0,137.0,5808435
GRAND EST,2019-11-13 01:00:00,2019,317,01:00:00,317.04,1881.0,11758.0,941.0,0.0,927.0,117.0,-525.0,-9462.0,0.0,0.0,3532.0,3532.0,10820.0,9895.0,3479.0,604.0,2303.0,2090.0,175.0,175.0,5556219
ILE DE FRANCE,2021-08-02 12:30:00,2021,214,12:30:00,214.52,0.0,0.0,11.0,85.0,9.0,113.0,0.0,6267.0,0.0,0.0,2171.0,2171.0,0.0,0.0,148.0,174.0,20.0,20.0,314.0,314.0,12317279
GRAND EST,2018-07-25 03:30:00,2018,206,03:30:00,206.15,1491.0,8057.0,192.0,0.0,466.0,109.0,-515.0,-5794.0,0.0,0.0,3471.0,3006.0,10820.0,9501.0,3143.0,557.0,2300.0,1955.0,158.0,158.0,5550389
HAUTS DE FRANCE,2018-03-11 08:00:00,2018,70,08:00:00,70.33,494.0,3987.0,503.0,2.0,2.0,123.0,0.0,-87.0,0.0,0.0,2922.0,2922.0,5460.0,4550.0,3819.0,218.0,5.0,5.0,170.0,170.0,6004108
BRETAGNE,2016-09-09 07:30:00,2016,253,07:30:00,253.31,1.0,0.0,142.0,0.0,73.0,39.0,-1.0,2005.0,0.0,0.0,773.0,688.0,0.0,0.0,877.0,230.0,275.0,275.0,57.0,57.0,3306529
HAUTS DE FRANCE,2013-05-30 23:00:00,2013,150,23:00:00,150.96,455.0,3600.0,222.0,0.0,1.0,65.0,0.0,1429.0,0.0,0.0,2268.0,2268.0,5460.0,5460.0,2126.0,210.0,5.0,5.0,139.0,139.0,5987883
NOUVELLE AQUITAINE,2014-02-12 20:30:00,2014,43,20:30:00,43.85,135.0,6107.0,312.0,0.0,1098.0,140.0,0.0,-1059.0,0.0,0.0,421.0,421.0,6630.0,6630.0,381.0,1044.0,1760.0,1760.0,219.0,219.0,5879144
PAYS DE LA LOIRE,2020-12-11 06:00:00,2020,346,06:00:00,346.25,908.0,0.0,401.0,0.0,6.0,45.0,0.0,2001.0,0.0,0.0,2054.0,1861.0,0.0,0.0,1046.0,681.0,10.0,10.0,77.0,77.0,3832120
CENTRE VAL DE LOIRE,2022-01-06 11:30:00,2022,6,11:30:00,6.48,73.0,10593.0,8.0,150.0,54.0,57.0,0.0,-7511.0,0.0,0.0,229.0,229.0,11630.0,10928.0,1381.0,694.0,92.0,92.0,90.0,90.0,2572916
NOUVELLE AQUITAINE,2017-03-13 20:00:00,2017,72,20:00:00,72.83,256.0,5757.0,176.0,-1.0,968.0,188.0,0.0,-1583.0,0.0,0.0,465.0,465.0,6630.0,5720.0,734.0,1931.0,1780.0,1666.0,304.0,304.0,5956978
NOUVELLE AQUITAINE,2017-04-14 23:30:00,2017,104,23:30:00,104.98,88.0,5749.0,107.0,-1.0,527.0,207.0,0.0,-1991.0,0.0,0.0,465.0,465.0,6630.0,5720.0,734.0,1957.0,1780.0,1668.0,306.0,306.0,5956978
OCCITANIE,2013-09-03 00:30:00,2013,246,00:30:00,246.02,-2.0,1621.0,32.0,0.0,558.0,75.0,-63.0,1303.0,0.0,0.0,246.0,246.0,2620.0,2620.0,889.0,1109.0,5387.0,5387.0,126.0,126.0,5683878
NORMANDIE,2017-10-09 09:00:00,2017,282,09:00:00,282.38,724.0,3786.0,27.0,4.0,9.0,58.0,0.0,-1263.0,0.0,0.0,785.0,785.0,10640.0,9310.0,701.0,223.0,31.0,31.0,100.0,100.0,3330478
NOUVELLE AQUITAINE,2016-01-17 10:00:00,2016,17,10:00:00,17.42,177.0,6589.0,15.0,224.0,550.0,183.0,0.0,-952.0,0.0,0.0,429.0,429.0,6630.0,6630.0,547.0,1803.0,1778.0,1778.0,279.0,279.0,5935603
AUVERGNE RHONE ALPES,2013-01-31 01:30:00,2013,31,01:30:00,31.06,267.0,10791.0,103.0,0.0,3568.0,75.0,-1056.0,-5459.0,0.0,0.0,914.0,914.0,13570.0,12660.0,335.0,707.0,11114.0,11114.0,105.0,105.0,7757595
OCCITANIE,2014-04-04 00:30:00,2014,94,00:30:00,94.02,-4.0,2286.0,62.0,0.0,1643.0,80.0,0.0,403.0,0.0,0.0,251.0,251.0,2620.0,2620.0,897.0,1220.0,5400.0,5400.0,127.0,127.0,5730753
BRETAGNE,2013-02-17 03:30:00,2013,48,03:30:00,48.15,64.0,0.0,119.0,0.0,116.0,20.0,-1.0,2502.0,0.0,0.0,658.0,658.0,0.0,0.0,716.0,202.0,11.0,11.0,36.0,36.0,3258707
NOUVELLE AQUITAINE,2015-08-29 20:30:00,2015,241,20:30:00,241.85,10.0,3155.0,28.0,14.0,62.0,151.0,0.0,549.0,0.0,0.0,427.0,427.0,6630.0,5525.0,534.0,1535.0,1775.0,1775.0,239.0,239.0,5911482
ILE DE FRANCE,2016-02-19 22:00:00,2016,50,22:00:00,50.92,501.0,0.0,22.0,0.0,0.0,146.0,0.0,9852.0,0.0,0.0,2149.0,2149.0,0.0,0.0,61.0,114.0,19.0,19.0,300.0,300.0,12117132
NORMANDIE,2019-09-26 01:00:00,2019,269,01:00:00,269.04,167.0,3369.0,192.0,0.0,11.0,48.0,0.0,-1241.0,0.0,0.0,833.0,253.0,10640.0,9410.0,806.0,258.0,31.0,31.0,108.0,108.0,3325032
OCCITANIE,2017-04-26 16:30:00,2017,116,16:30:00,116.69,2.0,2552.0,559.0,270.0,1567.0,69.0,-11.0,-658.0,0.0,0.0,282.0,282.0,2620.0,1310.0,1194.0,1706.0,5475.0,5077.0,140.0,140.0,5845102
NOUVELLE AQUITAINE,2017-08-22 00:00:00,2017,234,00:00:00,234.0,44.0,4134.0,287.0,-1.0,108.0,172.0,0.0,-457.0,0.0,0.0,465.0,465.0,6630.0,5574.0,790.0,2007.0,1780.0,1670.0,306.0,306.0,5956978
BRETAGNE,2017-12-29 15:30:00,2017,363,15:30:00,363.65,207.0,0.0,759.0,11.0,13.0,44.0,-25.0,2195.0,0.0,0.0,899.0,899.0,0.0,0.0,942.0,249.0,270.0,270.0,67.0,67.0,3318904
HAUTS DE FRANCE,2014-09-27 18:00:00,2014,270,18:00:00,270.75,270.0,2862.0,61.0,23.0,1.0,83.0,0.0,1483.0,0.0,0.0,2289.0,2289.0,5460.0,5460.0,2432.0,212.0,5.0,5.0,141.0,141.0,6006156
OCCITANIE,2020-11-06 18:30:00,2020,311,18:30:00,311.77,62.0,1117.0,990.0,0.0,2302.0,81.0,0.0,56.0,0.0,0.0,318.0,318.0,2620.0,1310.0,1593.0,2317.0,5498.0,5268.0,172.0,172.0,5973969
BOURGOGNE FRANCHE COMTE,2017-05-31 22:00:00,2017,151,22:00:00,151.92,54.0,0.0,58.0,0.0,26.0,21.0,0.0,2101.0,0.0,0.0,331.0,331.0,0.0,0.0,605.0,268.0,519.0,403.0,32.0,32.0,2811423
AUVERGNE RHONE ALPES,2018-01-22 01:00:00,2018,22,01:00:00,22.04,187.0,10903.0,286.0,0.0,4009.0,138.0,-1539.0,-5871.0,0.0,0.0,1000.0,1000.0,13570.0,12704.0,548.0,1014.0,11254.0,10934.0,179.0,179.0,7994459
BRETAGNE,2022-07-25 13:30:00,2022,206,13:30:00,206.56,495.0,0.0,311.0,156.0,59.0,49.0,-1.0,1261.0,0.0,0.0,1432.0,1322.0,0.0,0.0,1191.0,376.0,272.0,272.0,83.0,83.0,3414637
ILE DE FRANCE,2014-06-10 03:00:00,2014,161,03:00:00,161.12,-4.0,0.0,0.0,0.0,6.0,96.0,0.0,4859.0,0.0,0.0,2122.0,2122.0,0.0,0.0,37.0,111.0,19.0,19.0,282.0,282.0,12027565
PROVENCE ALPES COTE D AZUR,2016-03-19 03:30:00,2016,79,03:30:00,79.15,159.0,0.0,0.0,0.0,1382.0,125.0,0.0,3061.0,0.0,0.0,2614.0,2296.0,0.0,0.0,48.0,999.0,3178.0,3054.0,204.0,204.0,5021928
HAUTS DE FRANCE,2017-09-24 18:00:00,2017,267,18:00:00,267.75,235.0,3419.0,198.0,24.0,1.0,108.0,0.0,406.0,0.0,0.0,2910.0,2636.0,5460.0,4710.0,3605.0,215.0,5.0,5.0,165.0,165.0,6003815
PAYS DE LA LOIRE,2020-07-07 12:00:00,2020,189,12:00:00,189.5,395.0,0.0,1.0,364.0,0.0,53.0,0.0,2292.0,0.0,0.0,2050.0,1731.0,0.0,0.0,1000.0,643.0,10.0,10.0,77.0,77.0,3832120
GRAND EST,2021-12-25 12:30:00,2021,359,12:30:00,359.52,961.0,4969.0,34.0,86.0,1182.0,149.0,0.0,-2447.0,0.0,0.0,3590.0,3590.0,10820.0,9901.0,4189.0,966.0,2306.0,2104.0,210.0,210.0,5561287
OCCITANIE,2018-01-05 11:30:00,2018,5,11:30:00,5.48,78.0,2425.0,51.0,537.0,2496.0,89.0,-16.0,-672.0,0.0,0.0,291.0,291.0,2620.0,2620.0,1365.0,1808.0,5481.0,5317.0,145.0,145.0,5885496
HAUTS DE FRANCE,2016-02-22 17:30:00,2016,53,17:30:00,53.73,898.0,4431.0,1004.0,1.0,2.0,115.0,0.0,526.0,0.0,0.0,2864.0,2748.0,5460.0,4550.0,2896.0,213.0,5.0,5.0,160.0,160.0,6006870
PAYS DE LA LOIRE,2021-04-15 01:00:00,2021,105,01:00:00,105.04,823.0,0.0,453.0,0.0,4.0,56.0,0.0,1993.0,0.0,0.0,2055.0,2055.0,0.0,0.0,1088.0,708.0,10.0,10.0,78.0,78.0,3853999
CENTRE VAL DE LOIRE,2020-08-31 04:00:00,2020,244,04:00:00,244.17,0.0,5475.0,250.0,0.0,1.0,58.0,0.0,-4597.0,0.0,0.0,229.0,229.0,11630.0,10637.0,1256.0,379.0,92.0,92.0,88.0,88.0,2574863
NORMANDIE,2015-03-12 19:30:00,2015,71,19:30:00,71.81,306.0,9156.0,132.0,0.0,21.0,68.0,0.0,-5757.0,0.0,0.0,761.0,181.0,10640.0,9310.0,510.0,214.0,24.0,24.0,93.0,93.0,3339131
OCCITANIE,2015-07-21 03:30:00,2015,202,03:30:00,202.15,-4.0,1646.0,63.0,0.0,354.0,91.0,-622.0,1715.0,0.0,0.0,266.0,0.0,2620.0,2620.0,1039.0,1419.0,5454.0,5227.0,133.0,133.0,5774185
AUVERGNE RHONE ALPES,2023-01-01 14:00:00,2023,1,14:00:00,1.58,155.0,8122.0,502.0,541.0,3560.0,116.0,-1127.0,-6075.0,0.0,0.0,1050.0,1050.0,13570.0,12784.0,723.0,1852.0,11791.0,11683.0,208.0,208.0,8197325
HAUTS DE FRANCE,2016-08-27 03:30:00,2016,240,03:30:00,240.15,698.0,2744.0,562.0,0.0,1.0,105.0,0.0,-26.0,0.0,0.0,2864.0,2595.0,5460.0,4632.0,3098.0,213.0,5.0,5.0,163.0,163.0,6006870
AUVERGNE RHONE ALPES,2013-11-24 14:00:00,2013,328,14:00:00,328.58,182.0,9121.0,81.0,30.0,3320.0,81.0,-491.0,-3800.0,0.0,0.0,926.0,926.0,13570.0,12445.0,335.0,743.0,11125.0,10973.0,125.0,125.0,7757595
BOURGOGNE FRANCHE COMTE,2016-06-07 01:00:00,2016,159,01:00:00,159.04,24.0,0.0,2.0,0.0,100.0,20.0,0.0,1637.0,0.0,0.0,329.0,329.0,0.0,0.0,426.0,264.0,513.0,373.0,30.0,30.0,2818338
BOURGOGNE FRANCHE COMTE,2019-01-06 20:30:00,2019,6,20:30:00,6.85,173.0,0.0,9.0,0.0,110.0,32.0,-1.0,2839.0,0.0,0.0,401.0,401.0,0.0,0.0,762.0,329.0,520.0,443.0,65.0,65.0,2805580
BOURGOGNE FRANCHE COMTE,2015-10-05 08:00:00,2015,278,08:00:00,278.33,23.0,0.0,113.0,0.0,66.0,14.0,0.0,2353.0,0.0,0.0,325.0,80.0,0.0,0.0,408.0,262.0,513.0,513.0,29.0,29.0,2820940
GRAND EST,2014-12-15 07:00:00,2014,349,07:00:00,349.29,2071.0,11159.0,345.0,0.0,669.0,83.0,0.0,-7998.0,0.0,0.0,3400.0,3200.0,10820.0,9940.0,2317.0,522.0,2284.0,2284.0,107.0,107.0,5554645
ILE DE FRANCE,2017-05-23 07:30:00,2017,143,07:30:00,143.31,-1.0,0.0,6.0,4.0,7.0,136.0,0.0,6623.0,0.0,0.0,2149.0,1892.0,0.0,0.0,73.0,116.0,19.0,19.0,301.0,301.0,12174880
GRAND EST,2015-03-26 17:30:00,2015,85,17:30:00,85.73,2324.0,6991.0,1129.0,16.0,912.0,74.0,-539.0,-4675.0,0.0,0.0,3420.0,3199.0,10820.0,9679.0,2352.0,523.0,2284.0,2284.0,109.0,109.0,5559051
PAYS DE LA LOIRE,2017-12-06 06:30:00,2017,340,06:30:00,340.27,1676.0,0.0,16.0,0.0,1.0,37.0,0.0,2304.0,0.0,0.0,1952.0,1267.0,0.0,0.0,786.0,528.0,8.0,8.0,69.0,69.0,3757600
HAUTS DE FRANCE,2013-08-30 21:00:00,2013,242,21:00:00,242.88,502.0,3566.0,208.0,0.0,0.0,62.0,0.0,736.0,0.0,0.0,2268.0,2268.0,5460.0,5460.0,2205.0,210.0,5.0,5.0,139.0,139.0,5987883
NORMANDIE,2017-07-20 16:30:00,2017,201,16:30:00,201.69,861.0,5904.0,321.0,61.0,7.0,59.0,0.0,-4440.0,0.0,0.0,785.0,785.0,10640.0,9518.0,637.0,222.0,31.0,31.0,99.0,99.0,3330478
GRAND EST,2022-02-20 00:30:00,2022,51,00:30:00,51.02,269.0,6221.0,3700.0,0.0,1373.0,166.0,0.0,-6276.0,0.0,0.0,3590.0,3376.0,10820.0,9823.0,4206.0,997.0,2306.0,2104.0,212.0,212.0,5563889
AUVERGNE RHONE ALPES,2020-02-05 01:00:00,2020,36,01:00:00,36.04,197.0,12291.0,244.0,0.0,3412.0,130.0,-436.0,-7350.0,0.0,0.0,1032.0,1032.0,13570.0,12993.0,647.0,1239.0,11741.0,11565.0,191.0,191.0,8078652
PAYS DE LA LOIRE,2017-01-25 05:30:00,2017,25,05:30:00,25.23,2236.0,0.0,57.0,0.0,1.0,48.0,0.0,2356.0,0.0,0.0,1905.0,1632.0,0.0,0.0,697.0,492.0,8.0,8.0,63.0,63.0,3757600
OCCITANIE,2018-06-16 13:30:00,2018,167,13:30:00,167.56,0.0,397.0,580.0,1067.0,2021.0,72.0,-667.0,313.0,0.0,0.0,295.0,295.0,2620.0,1535.0,1403.0,1903.0,5485.0,5286.0,146.0,146.0,5885496
NORMANDIE,2019-02-24 19:30:00,2019,55,19:30:00,55.81,478.0,7382.0,92.0,0.0,20.0,47.0,0.0,-4495.0,0.0,0.0,833.0,253.0,10640.0,9393.0,791.0,253.0,31.0,31.0,105.0,105.0,3325032
HAUTS DE FRANCE,2017-03-20 11:00:00,2017,79,11:00:00,79.46,1339.0,3636.0,1660.0,23.0,2.0,128.0,0.0,-143.0,0.0,0.0,2900.0,2625.0,5460.0,4550.0,3351.0,214.0,5.0,5.0,164.0,164.0,6003815
BRETAGNE,2013-02-04 14:00:00,2013,35,14:00:00,35.58,58.0,0.0,300.0,23.0,22.0,18.0,-54.0,3021.0,0.0,0.0,658.0,658.0,0.0,0.0,716.0,201.0,11.0,11.0,36.0,36.0,3258707
GRAND EST,2016-09-28 18:00:00,2016,272,18:00:00,272.75,1938.0,8759.0,373.0,74.0,627.0,75.0,0.0,-6901.0,0.0,0.0,3424.0,3177.0,10820.0,9625.0,2660.0,529.0,2295.0,2093.0,125.0,125.0,5555186
NORMANDIE,2022-03-30 20:00:00,2022,89,20:00:00,89.83,368.0,5066.0,83.0,2.0,16.0,97.0,0.0,-2245.0,0.0,0.0,852.0,852.0,10640.0,9391.0,920.0,309.0,31.0,31.0,148.0,148.0,3327604
HAUTS DE FRANCE,2013-10-16 04:00:00,2013,289,04:00:00,289.17,408.0,4414.0,108.0,0.0,1.0,63.0,0.0,267.0,0.0,0.0,2270.0,2270.0,5460.0,5460.0,2205.0,210.0,5.0,5.0,139.0,139.0,5987883
NORMANDIE,2019-10-13 18:00:00,2019,286,18:00:00,286.75,82.0,3633.0,297.0,7.0,10.0,57.0,0.0,-1730.0,0.0,0.0,833.0,253.0,10640.0,9421.0,806.0,259.0,31.0,31.0,108.0,108.0,3325032
ILE DE FRANCE,2013-01-25 11:00:00,2013,25,11:00:00,25.46,1811.0,0.0,0.0,3.0,0.0,122.0,0.0,12645.0,0.0,0.0,2121.0,2121.0,0.0,0.0,37.0,108.0,19.0,19.0,262.0,262.0,11959807
BRETAGNE,2018-01-26 00:00:00,2018,26,00:00:00,26.0,240.0,0.0,234.0,0.0,23.0,46.0,-1.0,3010.0,0.0,0.0,904.0,904.0,0.0,0.0,951.0,250.0,270.0,270.0,67.0,67.0,3335414
PROVENCE ALPES COTE D AZUR,2013-11-20 09:30:00,2013,324,09:30:00,324.4,934.0,0.0,14.0,104.0,1420.0,42.0,0.0,3245.0,0.0,0.0,2592.0,2268.0,0.0,0.0,45.0,755.0,3160.0,3160.0,151.0,151.0,4953675
OCCITANIE,2021-01-29 04:00:00,2021,29,04:00:00,29.17,85.0,2466.0,447.0,0.0,1738.0,82.0,-489.0,-95.0,0.0,0.0,318.0,318.0,2620.0,1310.0,1593.0,2397.0,5498.0,5264.0,172.0,172.0,6022176
NOUVELLE AQUITAINE,2016-06-09 13:00:00,2016,161,13:00:00,161.54,41.0,5677.0,30.0,1290.0,976.0,136.0,0.0,-3227.0,0.0,0.0,429.0,429.0,6630.0,5720.0,579.0,1867.0,1778.0,1672.0,280.0,280.0,5935603
BRETAGNE,2017-08-14 21:30:00,2017,226,21:30:00,226.9,1.0,0.0,5.0,0.0,0.0,47.0,-2.0,1803.0,0.0,0.0,848.0,763.0,0.0,0.0,916.0,240.0,270.0,270.0,66.0,66.0,3318904
BRETAGNE,2013-02-17 17:00:00,2013,48,17:00:00,48.71,64.0,0.0,187.0,39.0,139.0,21.0,-1.0,1842.0,0.0,0.0,658.0,658.0,0.0,0.0,716.0,202.0,11.0,11.0,36.0,36.0,3258707
OCCITANIE,2017-09-05 23:00:00,2017,248,23:00:00,248.96,0.0,1222.0,491.0,0.0,390.0,94.0,0.0,1969.0,0.0,0.0,282.0,282.0,2620.0,1310.0,1249.0,1743.0,5475.0,5233.0,140.0,140.0,5845102
OCCITANIE,2015-11-16 21:30:00,2015,320,21:30:00,320.9,58.0,2395.0,262.0,0.0,371.0,98.0,0.0,1279.0,0.0,0.0,266.0,0.0,2620.0,2620.0,1051.0,1466.0,5459.0,5226.0,137.0,137.0,5774185
AUVERGNE RHONE ALPES,2021-09-05 20:30:00,2021,248,20:30:00,248.85,26.0,9007.0,16.0,0.0,2554.0,125.0,-13.0,-5733.0,0.0,0.0,1047.0,1047.0,13570.0,12690.0,723.0,1517.0,11772.0,11633.0,208.0,208.0,8114361
AUVERGNE RHONE ALPES,2013-04-23 10:30:00,2013,113,10:30:00,113.44,48.0,10695.0,49.0,211.0,5804.0,57.0,-3.0,-8521.0,0.0,0.0,919.0,919.0,13570.0,13570.0,335.0,714.0,11115.0,10963.0,106.0,106.0,7757595
PAYS DE LA LOIRE,2014-11-10 14:00:00,2014,314,14:00:00,314.58,543.0,0.0,218.0,131.0,4.0,44.0,0.0,2155.0,0.0,0.0,1864.0,1814.0,0.0,0.0,527.0,434.0,7.0,7.0,58.0,58.0,3690833
GRAND EST,2019-08-08 16:00:00,2019,220,16:00:00,220.67,687.0,7461.0,90.0,477.0,794.0,109.0,-163.0,-5119.0,0.0,0.0,3531.0,3113.0,10820.0,9728.0,3434.0,591.0,2303.0,2032.0,172.0,172.0,5556219
NORMANDIE,2020-12-23 05:30:00,2020,358,05:30:00,358.23,316.0,7317.0,371.0,0.0,22.0,59.0,0.0,-5277.0,0.0,0.0,852.0,272.0,10640.0,9434.0,831.0,272.0,31.0,31.0,116.0,116.0,3325522
PAYS DE LA LOIRE,2013-12-31 13:00:00,2013,365,13:00:00,365.54,129.0,0.0,420.0,37.0,2.0,37.0,0.0,3604.0,0.0,0.0,1860.0,1860.0,0.0,0.0,518.0,400.0,6.0,6.0,58.0,58.0,3660852
BRETAGNE,2019-08-17 09:00:00,2019,229,09:00:00,229.38,1.0,0.0,123.0,8.0,0.0,50.0,-1.0,1646.0,0.0,0.0,960.0,960.0,0.0,0.0,1021.0,268.0,270.0,270.0,74.0,74.0,3354854
BRETAGNE,2013-10-27 10:00:00,2013,300,10:00:00,300.42,1.0,0.0,536.0,25.0,0.0,28.0,0.0,1270.0,0.0,0.0,669.0,669.0,0.0,0.0,730.0,206.0,251.0,251.0,48.0,48.0,3258707
GRAND EST,2015-11-13 18:30:00,2015,317,18:30:00,317.77,2170.0,10953.0,1720.0,0.0,850.0,85.0,0.0,-9508.0,0.0,0.0,3424.0,3203.0,10820.0,9510.0,2504.0,525.0,2285.0,2083.0,119.0,119.0,5559051
ILE DE FRANCE,2021-04-19 19:30:00,2021,109,19:30:00,109.81,0.0,0.0,1.0,12.0,9.0,158.0,0.0,7901.0,0.0,0.0,2171.0,2171.0,0.0,0.0,125.0,172.0,20.0,20.0,314.0,314.0,12317279
NOUVELLE AQUITAINE,2020-02-19 07:30:00,2020,50,07:30:00,50.31,235.0,6624.0,360.0,0.0,871.0,209.0,0.0,-1768.0,0.0,0.0,571.0,571.0,6630.0,6510.0,1089.0,2632.0,1783.0,1678.0,340.0,340.0,6033952
ILE DE FRANCE,2018-05-29 14:00:00,2018,149,14:00:00,149.58,-1.0,0.0,1.0,18.0,7.0,127.0,0.0,7663.0,0.0,0.0,2157.0,2094.0,0.0,0.0,88.0,122.0,20.0,20.0,306.0,306.0,12213447
PAYS DE LA LOIRE,2014-07-11 14:00:00,2014,192,14:00:00,192.58,11.0,0.0,62.0,109.0,1.0,42.0,0.0,2939.0,0.0,0.0,1864.0,1429.0,0.0,0.0,518.0,416.0,7.0,7.0,58.0,58.0,3690833
CENTRE VAL DE LOIRE,2013-03-14 19:00:00,2013,73,19:00:00,73.79,88.0,9653.0,244.0,0.0,20.0,24.0,0.0,-6665.0,0.0,0.0,157.0,157.0,11630.0,11630.0,662.0,208.0,91.0,91.0,49.0,49.0,2570548
PROVENCE ALPES COTE D AZUR,2021-08-17 16:00:00,2021,229,16:00:00,229.67,28.0,0.0,43.0,1002.0,724.0,73.0,0.0,2846.0,0.0,0.0,2715.0,2452.0,0.0,0.0,96.0,1656.0,3266.0,3235.0,357.0,357.0,5127840
OCCITANIE,2019-11-04 01:00:00,2019,308,01:00:00,308.04,63.0,1041.0,248.0,0.0,1024.0,89.0,-665.0,1790.0,0.0,0.0,307.0,307.0,2620.0,1310.0,1570.0,2145.0,5489.0,5312.0,146.0,146.0,5933185
PROVENCE ALPES COTE D AZUR,2020-02-09 22:00:00,2020,40,22:00:00,40.92,174.0,0.0,7.0,0.0,1612.0,106.0,0.0,3260.0,0.0,0.0,2705.0,2376.0,0.0,0.0,48.0,1447.0,3249.0,3249.0,357.0,207.0,5098666
PAYS DE LA LOIRE,2016-11-05 14:00:00,2016,310,14:00:00,310.58,524.0,0.0,40.0,146.0,0.0,44.0,0.0,2091.0,0.0,0.0,1889.0,1371.0,0.0,0.0,687.0,489.0,8.0,8.0,63.0,63.0,3737632
NORMANDIE,2016-04-02 14:00:00,2016,93,14:00:00,93.58,862.0,6181.0,82.0,15.0,19.0,55.0,0.0,-3819.0,0.0,0.0,773.0,473.0,10640.0,9700.0,553.0,217.0,31.0,31.0,95.0,95.0,3335929
GRAND EST,2020-11-05 18:30:00,2020,310,18:30:00,310.77,851.0,10505.0,1790.0,0.0,949.0,121.0,0.0,-8136.0,0.0,0.0,3585.0,3255.0,10820.0,9667.0,3833.0,670.0,2305.0,2103.0,190.0,190.0,5562651
OCCITANIE,2021-07-04 21:30:00,2021,185,21:30:00,185.9,0.0,1241.0,184.0,7.0,1248.0,64.0,-4.0,636.0,0.0,0.0,318.0,318.0,2620.0,2620.0,1593.0,2594.0,5499.0,5332.0,172.0,172.0,6022176
ILE DE FRANCE,2013-10-12 09:00:00,2013,285,09:00:00,285.38,260.0,0.0,4.0,1.0,10.0,133.0,0.0,7248.0,0.0,0.0,2121.0,1936.0,0.0,0.0,37.0,109.0,19.0,19.0,282.0,282.0,11959807
NOUVELLE AQUITAINE,2021-12-07 18:00:00,2021,341,18:00:00,341.75,197.0,2755.0,1154.0,0.0,1180.0,182.0,0.0,1364.0,0.0,0.0,578.0,578.0,6630.0,5135.0,1368.0,3391.0,1784.0,1784.0,356.0,356.0,6069352
HAUTS DE FRANCE,2021-11-07 03:00:00,2021,311,03:00:00,311.12,485.0,2488.0,2929.0,0.0,2.0,120.0,0.0,-763.0,0.0,0.0,2990.0,2990.0,5460.0,4550.0,5579.0,422.0,5.0,5.0,190.0,190.0,5995292
NOUVELLE AQUITAINE,2013-04-16 15:00:00,2013,106,15:00:00,106.62,33.0,4208.0,13.0,441.0,692.0,124.0,0.0,-865.0,0.0,0.0,421.0,421.0,6630.0,6630.0,356.0,965.0,1759.0,1759.0,210.0,210.0,5844177
NORMANDIE,2022-08-09 21:30:00,2022,221,21:30:00,221.9,214.0,4611.0,269.0,0.0,9.0,83.0,0.0,-2690.0,0.0,0.0,852.0,852.0,10640.0,9415.0,949.0,315.0,31.0,31.0,149.0,149.0,3327604
OCCITANIE,2013-04-09 20:30:00,2013,99,20:30:00,99.85,-3.0,2574.0,393.0,0.0,2193.0,48.0,0.0,-395.0,0.0,0.0,245.0,245.0,2620.0,2620.0,861.0,1052.0,5377.0,5377.0,126.0,126.0,5683878
NORMANDIE,2020-04-22 19:00:00,2020,113,19:00:00,113.79,194.0,5011.0,88.0,36.0,16.0,61.0,0.0,-2983.0,0.0,0.0,833.0,253.0,10640.0,9310.0,816.0,263.0,31.0,31.0,110.0,110.0,3325522
PROVENCE ALPES COTE D AZUR,2022-01-29 22:30:00,2022,29,22:30:00,29.94,1044.0,0.0,39.0,0.0,367.0,93.0,0.0,4238.0,0.0,0.0,2724.0,2460.0,0.0,0.0,96.0,1756.0,3266.0,3222.0,357.0,357.0,5150362
NORMANDIE,2016-06-13 05:30:00,2016,165,05:30:00,165.23,205.0,7208.0,161.0,0.0,2.0,40.0,0.0,-5492.0,0.0,0.0,773.0,193.0,10640.0,9310.0,563.0,218.0,31.0,31.0,95.0,95.0,3335929
NOUVELLE AQUITAINE,2020-10-12 20:30:00,2020,286,20:30:00,286.85,50.0,5455.0,133.0,0.0,737.0,150.0,0.0,-1302.0,0.0,0.0,576.0,576.0,6630.0,5410.0,1183.0,2756.0,1783.0,1678.0,347.0,347.0,6033952
BOURGOGNE FRANCHE COMTE,2016-08-15 07:30:00,2016,228,07:30:00,228.31,24.0,0.0,40.0,5.0,16.0,24.0,0.0,1275.0,0.0,0.0,329.0,329.0,0.0,0.0,446.0,264.0,513.0,513.0,30.0,30.0,2818338
BOURGOGNE FRANCHE COMTE,2020-12-29 20:00:00,2020,364,20:00:00,364.83,127.0,0.0,305.0,0.0,161.0,46.0,0.0,2290.0,0.0,0.0,401.0,401.0,0.0,0.0,906.0,396.0,523.0,523.0,71.0,71.0,2801695
OCCITANIE,2018-01-23 12:30:00,2018,23,12:30:00,23.52,80.0,2585.0,640.0,620.0,2474.0,69.0,-17.0,-1305.0,0.0,0.0,291.0,291.0,2620.0,2620.0,1365.0,1813.0,5481.0,5320.0,145.0,145.0,5885496
BOURGOGNE FRANCHE COMTE,2013-05-09 14:00:00,2013,129,14:00:00,129.58,29.0,0.0,11.0,62.0,88.0,14.0,0.0,1649.0,0.0,0.0,301.0,301.0,0.0,0.0,204.0,228.0,480.0,480.0,24.0,24.0,2819783
PROVENCE ALPES COTE D AZUR,2016-09-15 05:30:00,2016,259,05:30:00,259.23,1108.0,0.0,0.0,0.0,694.0,75.0,0.0,1409.0,0.0,0.0,2614.0,2369.0,0.0,0.0,48.0,1046.0,3192.0,3068.0,354.0,354.0,5021928
GRAND EST,2013-04-27 04:30:00,2013,117,04:30:00,117.19,97.0,9219.0,470.0,0.0,1224.0,50.0,-527.0,-6397.0,0.0,0.0,3398.0,3398.0,10820.0,10820.0,1859.0,502.0,2280.0,2280.0,86.0,86.0,5552388
BRETAGNE,2014-11-29 19:00:00,2014,333,19:00:00,333.79,93.0,0.0,125.0,0.0,191.0,41.0,-1.0,2266.0,0.0,0.0,712.0,712.0,0.0,0.0,781.0,217.0,272.0,272.0,52.0,52.0,3276543
GRAND EST,2018-01-03 05:00:00,2018,3,05:00:00,3.21,193.0,10582.0,2648.0,0.0,1164.0,89.0,-524.0,-9143.0,0.0,0.0,3471.0,3471.0,10820.0,9940.0,3053.0,551.0,2300.0,2002.0,145.0,145.0,5550389
PROVENCE ALPES COTE D AZUR,2020-11-13 18:00:00,2020,318,18:00:00,318.75,1270.0,0.0,8.0,0.0,1496.0,96.0,0.0,1840.0,0.0,0.0,2714.0,2382.0,0.0,0.0,96.0,1539.0,3262.0,3231.0,357.0,357.0,5098666
ILE DE FRANCE,2014-01-10 10:30:00,2014,10,10:30:00,10.44,241.0,0.0,0.0,2.0,3.0,132.0,0.0,11118.0,0.0,0.0,2122.0,2122.0,0.0,0.0,37.0,110.0,19.0,19.0,282.0,282.0,12027565
BRETAGNE,2021-06-27 11:00:00,2021,178,11:00:00,178.46,1.0,0.0,37.0,72.0,3.0,56.0,-48.0,1789.0,0.0,0.0,982.0,982.0,0.0,0.0,1093.0,325.0,272.0,272.0,81.0,81.0,3394567
ILE DE FRANCE,2016-12-04 22:00:00,2016,339,22:00:00,339.92,406.0,0.0,9.0,0.0,9.0,162.0,0.0,10319.0,0.0,0.0,2149.0,1564.0,0.0,0.0,61.0,116.0,19.0,19.0,301.0,301.0,12117132
NORMANDIE,2017-02-15 20:00:00,2017,46,20:00:00,46.83,670.0,6336.0,63.0,0.0,24.0,51.0,0.0,-3109.0,0.0,0.0,785.0,650.0,10640.0,9310.0,622.0,220.0,31.0,31.0,97.0,97.0,3330478
NORMANDIE,2013-08-15 09:00:00,2013,227,09:00:00,227.38,219.0,8485.0,15.0,15.0,14.0,47.0,0.0,-6595.0,0.0,0.0,761.0,181.0,10640.0,10640.0,444.0,209.0,23.0,23.0,88.0,88.0,3328364
AUVERGNE RHONE ALPES,2015-01-22 15:00:00,2015,22,15:00:00,22.62,662.0,12615.0,19.0,99.0,4375.0,84.0,-3.0,-7412.0,0.0,0.0,940.0,940.0,13570.0,12655.0,372.0,857.0,11166.0,10867.0,141.0,141.0,7877698
OCCITANIE,2017-12-11 22:30:00,2017,345,22:30:00,345.94,71.0,2488.0,598.0,0.0,977.0,92.0,0.0,1554.0,0.0,0.0,291.0,291.0,2620.0,2620.0,1308.0,1786.0,5481.0,5481.0,145.0,145.0,5845102
BOURGOGNE FRANCHE COMTE,2014-03-07 18:00:00,2014,66,18:00:00,66.75,102.0,0.0,7.0,7.0,273.0,22.0,0.0,2145.0,0.0,0.0,313.0,68.0,0.0,0.0,230.0,243.0,508.0,508.0,25.0,25.0,2820623
AUVERGNE RHONE ALPES,2020-07-05 04:00:00,2020,187,04:00:00,187.17,10.0,5529.0,115.0,1.0,2357.0,113.0,-910.0,-2610.0,0.0,0.0,1034.0,1034.0,13570.0,12655.0,647.0,1279.0,11746.0,11551.0,192.0,192.0,8078652
ILE DE FRANCE,2020-01-23 08:00:00,2020,23,08:00:00,23.33,1129.0,0.0,27.0,0.0,9.0,127.0,0.0,11885.0,0.0,0.0,2170.0,2102.0,0.0,0.0,108.0,143.0,20.0,20.0,314.0,314.0,12271794
NOUVELLE AQUITAINE,2014-03-14 05:30:00,2014,73,05:30:00,73.23,176.0,5696.0,26.0,0.0,775.0,108.0,0.0,-2114.0,0.0,0.0,421.0,421.0,6630.0,6630.0,408.0,1061.0,1761.0,1761.0,220.0,220.0,5879144
AUVERGNE RHONE ALPES,2021-05-24 00:00:00,2021,144,00:00:00,144.0,12.0,9584.0,43.0,0.0,4350.0,121.0,-4.0,-8132.0,0.0,0.0,1047.0,1047.0,13570.0,12690.0,723.0,1466.0,11769.0,11622.0,208.0,208.0,8114361
PROVENCE ALPES COTE D AZUR,2018-04-12 19:30:00,2018,102,19:30:00,102.81,39.0,0.0,0.0,16.0,1530.0,215.0,0.0,3966.0,0.0,0.0,2666.0,2304.0,0.0,0.0,48.0,1244.0,3233.0,3067.0,357.0,357.0,5052832
NORMANDIE,2022-06-18 16:30:00,2022,169,16:30:00,169.69,169.0,3647.0,136.0,137.0,9.0,79.0,0.0,-1841.0,0.0,0.0,852.0,852.0,10640.0,9373.0,933.0,313.0,31.0,31.0,149.0,149.0,3327604
NOUVELLE AQUITAINE,2017-12-18 06:30:00,2017,352,06:30:00,352.27,214.0,6616.0,482.0,-1.0,517.0,154.0,0.0,-1780.0,0.0,0.0,478.0,478.0,6630.0,6630.0,882.0,2219.0,1780.0,1780.0,307.0,307.0,5956978
BRETAGNE,2019-05-20 04:30:00,2019,140,04:30:00,140.19,1.0,0.0,77.0,0.0,175.0,51.0,-1.0,1301.0,0.0,0.0,956.0,871.0,0.0,0.0,1009.0,265.0,270.0,270.0,72.0,72.0,3354854
GRAND EST,2015-11-29 19:00:00,2015,333,19:00:00,333.79,196.0,12348.0,2272.0,0.0,1192.0,91.0,0.0,-10121.0,0.0,0.0,3424.0,3203.0,10820.0,10820.0,2548.0,525.0,2285.0,2083.0,119.0,119.0,5559051
GRAND EST,2017-09-09 10:30:00,2017,252,10:30:00,252.44,443.0,7586.0,1410.0,63.0,1386.0,93.0,0.0,-6511.0,0.0,0.0,3453.0,2949.0,10820.0,9586.0,2996.0,549.0,2298.0,1956.0,141.0,141.0,5549586
ILE DE FRANCE,2019-04-28 20:00:00,2019,118,20:00:00,118.83,-1.0,0.0,33.0,3.0,10.0,112.0,0.0,7253.0,0.0,0.0,2170.0,2047.0,0.0,0.0,88.0,126.0,20.0,20.0,306.0,306.0,12262544
NOUVELLE AQUITAINE,2022-10-01 02:00:00,2022,274,02:00:00,274.08,70.0,2670.0,904.0,0.0,127.0,180.0,0.0,-152.0,0.0,0.0,579.0,579.0,6630.0,5658.0,1592.0,3794.0,1786.0,1668.0,356.0,356.0,6098051
CENTRE VAL DE LOIRE,2018-04-17 00:00:00,2018,107,00:00:00,107.0,0.0,9219.0,12.0,0.0,53.0,52.0,0.0,-7227.0,0.0,0.0,216.0,216.0,11630.0,10750.0,996.0,286.0,91.0,91.0,76.0,76.0,2572853
BOURGOGNE FRANCHE COMTE,2013-07-14 04:00:00,2013,195,04:00:00,195.17,26.0,0.0,48.0,0.0,22.0,9.0,0.0,1371.0,0.0,0.0,301.0,301.0,0.0,0.0,204.0,229.0,480.0,480.0,24.0,24.0,2819783
AUVERGNE RHONE ALPES,2016-08-12 17:00:00,2016,225,17:00:00,225.71,17.0,7235.0,46.0,375.0,2297.0,115.0,-19.0,-4088.0,0.0,0.0,959.0,959.0,13570.0,12654.0,399.0,924.0,11223.0,11060.0,174.0,174.0,7916889
PAYS DE LA LOIRE,2020-08-09 11:00:00,2020,222,11:00:00,222.46,368.0,0.0,1.0,273.0,0.0,55.0,0.0,1402.0,0.0,0.0,2050.0,2050.0,0.0,0.0,1000.0,656.0,10.0,10.0,77.0,77.0,3832120
NOUVELLE AQUITAINE,2019-05-10 14:30:00,2019,130,14:30:00,130.6,28.0,5611.0,294.0,1119.0,528.0,195.0,0.0,-2699.0,0.0,0.0,538.0,538.0,6630.0,5720.0,999.0,2478.0,1782.0,1673.0,319.0,319.0,6010289
AUVERGNE RHONE ALPES,2019-05-20 11:00:00,2019,140,11:00:00,140.46,41.0,9683.0,130.0,183.0,6404.0,111.0,-7.0,-8319.0,0.0,0.0,1027.0,626.0,13570.0,12658.0,607.0,1152.0,11247.0,11075.0,189.0,189.0,8042936
NOUVELLE AQUITAINE,2015-09-03 06:00:00,2015,246,06:00:00,246.25,57.0,4604.0,69.0,0.0,97.0,153.0,0.0,-1596.0,0.0,0.0,427.0,427.0,6630.0,5720.0,534.0,1535.0,1775.0,1657.0,239.0,239.0,5911482
BRETAGNE,2014-07-12 19:30:00,2014,193,19:30:00,193.81,0.0,0.0,84.0,15.0,36.0,31.0,-1.0,1676.0,0.0,0.0,688.0,688.0,0.0,0.0,763.0,213.0,272.0,272.0,51.0,51.0,3276543
NOUVELLE AQUITAINE,2016-03-14 20:30:00,2016,74,20:30:00,74.85,155.0,5172.0,227.0,-1.0,1024.0,179.0,0.0,-630.0,0.0,0.0,429.0,429.0,6630.0,5658.0,559.0,1838.0,1778.0,1778.0,279.0,279.0,5935603
PROVENCE ALPES COTE D AZUR,2021-10-09 04:30:00,2021,282,04:30:00,282.19,27.0,0.0,1.0,0.0,307.0,68.0,-51.0,2948.0,0.0,0.0,2715.0,2452.0,0.0,0.0,96.0,1666.0,3266.0,3222.0,357.0,357.0,5127840
NORMANDIE,2020-11-18 01:30:00,2020,323,01:30:00,323.06,312.0,5821.0,261.0,0.0,13.0,69.0,0.0,-3386.0,0.0,0.0,852.0,852.0,10640.0,9367.0,831.0,271.0,31.0,31.0,115.0,115.0,3325522
HAUTS DE FRANCE,2017-12-25 07:00:00,2017,359,07:00:00,359.29,807.0,3933.0,1179.0,0.0,2.0,131.0,0.0,-613.0,0.0,0.0,2913.0,2913.0,5460.0,4550.0,3799.0,217.0,5.0,5.0,170.0,170.0,6003815
BRETAGNE,2017-12-13 12:00:00,2017,347,12:00:00,347.5,231.0,0.0,550.0,16.0,31.0,40.0,-1.0,2904.0,0.0,0.0,897.0,897.0,0.0,0.0,942.0,249.0,270.0,270.0,67.0,67.0,3318904
AUVERGNE RHONE ALPES,2018-08-09 00:00:00,2018,221,00:00:00,221.0,10.0,7233.0,118.0,0.0,3267.0,111.0,-20.0,-4766.0,0.0,0.0,1000.0,599.0,13570.0,12718.0,578.0,1093.0,11260.0,11075.0,180.0,180.0,7994459
PROVENCE ALPES COTE D AZUR,2017-03-18 08:00:00,2017,77,08:00:00,77.33,181.0,0.0,16.0,57.0,647.0,89.0,-51.0,3255.0,0.0,0.0,2630.0,2305.0,0.0,0.0,48.0,1060.0,3193.0,3018.0,354.0,354.0,5030890
PROVENCE ALPES COTE D AZUR,2017-04-11 12:00:00,2017,101,12:00:00,101.5,1269.0,0.0,42.0,695.0,907.0,144.0,0.0,1388.0,0.0,0.0,2630.0,2294.0,0.0,0.0,48.0,1064.0,3193.0,3193.0,354.0,354.0,5030890
AUVERGNE RHONE ALPES,2015-06-01 13:00:00,2015,152,13:00:00,152.54,53.0,8585.0,7.0,309.0,5127.0,85.0,-7.0,-6425.0,0.0,0.0,944.0,944.0,13570.0,12814.0,372.0,876.0,11183.0,10922.0,141.0,141.0,7877698
BRETAGNE,2013-02-19 23:00:00,2013,50,23:00:00,50.96,64.0,0.0,101.0,0.0,12.0,19.0,0.0,3347.0,0.0,0.0,658.0,658.0,0.0,0.0,716.0,202.0,11.0,11.0,36.0,36.0,3258707
GRAND EST,2014-09-01 22:30:00,2014,244,22:30:00,244.94,169.0,10620.0,11.0,0.0,1212.0,56.0,-363.0,-7042.0,0.0,0.0,3398.0,3198.0,10820.0,10820.0,2115.0,516.0,2283.0,2283.0,99.0,99.0,5554645
OCCITANIE,2022-08-17 14:00:00,2022,229,14:00:00,229.58,4.0,1238.0,88.0,991.0,832.0,94.0,0.0,705.0,0.0,0.0,326.0,326.0,2620.0,1310.0,1593.0,3006.0,5503.0,5338.0,174.0,174.0,6067101
OCCITANIE,2013-07-08 21:00:00,2013,189,21:00:00,189.88,-4.0,2337.0,25.0,16.0,1553.0,81.0,-28.0,-220.0,0.0,0.0,246.0,246.0,2620.0,2620.0,866.0,1071.0,5380.0,5380.0,126.0,126.0,5683878
OCCITANIE,2016-10-09 03:30:00,2016,283,03:30:00,283.15,0.0,2477.0,199.0,0.0,273.0,80.0,-33.0,-204.0,0.0,0.0,266.0,266.0,2620.0,2620.0,1142.0,1644.0,5463.0,5004.0,139.0,139.0,5808435
PROVENCE ALPES COTE D AZUR,2016-02-24 20:30:00,2016,55,20:30:00,55.85,1437.0,0.0,2.0,0.0,2036.0,126.0,0.0,2051.0,0.0,0.0,2614.0,2350.0,0.0,0.0,48.0,993.0,3178.0,3056.0,204.0,204.0,5021928
PAYS DE LA LOIRE,2018-12-05 10:30:00,2018,339,10:30:00,339.44,768.0,0.0,180.0,19.0,2.0,43.0,0.0,2978.0,0.0,0.0,2017.0,1884.0,0.0,0.0,869.0,559.0,8.0,8.0,70.0,70.0,3781423
OCCITANIE,2020-11-30 14:30:00,2020,335,14:30:00,335.6,77.0,1273.0,108.0,833.0,2095.0,81.0,0.0,421.0,0.0,0.0,318.0,318.0,2620.0,1310.0,1593.0,2346.0,5498.0,5285.0,172.0,172.0,5973969
BRETAGNE,2013-10-16 04:30:00,2013,289,04:30:00,289.19,1.0,0.0,118.0,0.0,0.0,23.0,0.0,1677.0,0.0,0.0,669.0,669.0,0.0,0.0,730.0,206.0,251.0,251.0,48.0,48.0,3258707
BOURGOGNE FRANCHE COMTE,2023-01-15 19:00:00,2023,15,19:00:00,15.79,152.0,0.0,784.0,0.0,206.0,52.0,0.0,1421.0,0.0,0.0,401.0,401.0,0.0,0.0,1067.0,643.0,524.0,524.0,76.0,76.0,2786296
NORMANDIE,2013-11-21 17:30:00,2013,325,17:30:00,325.73,1076.0,9055.0,77.0,0.0,10.0,50.0,0.0,-5481.0,0.0,0.0,761.0,761.0,10640.0,10640.0,444.0,210.0,24.0,24.0,88.0,88.0,3328364
GRAND EST,2020-03-26 14:00:00,2020,86,14:00:00,86.58,220.0,4937.0,1060.0,325.0,819.0,120.0,-340.0,-2372.0,0.0,0.0,3535.0,3031.0,10820.0,9588.0,3606.0,618.0,2303.0,2069.0,182.0,182.0,5562651
ILE DE FRANCE,2016-06-08 19:30:00,2016,160,19:30:00,160.81,-3.0,0.0,5.0,12.0,0.0,117.0,0.0,7719.0,0.0,0.0,2149.0,1620.0,0.0,0.0,61.0,114.0,19.0,19.0,300.0,300.0,12117132
BRETAGNE,2016-06-27 11:00:00,2016,179,11:00:00,179.46,5.0,0.0,56.0,40.0,0.0,35.0,-1.0,2271.0,0.0,0.0,771.0,686.0,0.0,0.0,865.0,227.0,275.0,275.0,56.0,56.0,3306529
PROVENCE ALPES COTE D AZUR,2018-10-29 10:30:00,2018,302,10:30:00,302.44,1819.0,0.0,40.0,114.0,832.0,91.0,0.0,1938.0,0.0,0.0,2666.0,2320.0,0.0,0.0,48.0,1300.0,3233.0,3109.0,357.0,207.0,5052832
BRETAGNE,2013-12-12 14:00:00,2013,346,14:00:00,346.58,74.0,0.0,60.0,20.0,4.0,26.0,0.0,3342.0,0.0,0.0,680.0,680.0,0.0,0.0,747.0,207.0,251.0,251.0,49.0,49.0,3258707
CENTRE VAL DE LOIRE,2015-09-18 03:30:00,2015,261,03:30:00,261.15,1.0,9526.0,355.0,0.0,0.0,48.0,0.0,-8380.0,0.0,0.0,166.0,166.0,11630.0,10800.0,842.0,240.0,91.0,91.0,71.0,71.0,2578592
CENTRE VAL DE LOIRE,2016-04-21 17:00:00,2016,112,17:00:00,112.71,0.0,8275.0,64.0,75.0,39.0,55.0,0.0,-6618.0,0.0,0.0,170.0,170.0,11630.0,10637.0,874.0,248.0,91.0,91.0,71.0,71.0,2577866
PROVENCE ALPES COTE D AZUR,2019-06-09 09:30:00,2019,160,09:30:00,160.4,67.0,0.0,6.0,266.0,1093.0,84.0,0.0,2029.0,0.0,0.0,2674.0,2280.0,0.0,0.0,48.0,1363.0,3241.0,3241.0,357.0,207.0,5081101
GRAND EST,2015-03-28 18:30:00,2015,87,18:30:00,87.77,179.0,7216.0,1124.0,3.0,856.0,78.0,0.0,-4294.0,0.0,0.0,3420.0,3160.0,10820.0,9572.0,2362.0,523.0,2284.0,2284.0,109.0,109.0,5559051
ILE DE FRANCE,2017-07-05 01:00:00,2017,186,01:00:00,186.04,0.0,0.0,10.0,0.0,6.0,190.0,0.0,5772.0,0.0,0.0,2149.0,1836.0,0.0,0.0,73.0,117.0,19.0,19.0,301.0,301.0,12174880
GRAND EST,2022-02-19 07:00:00,2022,50,07:00:00,50.29,269.0,6246.0,2213.0,0.0,1054.0,164.0,-326.0,-4126.0,0.0,0.0,3590.0,3376.0,10820.0,9823.0,4206.0,997.0,2306.0,2104.0,212.0,212.0,5563889
AUVERGNE RHONE ALPES,2018-03-28 22:00:00,2018,87,22:00:00,87.92,177.0,9353.0,171.0,0.0,3160.0,132.0,-336.0,-4382.0,0.0,0.0,1000.0,1000.0,13570.0,12557.0,578.0,1026.0,11254.0,11070.0,179.0,179.0,7994459
NOUVELLE AQUITAINE,2017-09-13 14:30:00,2017,256,14:30:00,256.6,46.0,4735.0,550.0,796.0,304.0,180.0,0.0,-1564.0,0.0,0.0,465.0,465.0,6630.0,5652.0,814.0,2016.0,1780.0,1670.0,306.0,306.0,5956978
HAUTS DE FRANCE,2014-10-05 05:00:00,2014,278,05:00:00,278.21,282.0,3529.0,499.0,0.0,1.0,69.0,0.0,-257.0,0.0,0.0,2301.0,2301.0,5460.0,5460.0,2449.0,212.0,5.0,5.0,142.0,142.0,6006156
CENTRE VAL DE LOIRE,2020-08-13 08:00:00,2020,226,08:00:00,226.33,14.0,6190.0,84.0,15.0,1.0,71.0,0.0,-4803.0,0.0,0.0,229.0,229.0,11630.0,10680.0,1256.0,377.0,92.0,92.0,88.0,88.0,2574863
PAYS DE LA LOIRE,2017-07-07 21:00:00,2017,188,21:00:00,188.88,1042.0,0.0,95.0,19.0,0.0,44.0,0.0,1428.0,0.0,0.0,1921.0,1322.0,0.0,0.0,727.0,501.0,8.0,8.0,66.0,66.0,3757600
NORMANDIE,2020-06-03 23:30:00,2020,155,23:30:00,155.98,194.0,4867.0,216.0,0.0,13.0,54.0,0.0,-2754.0,0.0,0.0,838.0,258.0,10640.0,9355.0,819.0,264.0,31.0,31.0,111.0,111.0,3325522
NOUVELLE AQUITAINE,2020-02-05 06:00:00,2020,36,06:00:00,36.25,239.0,6706.0,90.0,0.0,464.0,170.0,0.0,-1876.0,0.0,0.0,571.0,571.0,6630.0,6630.0,1089.0,2621.0,1783.0,1678.0,340.0,340.0,6033952
OCCITANIE,2020-08-03 19:00:00,2020,216,19:00:00,216.79,0.0,2192.0,1036.0,419.0,870.0,88.0,0.0,-409.0,0.0,0.0,314.0,314.0,2620.0,1365.0,1593.0,2268.0,5494.0,5233.0,171.0,171.0,5973969
BOURGOGNE FRANCHE COMTE,2019-01-03 22:00:00,2019,3,22:00:00,3.92,167.0,0.0,120.0,0.0,64.0,32.0,-3.0,2906.0,0.0,0.0,401.0,401.0,0.0,0.0,762.0,329.0,520.0,443.0,65.0,65.0,2805580
AUVERGNE RHONE ALPES,2019-07-26 15:30:00,2019,207,15:30:00,207.65,324.0,9077.0,162.0,477.0,2619.0,118.0,-16.0,-5018.0,0.0,0.0,1027.0,1027.0,13570.0,12781.0,635.0,1163.0,11247.0,11081.0,190.0,190.0,8042936
BRETAGNE,2022-08-22 09:30:00,2022,234,09:30:00,234.4,536.0,0.0,36.0,34.0,59.0,55.0,-1.0,1559.0,0.0,0.0,1432.0,1298.0,0.0,0.0,1197.0,379.0,272.0,272.0,83.0,83.0,3414637
AUVERGNE RHONE ALPES,2017-08-31 17:00:00,2017,243,17:00:00,243.71,388.0,10352.0,54.0,106.0,2052.0,99.0,-28.0,-5899.0,0.0,0.0,985.0,985.0,13570.0,12655.0,486.0,962.0,11246.0,11055.0,178.0,178.0,7948287
HAUTS DE FRANCE,2017-08-16 22:30:00,2017,228,22:30:00,228.94,938.0,4443.0,418.0,0.0,1.0,116.0,0.0,-1456.0,0.0,0.0,2910.0,2498.0,5460.0,4550.0,3557.0,215.0,5.0,5.0,165.0,165.0,6003815
HAUTS DE FRANCE,2019-06-10 21:00:00,2019,161,21:00:00,161.88,458.0,2639.0,728.0,3.0,1.0,118.0,0.0,669.0,0.0,0.0,2969.0,2717.0,5460.0,4598.0,4517.0,236.0,5.0,5.0,178.0,178.0,6004947
AUVERGNE RHONE ALPES,2017-05-09 15:00:00,2017,129,15:00:00,129.62,407.0,7846.0,113.0,502.0,2693.0,88.0,-7.0,-3888.0,0.0,0.0,985.0,985.0,13570.0,12556.0,486.0,948.0,11239.0,11072.0,178.0,178.0,7948287
OCCITANIE,2016-11-29 21:30:00,2016,334,21:30:00,334.9,64.0,2504.0,339.0,0.0,1417.0,97.0,-4.0,854.0,0.0,0.0,273.0,273.0,2620.0,2620.0,1172.0,1667.0,5463.0,5236.0,140.0,140.0,5808435
PAYS DE LA LOIRE,2022-08-02 12:00:00,2022,214,12:00:00,214.5,67.0,0.0,9.0,531.0,0.0,58.0,0.0,2276.0,0.0,0.0,2068.0,1609.0,0.0,0.0,1662.0,875.0,10.0,10.0,80.0,80.0,3878839
PAYS DE LA LOIRE,2020-10-09 04:30:00,2020,283,04:30:00,283.19,0.0,0.0,182.0,0.0,1.0,50.0,0.0,2009.0,0.0,0.0,2050.0,1760.0,0.0,0.0,1035.0,662.0,10.0,10.0,77.0,77.0,3832120
PAYS DE LA LOIRE,2018-09-11 22:00:00,2018,254,22:00:00,254.92,10.0,0.0,59.0,0.0,0.0,36.0,0.0,2411.0,0.0,0.0,1976.0,1745.0,0.0,0.0,824.0,550.0,8.0,8.0,70.0,70.0,3781423
BRETAGNE,2020-01-08 03:30:00,2020,8,03:30:00,8.15,254.0,0.0,288.0,0.0,4.0,53.0,-1.0,1941.0,0.0,0.0,978.0,978.0,0.0,0.0,1021.0,276.0,272.0,272.0,77.0,77.0,3373835
NOUVELLE AQUITAINE,2018-11-14 09:30:00,2018,318,09:30:00,318.4,241.0,6716.0,199.0,299.0,226.0,191.0,0.0,-1934.0,0.0,0.0,527.0,527.0,6630.0,6630.0,965.0,2414.0,1781.0,1781.0,318.0,318.0,5979778
NORMANDIE,2018-08-09 08:00:00,2018,221,08:00:00,221.33,683.0,8119.0,144.0,1.0,11.0,48.0,0.0,-6625.0,0.0,0.0,813.0,233.0,10640.0,9389.0,712.0,250.0,31.0,31.0,104.0,104.0,3327477
OCCITANIE,2015-10-23 17:00:00,2015,296,17:00:00,296.71,-4.0,2479.0,25.0,395.0,918.0,83.0,0.0,-75.0,0.0,0.0,266.0,0.0,2620.0,2620.0,1039.0,1461.0,5456.0,5169.0,137.0,137.0,5774185
GRAND EST,2018-06-15 02:30:00,2018,166,02:30:00,166.1,35.0,9407.0,30.0,0.0,1300.0,104.0,-358.0,-6204.0,0.0,0.0,3471.0,3009.0,10820.0,9757.0,3104.0,555.0,2300.0,1960.0,157.0,157.0,5550389
BRETAGNE,2019-03-15 06:30:00,2019,74,06:30:00,74.27,248.0,0.0,621.0,0.0,94.0,48.0,-1.0,1934.0,0.0,0.0,956.0,956.0,0.0,0.0,1004.0,263.0,270.0,270.0,71.0,71.0,3354854
ILE DE FRANCE,2022-05-13 05:00:00,2022,133,05:00:00,133.21,0.0,0.0,7.0,0.0,4.0,161.0,0.0,4722.0,0.0,0.0,2171.0,2022.0,0.0,0.0,148.0,218.0,20.0,20.0,314.0,314.0,12354286
CENTRE VAL DE LOIRE,2015-12-16 05:00:00,2015,350,05:00:00,350.21,72.0,11161.0,508.0,0.0,1.0,51.0,0.0,-9713.0,0.0,0.0,168.0,168.0,11630.0,11630.0,842.0,242.0,91.0,91.0,71.0,71.0,2578592
ILE DE FRANCE,2019-07-23 22:00:00,2019,204,22:00:00,204.92,-1.0,0.0,24.0,0.0,4.0,136.0,0.0,6769.0,0.0,0.0,2170.0,2078.0,0.0,0.0,108.0,127.0,20.0,20.0,314.0,314.0,12262544
NORMANDIE,2021-12-23 06:00:00,2021,357,06:00:00,357.25,342.0,7568.0,395.0,0.0,13.0,89.0,0.0,-4167.0,0.0,0.0,852.0,852.0,10640.0,9443.0,911.0,305.0,31.0,31.0,148.0,148.0,3327966
PAYS DE LA LOIRE,2019-03-09 15:30:00,2019,68,15:30:00,68.65,173.0,0.0,294.0,73.0,5.0,50.0,0.0,2412.0,0.0,0.0,2037.0,1650.0,0.0,0.0,897.0,569.0,8.0,8.0,70.0,70.0,3806461
BOURGOGNE FRANCHE COMTE,2017-07-24 14:00:00,2017,205,14:00:00,205.58,24.0,0.0,199.0,88.0,16.0,17.0,0.0,2014.0,0.0,0.0,331.0,331.0,0.0,0.0,605.0,270.0,519.0,519.0,33.0,33.0,2811423
NOUVELLE AQUITAINE,2016-12-06 10:00:00,2016,341,10:00:00,341.42,242.0,5225.0,46.0,379.0,303.0,150.0,0.0,529.0,0.0,0.0,450.0,450.0,6630.0,5135.0,676.0,1915.0,1779.0,1779.0,293.0,293.0,5935603
PROVENCE ALPES COTE D AZUR,2018-06-25 08:00:00,2018,176,08:00:00,176.33,49.0,0.0,11.0,156.0,2046.0,82.0,0.0,1457.0,0.0,0.0,2666.0,2267.0,0.0,0.0,48.0,1269.0,3233.0,3074.0,357.0,207.0,5052832
HAUTS DE FRANCE,2014-08-20 10:30:00,2014,232,10:30:00,232.44,330.0,3491.0,35.0,44.0,2.0,98.0,0.0,1166.0,0.0,0.0,2289.0,2289.0,5460.0,5460.0,2372.0,212.0,5.0,5.0,139.0,139.0,6006156
BRETAGNE,2020-05-11 01:30:00,2020,132,01:30:00,132.06,1.0,0.0,821.0,0.0,45.0,52.0,-1.0,849.0,0.0,0.0,978.0,893.0,0.0,0.0,1028.0,281.0,272.0,272.0,79.0,79.0,3373835
GRAND EST,2014-08-18 02:30:00,2014,230,02:30:00,230.1,36.0,7061.0,855.0,0.0,1293.0,59.0,-539.0,-5411.0,0.0,0.0,3398.0,3198.0,10820.0,10820.0,2112.0,516.0,2283.0,2283.0,98.0,98.0,5554645
PROVENCE ALPES COTE D AZUR,2020-08-09 20:30:00,2020,222,20:30:00,222.85,1209.0,0.0,0.0,6.0,1025.0,81.0,0.0,2074.0,0.0,0.0,2710.0,2284.0,0.0,0.0,48.0,1497.0,3261.0,3151.0,357.0,207.0,5098666
HAUTS DE FRANCE,2019-01-07 14:30:00,2019,7,14:30:00,7.6,1771.0,5475.0,868.0,7.0,2.0,124.0,0.0,-848.0,0.0,0.0,2969.0,2738.0,5460.0,5460.0,4359.0,235.0,5.0,5.0,177.0,177.0,6004947
HAUTS DE FRANCE,2021-08-11 01:30:00,2021,223,01:30:00,223.06,517.0,2579.0,279.0,0.0,2.0,122.0,0.0,706.0,0.0,0.0,2990.0,2990.0,5460.0,4550.0,5523.0,406.0,5.0,5.0,183.0,183.0,5995292
PROVENCE ALPES COTE D AZUR,2019-05-28 11:00:00,2019,148,11:00:00,148.46,1176.0,0.0,30.0,569.0,2089.0,112.0,0.0,332.0,0.0,0.0,2674.0,2283.0,0.0,0.0,48.0,1363.0,3241.0,3241.0,357.0,207.0,5081101
GRAND EST,2015-04-10 22:00:00,2015,100,22:00:00,100.92,881.0,5918.0,946.0,0.0,1097.0,76.0,0.0,-3891.0,0.0,0.0,3420.0,3160.0,10820.0,9560.0,2376.0,524.0,2284.0,2284.0,109.0,109.0,5559051
NOUVELLE AQUITAINE,2020-02-10 15:00:00,2020,41,15:00:00,41.62,216.0,6499.0,942.0,532.0,291.0,207.0,0.0,-2940.0,0.0,0.0,571.0,571.0,6630.0,6630.0,1089.0,2622.0,1783.0,1678.0,340.0,340.0,6033952
ILE DE FRANCE,2022-05-21 21:30:00,2022,141,21:30:00,141.9,0.0,0.0,19.0,0.0,6.0,171.0,0.0,5852.0,0.0,0.0,2171.0,2018.0,0.0,0.0,148.0,218.0,20.0,20.0,314.0,314.0,12354286
HAUTS DE FRANCE,2019-12-15 05:00:00,2019,349,05:00:00,349.21,450.0,3456.0,3648.0,0.0,2.0,121.0,0.0,-2346.0,0.0,0.0,2970.0,2970.0,5460.0,4550.0,4845.0,240.0,5.0,5.0,180.0,180.0,6004947
GRAND EST,2019-12-14 11:00:00,2019,348,11:00:00,348.46,266.0,12005.0,3136.0,153.0,972.0,119.0,0.0,-10636.0,0.0,0.0,3532.0,3532.0,10820.0,9940.0,3523.0,607.0,2303.0,2089.0,178.0,178.0,5556219
AUVERGNE RHONE ALPES,2018-04-24 06:00:00,2018,114,06:00:00,114.25,19.0,9071.0,48.0,0.0,3491.0,105.0,-1154.0,-5299.0,0.0,0.0,1000.0,1000.0,13570.0,12550.0,578.0,1043.0,11259.0,11059.0,179.0,179.0,7994459
PAYS DE LA LOIRE,2014-04-08 20:30:00,2014,98,20:30:00,98.85,870.0,0.0,47.0,3.0,4.0,34.0,0.0,2003.0,0.0,0.0,1864.0,1429.0,0.0,0.0,518.0,409.0,6.0,6.0,58.0,58.0,3690833
PROVENCE ALPES COTE D AZUR,2017-07-15 11:30:00,2017,196,11:30:00,196.48,512.0,0.0,43.0,673.0,1160.0,161.0,0.0,2035.0,0.0,0.0,2630.0,2227.0,0.0,0.0,48.0,1149.0,3220.0,3220.0,354.0,354.0,5030890
PROVENCE ALPES COTE D AZUR,2021-01-10 02:00:00,2021,10,02:00:00,10.08,1710.0,0.0,32.0,0.0,776.0,104.0,0.0,3534.0,0.0,0.0,2715.0,2386.0,0.0,0.0,96.0,1543.0,3266.0,3235.0,357.0,357.0,5127840
CENTRE VAL DE LOIRE,2014-02-07 08:30:00,2014,38,08:30:00,38.35,76.0,10312.0,672.0,0.0,58.0,48.0,0.0,-8210.0,0.0,0.0,162.0,162.0,11630.0,11325.0,739.0,214.0,91.0,91.0,56.0,56.0,2577435
NOUVELLE AQUITAINE,2015-03-01 00:30:00,2015,60,00:30:00,60.02,147.0,4708.0,306.0,0.0,826.0,173.0,0.0,-374.0,0.0,0.0,427.0,427.0,6630.0,5720.0,479.0,1428.0,1774.0,1774.0,234.0,234.0,5911482
NOUVELLE AQUITAINE,2022-08-24 06:00:00,2022,236,06:00:00,236.25,41.0,1043.0,213.0,0.0,24.0,178.0,0.0,2052.0,0.0,0.0,579.0,579.0,6630.0,5659.0,1565.0,3753.0,1786.0,1677.0,356.0,356.0,6098051
ILE DE FRANCE,2021-03-14 04:00:00,2021,73,04:00:00,73.17,389.0,0.0,85.0,0.0,9.0,145.0,0.0,6717.0,0.0,0.0,2171.0,2171.0,0.0,0.0,125.0,171.0,20.0,20.0,314.0,314.0,12317279
ILE DE FRANCE,2013-01-08 21:00:00,2013,8,21:00:00,8.88,1101.0,0.0,0.0,0.0,0.0,128.0,0.0,10663.0,0.0,0.0,2121.0,2121.0,0.0,0.0,37.0,108.0,19.0,19.0,262.0,262.0,11959807
PROVENCE ALPES COTE D AZUR,2013-07-09 16:30:00,2013,190,16:30:00,190.69,524.0,0.0,8.0,187.0,1256.0,68.0,0.0,2956.0,0.0,0.0,2590.0,2316.0,0.0,0.0,45.0,716.0,3158.0,3158.0,151.0,151.0,4953675
NOUVELLE AQUITAINE,2017-06-09 18:30:00,2017,160,18:30:00,160.77,42.0,4148.0,71.0,454.0,295.0,185.0,0.0,-942.0,0.0,0.0,465.0,465.0,6630.0,5369.0,742.0,1965.0,1780.0,1669.0,306.0,306.0,5956978
BOURGOGNE FRANCHE COMTE,2020-11-29 10:00:00,2020,334,10:00:00,334.42,119.0,0.0,292.0,19.0,34.0,49.0,0.0,2118.0,0.0,0.0,401.0,401.0,0.0,0.0,889.0,393.0,523.0,523.0,71.0,71.0,2801695
NOUVELLE AQUITAINE,2022-01-11 20:00:00,2022,11,20:00:00,11.83,290.0,3738.0,458.0,1.0,1392.0,200.0,0.0,913.0,0.0,0.0,578.0,578.0,6630.0,5135.0,1368.0,3449.0,1784.0,1666.0,356.0,356.0,6098051
ILE DE FRANCE,2015-05-10 18:00:00,2015,130,18:00:00,130.75,-7.0,0.0,0.0,28.0,0.0,95.0,0.0,5982.0,0.0,0.0,2144.0,1839.0,0.0,0.0,37.0,113.0,19.0,19.0,286.0,286.0,12082144
CENTRE VAL DE LOIRE,2013-05-26 15:00:00,2013,146,15:00:00,146.62,7.0,6054.0,51.0,96.0,60.0,31.0,0.0,-4663.0,0.0,0.0,162.0,162.0,11630.0,10725.0,662.0,209.0,91.0,91.0,49.0,49.0,2570548
AUVERGNE RHONE ALPES,2014-02-11 15:30:00,2014,42,15:30:00,42.65,181.0,12582.0,42.0,135.0,4948.0,110.0,-12.0,-8949.0,0.0,0.0,934.0,934.0,13570.0,13570.0,347.0,788.0,11132.0,11132.0,140.0,140.0,7820966
OCCITANIE,2014-06-19 23:30:00,2014,170,23:30:00,170.98,-3.0,1140.0,49.0,0.0,1521.0,51.0,0.0,1151.0,0.0,0.0,251.0,251.0,2620.0,2620.0,920.0,1255.0,5409.0,5409.0,128.0,128.0,5730753
CENTRE VAL DE LOIRE,2018-10-19 13:30:00,2018,292,13:30:00,292.56,14.0,7775.0,78.0,127.0,0.0,63.0,0.0,-6022.0,0.0,0.0,222.0,222.0,11630.0,10724.0,1060.0,302.0,91.0,91.0,84.0,84.0,2572853
GRAND EST,2013-11-11 23:00:00,2013,315,23:00:00,315.96,1083.0,9691.0,169.0,0.0,1009.0,63.0,0.0,-6588.0,0.0,0.0,3398.0,3223.0,10820.0,10820.0,1943.0,506.0,2281.0,2281.0,93.0,93.0,5552388
OCCITANIE,2018-01-02 12:30:00,2018,2,12:30:00,2.52,77.0,2575.0,206.0,172.0,2463.0,77.0,-17.0,402.0,0.0,0.0,291.0,291.0,2620.0,2620.0,1365.0,1808.0,5481.0,5317.0,145.0,145.0,5885496
AUVERGNE RHONE ALPES,2022-01-08 07:00:00,2022,8,07:00:00,8.29,220.0,12389.0,204.0,0.0,2821.0,116.0,-1745.0,-5212.0,0.0,0.0,1048.0,1048.0,13570.0,12672.0,723.0,1621.0,11779.0,11632.0,208.0,208.0,8155762
NORMANDIE,2018-08-06 21:30:00,2018,218,21:30:00,218.9,658.0,7913.0,28.0,0.0,10.0,55.0,0.0,-6105.0,0.0,0.0,813.0,233.0,10640.0,9389.0,712.0,250.0,31.0,31.0,104.0,104.0,3327477
CENTRE VAL DE LOIRE,2021-09-09 03:00:00,2021,252,03:00:00,252.12,0.0,8180.0,63.0,0.0,0.0,60.0,0.0,-6811.0,0.0,0.0,229.0,229.0,11630.0,10740.0,1360.0,598.0,92.0,92.0,89.0,89.0,2573303
CENTRE VAL DE LOIRE,2017-04-20 08:30:00,2017,110,08:30:00,110.35,0.0,11654.0,240.0,34.0,9.0,51.0,0.0,-9273.0,0.0,0.0,198.0,198.0,11630.0,10735.0,947.0,266.0,91.0,91.0,76.0,76.0,2576252
NOUVELLE AQUITAINE,2017-08-26 16:30:00,2017,238,16:30:00,238.69,44.0,2575.0,7.0,1015.0,51.0,160.0,0.0,362.0,0.0,0.0,465.0,465.0,6630.0,5486.0,790.0,2008.0,1780.0,1670.0,306.0,306.0,5956978
BRETAGNE,2015-12-30 11:30:00,2015,364,11:30:00,364.48,135.0,0.0,655.0,23.0,7.0,34.0,-54.0,2101.0,0.0,0.0,768.0,768.0,0.0,0.0,819.0,223.0,275.0,275.0,56.0,56.0,3293850
PROVENCE ALPES COTE D AZUR,2013-10-01 21:00:00,2013,274,21:00:00,274.88,709.0,0.0,0.0,0.0,989.0,63.0,0.0,2410.0,0.0,0.0,2590.0,2376.0,0.0,0.0,45.0,739.0,3159.0,3159.0,151.0,151.0,4953675
HAUTS DE FRANCE,2022-01-17 08:30:00,2022,17,08:30:00,17.35,2120.0,2693.0,434.0,0.0,2.0,129.0,0.0,2127.0,0.0,0.0,2990.0,2985.0,5460.0,4550.0,5652.0,437.0,5.0,5.0,190.0,190.0,5990765
BOURGOGNE FRANCHE COMTE,2021-07-17 00:30:00,2021,198,00:30:00,198.02,24.0,0.0,182.0,0.0,250.0,51.0,0.0,1362.0,0.0,0.0,401.0,401.0,0.0,0.0,955.0,446.0,524.0,524.0,72.0,72.0,2800194
OCCITANIE,2017-01-29 13:30:00,2017,29,13:30:00,29.56,70.0,2519.0,19.0,745.0,430.0,99.0,-622.0,2068.0,0.0,0.0,282.0,282.0,2620.0,2620.0,1194.0,1692.0,5473.0,5246.0,140.0,140.0,5845102
GRAND EST,2015-04-13 00:00:00,2015,103,00:00:00,103.0,29.0,5734.0,152.0,0.0,1387.0,73.0,0.0,-3000.0,0.0,0.0,3420.0,3160.0,10820.0,9560.0,2376.0,524.0,2284.0,2284.0,109.0,109.0,5559051
NORMANDIE,2022-06-27 06:30:00,2022,178,06:30:00,178.27,182.0,3606.0,25.0,1.0,9.0,75.0,0.0,-1747.0,0.0,0.0,852.0,852.0,10640.0,9310.0,933.0,313.0,31.0,31.0,149.0,149.0,3327604
HAUTS DE FRANCE,2022-06-18 17:00:00,2022,169,17:00:00,169.71,638.0,3564.0,489.0,196.0,1.0,93.0,0.0,-394.0,0.0,0.0,2993.0,2685.0,5460.0,4550.0,5774.0,442.0,6.0,6.0,197.0,197.0,5990765
ILE DE FRANCE,2015-09-30 16:00:00,2015,273,16:00:00,273.67,16.0,0.0,9.0,34.0,10.0,129.0,0.0,7727.0,0.0,0.0,2144.0,1737.0,0.0,0.0,49.0,113.0,19.0,19.0,300.0,300.0,12082144
NORMANDIE,2013-09-10 20:00:00,2013,253,20:00:00,253.83,751.0,7731.0,101.0,1.0,12.0,35.0,0.0,-5751.0,0.0,0.0,761.0,761.0,10640.0,10640.0,444.0,209.0,23.0,23.0,88.0,88.0,3328364
BOURGOGNE FRANCHE COMTE,2022-08-03 04:30:00,2022,215,04:30:00,215.19,0.0,0.0,119.0,0.0,2.0,55.0,-66.0,1262.0,0.0,0.0,401.0,401.0,0.0,0.0,1067.0,594.0,524.0,524.0,75.0,75.0,2797366
NORMANDIE,2013-12-16 15:30:00,2013,350,15:30:00,350.65,859.0,10234.0,266.0,7.0,11.0,41.0,0.0,-7540.0,0.0,0.0,761.0,761.0,10640.0,10640.0,444.0,210.0,24.0,24.0,89.0,89.0,3328364
PAYS DE LA LOIRE,2018-09-18 18:00:00,2018,261,18:00:00,261.75,583.0,0.0,147.0,105.0,0.0,40.0,0.0,1950.0,0.0,0.0,1976.0,1722.0,0.0,0.0,827.0,550.0,8.0,8.0,70.0,70.0,3781423
HAUTS DE FRANCE,2016-02-22 22:00:00,2016,53,22:00:00,53.92,486.0,4548.0,309.0,0.0,2.0,112.0,0.0,1073.0,0.0,0.0,2864.0,2748.0,5460.0,4550.0,2896.0,213.0,5.0,5.0,160.0,160.0,6006870
PROVENCE ALPES COTE D AZUR,2016-08-22 06:00:00,2016,235,06:00:00,235.25,364.0,0.0,33.0,0.0,404.0,124.0,0.0,2394.0,0.0,0.0,2614.0,2242.0,0.0,0.0,48.0,1046.0,3191.0,3021.0,354.0,354.0,5021928
ILE DE FRANCE,2016-12-13 10:00:00,2016,348,10:00:00,348.42,914.0,0.0,3.0,3.0,9.0,141.0,0.0,10984.0,0.0,0.0,2149.0,1717.0,0.0,0.0,61.0,116.0,19.0,19.0,301.0,301.0,12117132
HAUTS DE FRANCE,2020-11-16 15:30:00,2020,321,15:30:00,321.65,1999.0,4028.0,1673.0,12.0,1.0,118.0,0.0,-1834.0,0.0,0.0,2984.0,2984.0,5460.0,4586.0,5285.0,272.0,5.0,5.0,181.0,181.0,5997734
CENTRE VAL DE LOIRE,2022-06-23 12:30:00,2022,174,12:30:00,174.52,36.0,6848.0,36.0,498.0,2.0,44.0,0.0,-5535.0,0.0,0.0,229.0,229.0,11630.0,10692.0,1455.0,738.0,92.0,92.0,90.0,90.0,2572916
AUVERGNE RHONE ALPES,2013-01-12 23:30:00,2013,12,23:30:00,12.98,276.0,13343.0,14.0,0.0,3891.0,79.0,-4.0,-8252.0,0.0,0.0,914.0,914.0,13570.0,13570.0,335.0,705.0,11114.0,11114.0,105.0,105.0,7757595
BRETAGNE,2022-08-20 21:00:00,2022,232,21:00:00,232.88,421.0,0.0,50.0,4.0,63.0,58.0,-1.0,1154.0,0.0,0.0,1432.0,1432.0,0.0,0.0,1197.0,379.0,272.0,272.0,83.0,83.0,3414637
PROVENCE ALPES COTE D AZUR,2017-08-13 05:30:00,2017,225,05:30:00,225.23,14.0,0.0,15.0,0.0,317.0,236.0,-51.0,2602.0,0.0,0.0,2630.0,2236.0,0.0,0.0,48.0,1152.0,3220.0,3220.0,354.0,354.0,5030890
CENTRE VAL DE LOIRE,2019-01-08 22:00:00,2019,8,22:00:00,8.92,123.0,10226.0,344.0,0.0,1.0,55.0,0.0,-7737.0,0.0,0.0,228.0,228.0,11630.0,10320.0,1106.0,305.0,91.0,91.0,84.0,84.0,2573180
HAUTS DE FRANCE,2014-08-04 03:30:00,2014,216,03:30:00,216.15,286.0,2998.0,60.0,0.0,1.0,96.0,0.0,114.0,0.0,0.0,2289.0,2289.0,5460.0,5460.0,2351.0,212.0,5.0,5.0,139.0,139.0,6006156
PAYS DE LA LOIRE,2019-05-02 11:00:00,2019,122,11:00:00,122.46,440.0,0.0,73.0,212.0,2.0,50.0,0.0,2555.0,0.0,0.0,2037.0,1783.0,0.0,0.0,909.0,574.0,8.0,8.0,70.0,70.0,3806461
GRAND EST,2017-12-26 20:30:00,2017,360,20:30:00,360.85,603.0,9824.0,2368.0,0.0,1271.0,125.0,-5.0,-8513.0,0.0,0.0,3471.0,2876.0,10820.0,9810.0,3053.0,551.0,2299.0,1969.0,145.0,145.0,5549586
PAYS DE LA LOIRE,2021-07-20 22:30:00,2021,201,22:30:00,201.94,226.0,0.0,296.0,0.0,1.0,59.0,0.0,2132.0,0.0,0.0,2056.0,2056.0,0.0,0.0,1105.0,752.0,10.0,10.0,78.0,78.0,3853999
HAUTS DE FRANCE,2015-06-28 13:00:00,2015,179,13:00:00,179.54,313.0,3408.0,83.0,84.0,1.0,109.0,0.0,822.0,0.0,0.0,2301.0,1970.0,5460.0,4550.0,2734.0,213.0,5.0,5.0,160.0,160.0,6009976
NOUVELLE AQUITAINE,2020-11-26 03:00:00,2020,331,03:00:00,331.12,181.0,5238.0,311.0,1.0,218.0,165.0,0.0,-1048.0,0.0,0.0,576.0,576.0,6630.0,5559.0,1190.0,2812.0,1783.0,1678.0,347.0,347.0,6033952
PROVENCE ALPES COTE D AZUR,2020-04-02 23:00:00,2020,93,23:00:00,93.96,96.0,0.0,0.0,0.0,1996.0,112.0,0.0,2535.0,0.0,0.0,2710.0,2382.0,0.0,0.0,48.0,1455.0,3256.0,3256.0,357.0,207.0,5098666
NOUVELLE AQUITAINE,2019-07-25 21:30:00,2019,206,21:30:00,206.9,12.0,3705.0,151.0,6.0,94.0,176.0,0.0,445.0,0.0,0.0,538.0,538.0,6630.0,5657.0,1017.0,2530.0,1782.0,1669.0,319.0,319.0,6010289
NOUVELLE AQUITAINE,2016-07-14 03:00:00,2016,196,03:00:00,196.12,35.0,4659.0,64.0,-1.0,110.0,175.0,0.0,-1364.0,0.0,0.0,429.0,429.0,6630.0,5720.0,579.0,1876.0,1779.0,1779.0,280.0,280.0,5935603
NORMANDIE,2017-05-21 10:00:00,2017,141,10:00:00,141.42,328.0,2612.0,15.0,56.0,22.0,44.0,0.0,-668.0,0.0,0.0,785.0,205.0,10640.0,9509.0,622.0,222.0,31.0,31.0,98.0,98.0,3330478
ILE DE FRANCE,2018-08-06 03:00:00,2018,218,03:00:00,218.12,-1.0,0.0,9.0,0.0,7.0,140.0,0.0,4489.0,0.0,0.0,2157.0,2109.0,0.0,0.0,88.0,123.0,20.0,20.0,306.0,306.0,12213447
BOURGOGNE FRANCHE COMTE,2021-09-26 15:30:00,2021,269,15:30:00,269.65,26.0,0.0,82.0,151.0,14.0,48.0,-67.0,1509.0,0.0,0.0,401.0,401.0,0.0,0.0,969.0,468.0,524.0,524.0,72.0,72.0,2800194
BOURGOGNE FRANCHE COMTE,2018-08-13 05:30:00,2018,225,05:30:00,225.23,27.0,0.0,343.0,0.0,9.0,30.0,-1.0,987.0,0.0,0.0,386.0,386.0,0.0,0.0,708.0,308.0,520.0,443.0,37.0,37.0,2807807
NOUVELLE AQUITAINE,2016-06-30 08:00:00,2016,182,08:00:00,182.33,42.0,4790.0,63.0,158.0,528.0,172.0,0.0,-1398.0,0.0,0.0,429.0,429.0,6630.0,5720.0,579.0,1868.0,1778.0,1778.0,280.0,280.0,5935603
PROVENCE ALPES COTE D AZUR,2021-04-30 17:30:00,2021,120,17:30:00,120.73,754.0,0.0,16.0,329.0,1053.0,94.0,0.0,1846.0,0.0,0.0,2715.0,2341.0,0.0,0.0,96.0,1590.0,3266.0,3235.0,357.0,357.0,5127840
CENTRE VAL DE LOIRE,2019-06-01 15:30:00,2019,152,15:30:00,152.65,0.0,8199.0,11.0,206.0,0.0,61.0,0.0,-7001.0,0.0,0.0,229.0,229.0,11630.0,10720.0,1160.0,314.0,91.0,91.0,84.0,84.0,2573180
ILE DE FRANCE,2015-02-04 07:00:00,2015,35,07:00:00,35.29,1124.0,0.0,5.0,0.0,0.0,112.0,0.0,10687.0,0.0,0.0,2144.0,1559.0,0.0,0.0,37.0,112.0,19.0,19.0,286.0,286.0,12082144
GRAND EST,2020-07-28 11:30:00,2020,210,11:30:00,210.48,354.0,6237.0,888.0,212.0,903.0,123.0,0.0,-3713.0,0.0,0.0,3535.0,3101.0,10820.0,9635.0,3711.0,629.0,2304.0,1882.0,184.0,184.0,5562651
ILE DE FRANCE,2019-04-23 02:30:00,2019,113,02:30:00,113.1,0.0,0.0,5.0,0.0,6.0,119.0,0.0,4854.0,0.0,0.0,2170.0,2059.0,0.0,0.0,88.0,126.0,20.0,20.0,306.0,306.0,12262544
BOURGOGNE FRANCHE COMTE,2013-07-26 13:30:00,2013,207,13:30:00,207.56,26.0,0.0,18.0,90.0,36.0,6.0,0.0,2205.0,0.0,0.0,301.0,301.0,0.0,0.0,204.0,230.0,480.0,480.0,25.0,25.0,2819783
AUVERGNE RHONE ALPES,2014-06-11 01:00:00,2014,162,01:00:00,162.04,19.0,9069.0,82.0,1.0,2794.0,52.0,-982.0,-5218.0,0.0,0.0,938.0,938.0,13570.0,13570.0,347.0,816.0,11141.0,10989.0,140.0,140.0,7820966
ILE DE FRANCE,2022-06-26 17:00:00,2022,177,17:00:00,177.71,0.0,0.0,3.0,62.0,5.0,136.0,0.0,5648.0,0.0,0.0,2171.0,2009.0,0.0,0.0,148.0,226.0,20.0,20.0,314.0,314.0,12354286
GRAND EST,2020-07-15 08:00:00,2020,197,08:00:00,197.33,416.0,6374.0,52.0,28.0,863.0,122.0,0.0,-3428.0,0.0,0.0,3535.0,3105.0,10820.0,9652.0,3679.0,627.0,2304.0,1882.0,184.0,184.0,5562651
GRAND EST,2017-08-11 18:30:00,2017,223,18:30:00,223.77,523.0,7590.0,359.0,50.0,1094.0,85.0,0.0,-5701.0,0.0,0.0,3453.0,2991.0,10820.0,9713.0,2996.0,548.0,2298.0,1947.0,141.0,141.0,5549586
ILE DE FRANCE,2015-02-23 13:30:00,2015,54,13:30:00,54.56,1160.0,0.0,9.0,25.0,5.0,126.0,0.0,9552.0,0.0,0.0,2144.0,2144.0,0.0,0.0,37.0,112.0,19.0,19.0,286.0,286.0,12082144
GRAND EST,2017-07-08 07:30:00,2017,189,07:30:00,189.31,807.0,11215.0,119.0,34.0,641.0,77.0,-386.0,-8438.0,0.0,0.0,3453.0,2942.0,10820.0,9800.0,2923.0,543.0,2298.0,1964.0,140.0,140.0,5549586
PAYS DE LA LOIRE,2022-03-12 16:30:00,2022,71,16:30:00,71.69,260.0,0.0,616.0,234.0,5.0,62.0,0.0,1428.0,0.0,0.0,2068.0,1778.0,0.0,0.0,1137.0,827.0,10.0,10.0,80.0,80.0,3878839
PAYS DE LA LOIRE,2015-09-04 22:00:00,2015,247,22:00:00,247.92,482.0,0.0,37.0,0.0,0.0,39.0,0.0,1951.0,0.0,0.0,1867.0,1271.0,0.0,0.0,560.0,455.0,7.0,7.0,61.0,61.0,3718512
PROVENCE ALPES COTE D AZUR,2015-11-22 13:00:00,2015,326,13:00:00,326.54,1109.0,0.0,46.0,519.0,683.0,87.0,0.0,2724.0,0.0,0.0,2610.0,2080.0,0.0,0.0,48.0,968.0,3175.0,3175.0,183.0,183.0,5007977
OCCITANIE,2013-06-16 07:00:00,2013,167,07:00:00,167.29,-1.0,1104.0,194.0,16.0,1395.0,73.0,-510.0,68.0,0.0,0.0,245.0,245.0,2620.0,2620.0,866.0,1059.0,5379.0,5379.0,126.0,126.0,5683878
AUVERGNE RHONE ALPES,2022-05-07 22:30:00,2022,127,22:30:00,127.94,14.0,6909.0,228.0,0.0,3583.0,129.0,-5.0,-4986.0,0.0,0.0,1048.0,647.0,13570.0,12678.0,723.0,1683.0,11781.0,11620.0,208.0,208.0,8155762
CENTRE VAL DE LOIRE,2017-01-21 21:00:00,2017,21,21:00:00,21.88,119.0,11329.0,193.0,0.0,1.0,52.0,0.0,-8354.0,0.0,0.0,198.0,198.0,11630.0,11223.0,917.0,262.0,91.0,91.0,74.0,74.0,2576252
NORMANDIE,2019-02-07 12:00:00,2019,38,12:00:00,38.5,991.0,6456.0,588.0,67.0,18.0,44.0,0.0,-3945.0,0.0,0.0,833.0,543.0,10640.0,9310.0,791.0,253.0,31.0,31.0,105.0,105.0,3325032
NORMANDIE,2022-09-06 07:30:00,2022,249,07:30:00,249.31,281.0,3655.0,229.0,0.0,10.0,63.0,0.0,-1691.0,0.0,0.0,852.0,852.0,10640.0,9310.0,949.0,316.0,31.0,31.0,149.0,149.0,3327604
GRAND EST,2018-04-08 02:30:00,2018,98,02:30:00,98.1,63.0,7140.0,664.0,0.0,956.0,81.0,0.0,-4653.0,0.0,0.0,3471.0,3471.0,10820.0,9742.0,3068.0,553.0,2300.0,1978.0,146.0,146.0,5550389
PROVENCE ALPES COTE D AZUR,2014-08-07 16:30:00,2014,219,16:30:00,219.69,124.0,0.0,3.0,412.0,792.0,62.0,0.0,3261.0,0.0,0.0,2592.0,2268.0,0.0,0.0,45.0,872.0,3165.0,3165.0,170.0,170.0,4983438
NORMANDIE,2022-12-03 02:30:00,2022,337,02:30:00,337.1,389.0,4490.0,405.0,0.0,14.0,93.0,0.0,-1816.0,0.0,0.0,852.0,852.0,10640.0,9399.0,965.0,321.0,31.0,31.0,149.0,149.0,3327604
NORMANDIE,2014-02-21 08:30:00,2014,52,08:30:00,52.35,962.0,7652.0,195.0,3.0,22.0,59.0,0.0,-4606.0,0.0,0.0,761.0,761.0,10640.0,10640.0,444.0,211.0,24.0,24.0,89.0,89.0,3335645
CENTRE VAL DE LOIRE,2013-09-04 10:30:00,2013,247,10:30:00,247.44,6.0,5864.0,1.0,71.0,0.0,32.0,0.0,-3889.0,0.0,0.0,162.0,162.0,11630.0,11630.0,717.0,212.0,91.0,91.0,56.0,56.0,2570548
GRAND EST,2018-07-26 02:00:00,2018,207,02:00:00,207.08,1417.0,7933.0,237.0,0.0,445.0,109.0,-524.0,-5210.0,0.0,0.0,3471.0,3049.0,10820.0,9501.0,3143.0,557.0,2300.0,1955.0,158.0,158.0,5550389
NORMANDIE,2020-11-02 05:00:00,2020,307,05:00:00,307.21,238.0,5443.0,689.0,0.0,11.0,69.0,0.0,-4223.0,0.0,0.0,838.0,838.0,10640.0,9310.0,831.0,270.0,31.0,31.0,115.0,115.0,3325522
PROVENCE ALPES COTE D AZUR,2017-04-05 02:30:00,2017,95,02:30:00,95.1,812.0,0.0,30.0,0.0,644.0,94.0,0.0,2515.0,0.0,0.0,2630.0,2324.0,0.0,0.0,48.0,1062.0,3193.0,3193.0,354.0,354.0,5030890
BOURGOGNE FRANCHE COMTE,2014-05-25 05:00:00,2014,145,05:00:00,145.21,29.0,0.0,8.0,0.0,59.0,21.0,0.0,1285.0,0.0,0.0,313.0,68.0,0.0,0.0,254.0,246.0,508.0,508.0,25.0,25.0,2820623
BOURGOGNE FRANCHE COMTE,2020-05-01 23:30:00,2020,122,23:30:00,122.98,22.0,0.0,371.0,0.0,31.0,39.0,0.0,1310.0,0.0,0.0,401.0,401.0,0.0,0.0,877.0,348.0,521.0,521.0,69.0,69.0,2801695
AUVERGNE RHONE ALPES,2022-12-14 12:30:00,2022,348,12:30:00,348.52,697.0,11659.0,192.0,156.0,5142.0,107.0,-13.0,-7855.0,0.0,0.0,1050.0,1050.0,13570.0,12736.0,723.0,1846.0,11791.0,11664.0,208.0,208.0,8155762
PROVENCE ALPES COTE D AZUR,2017-08-24 12:00:00,2017,236,12:00:00,236.5,641.0,0.0,9.0,374.0,790.0,124.0,0.0,2939.0,0.0,0.0,2630.0,2257.0,0.0,0.0,48.0,1152.0,3220.0,3026.0,354.0,354.0,5030890
ILE DE FRANCE,2013-12-30 02:00:00,2013,364,02:00:00,364.08,266.0,0.0,8.0,0.0,1.0,137.0,0.0,8122.0,0.0,0.0,2122.0,2122.0,0.0,0.0,37.0,110.0,19.0,19.0,282.0,282.0,11959807
NORMANDIE,2014-03-20 11:00:00,2014,79,11:00:00,79.46,333.0,6287.0,138.0,61.0,28.0,66.0,0.0,-3450.0,0.0,0.0,761.0,181.0,10640.0,10640.0,444.0,211.0,24.0,24.0,89.0,89.0,3335645
PROVENCE ALPES COTE D AZUR,2019-11-03 06:30:00,2019,307,06:30:00,307.27,130.0,0.0,6.0,0.0,1326.0,99.0,-2.0,1691.0,0.0,0.0,2678.0,2249.0,0.0,0.0,48.0,1408.0,3245.0,3121.0,357.0,207.0,5081101
CENTRE VAL DE LOIRE,2021-04-14 01:00:00,2021,104,01:00:00,104.04,0.0,8533.0,640.0,0.0,3.0,57.0,0.0,-6963.0,0.0,0.0,229.0,229.0,11630.0,11630.0,1288.0,491.0,92.0,92.0,89.0,89.0,2573303
NOUVELLE AQUITAINE,2020-11-05 13:30:00,2020,310,13:30:00,310.56,183.0,4685.0,486.0,1573.0,272.0,127.0,0.0,-1767.0,0.0,0.0,576.0,576.0,6630.0,5574.0,1183.0,2769.0,1783.0,1678.0,347.0,347.0,6033952
AUVERGNE RHONE ALPES,2022-04-09 22:00:00,2022,99,22:00:00,99.92,427.0,8745.0,155.0,0.0,4077.0,100.0,-3.0,-5984.0,0.0,0.0,1048.0,1048.0,13570.0,12661.0,723.0,1671.0,11780.0,11603.0,208.0,208.0,8155762
PROVENCE ALPES COTE D AZUR,2018-03-21 20:00:00,2018,80,20:00:00,80.83,2486.0,0.0,46.0,1.0,1929.0,218.0,0.0,2014.0,0.0,0.0,2663.0,2357.0,0.0,0.0,48.0,1238.0,3233.0,3107.0,357.0,357.0,5052832
ILE DE FRANCE,2015-11-30 01:00:00,2015,334,01:00:00,334.04,477.0,0.0,29.0,0.0,12.0,128.0,0.0,7598.0,0.0,0.0,2146.0,1784.0,0.0,0.0,61.0,114.0,19.0,19.0,300.0,300.0,12082144
BOURGOGNE FRANCHE COMTE,2020-07-28 02:30:00,2020,210,02:30:00,210.1,23.0,0.0,343.0,0.0,6.0,49.0,0.0,1356.0,0.0,0.0,401.0,401.0,0.0,0.0,877.0,355.0,521.0,521.0,70.0,70.0,2801695
NOUVELLE AQUITAINE,2022-08-15 06:30:00,2022,227,06:30:00,227.27,32.0,1027.0,294.0,0.0,21.0,165.0,0.0,1289.0,0.0,0.0,579.0,579.0,6630.0,5659.0,1555.0,3746.0,1786.0,1673.0,356.0,356.0,6098051
BOURGOGNE FRANCHE COMTE,2020-02-03 21:00:00,2020,34,21:00:00,34.88,169.0,0.0,771.0,0.0,220.0,52.0,0.0,1522.0,0.0,0.0,401.0,401.0,0.0,0.0,877.0,345.0,521.0,521.0,69.0,69.0,2801695
BRETAGNE,2014-06-04 19:30:00,2014,155,19:30:00,155.81,1.0,0.0,320.0,33.0,75.0,30.0,-1.0,1824.0,0.0,0.0,688.0,688.0,0.0,0.0,763.0,211.0,272.0,272.0,51.0,51.0,3276543
BRETAGNE,2019-09-27 16:30:00,2019,270,16:30:00,270.69,1.0,0.0,581.0,64.0,5.0,45.0,0.0,1456.0,0.0,0.0,966.0,869.0,0.0,0.0,1021.0,269.0,272.0,272.0,74.0,74.0,3354854
ILE DE FRANCE,2017-07-06 03:30:00,2017,187,03:30:00,187.15,0.0,0.0,4.0,0.0,6.0,177.0,0.0,4922.0,0.0,0.0,2149.0,1836.0,0.0,0.0,73.0,117.0,19.0,19.0,301.0,301.0,12174880
BRETAGNE,2015-03-13 15:30:00,2015,72,15:30:00,72.65,110.0,0.0,503.0,18.0,57.0,35.0,-1.0,2449.0,0.0,0.0,721.0,721.0,0.0,0.0,801.0,219.0,272.0,272.0,54.0,54.0,3293850
HAUTS DE FRANCE,2016-11-21 11:00:00,2016,326,11:00:00,326.46,1754.0,2734.0,1345.0,18.0,1.0,113.0,0.0,840.0,0.0,0.0,2882.0,2745.0,5460.0,4550.0,3225.0,214.0,5.0,5.0,164.0,164.0,6006870
AUVERGNE RHONE ALPES,2018-03-12 07:30:00,2018,71,07:30:00,71.31,156.0,9603.0,225.0,3.0,4298.0,123.0,-3.0,-5697.0,0.0,0.0,1000.0,1000.0,13570.0,12548.0,568.0,1025.0,11254.0,11086.0,179.0,179.0,7994459
PROVENCE ALPES COTE D AZUR,2016-07-23 18:30:00,2016,205,18:30:00,205.77,739.0,0.0,5.0,138.0,1048.0,64.0,0.0,2170.0,0.0,0.0,2614.0,2242.0,0.0,0.0,48.0,1037.0,3191.0,3044.0,354.0,354.0,5021928
OCCITANIE,2020-08-20 19:30:00,2020,233,19:30:00,233.81,0.0,1211.0,874.0,210.0,1735.0,70.0,0.0,478.0,0.0,0.0,314.0,314.0,2620.0,1310.0,1593.0,2272.0,5494.0,5243.0,171.0,171.0,5973969
GRAND EST,2019-08-23 10:00:00,2019,235,10:00:00,235.42,1175.0,6864.0,87.0,347.0,1512.0,124.0,0.0,-5498.0,0.0,0.0,3531.0,3104.0,10820.0,9580.0,3445.0,591.0,2303.0,2032.0,172.0,172.0,5556219
OCCITANIE,2020-04-27 21:30:00,2020,118,21:30:00,118.9,1.0,2556.0,182.0,0.0,2603.0,87.0,-14.0,-2014.0,0.0,0.0,314.0,314.0,2620.0,2620.0,1579.0,2204.0,5492.0,5315.0,171.0,171.0,5973969
NOUVELLE AQUITAINE,2022-03-28 07:00:00,2022,87,07:00:00,87.29,166.0,2717.0,430.0,1.0,513.0,142.0,0.0,655.0,0.0,0.0,578.0,578.0,6630.0,5428.0,1429.0,3561.0,1784.0,1672.0,356.0,356.0,6098051
ILE DE FRANCE,2019-11-01 20:30:00,2019,305,20:30:00,305.85,362.0,0.0,78.0,0.0,7.0,160.0,0.0,7374.0,0.0,0.0,2170.0,2106.0,0.0,0.0,108.0,143.0,20.0,20.0,314.0,314.0,12262544
HAUTS DE FRANCE,2015-09-18 20:00:00,2015,261,20:00:00,261.83,557.0,3528.0,290.0,0.0,1.0,100.0,0.0,1333.0,0.0,0.0,2301.0,2051.0,5460.0,4793.0,2774.0,213.0,5.0,5.0,160.0,160.0,6009976
ILE DE FRANCE,2020-12-13 20:30:00,2020,348,20:30:00,348.85,518.0,0.0,68.0,0.0,3.0,116.0,0.0,9538.0,0.0,0.0,2171.0,2171.0,0.0,0.0,125.0,169.0,20.0,20.0,314.0,314.0,12271794
NOUVELLE AQUITAINE,2022-05-30 17:30:00,2022,150,17:30:00,150.73,33.0,2673.0,21.0,1904.0,170.0,185.0,0.0,-930.0,0.0,0.0,579.0,579.0,6630.0,5525.0,1465.0,3617.0,1785.0,1678.0,356.0,356.0,6098051
BRETAGNE,2013-06-10 02:30:00,2013,161,02:30:00,161.1,0.0,0.0,5.0,0.0,182.0,18.0,0.0,1557.0,0.0,0.0,660.0,660.0,0.0,0.0,722.0,204.0,11.0,11.0,37.0,37.0,3258707
ILE DE FRANCE,2016-04-13 11:00:00,2016,104,11:00:00,104.46,347.0,0.0,1.0,28.0,8.0,98.0,0.0,8809.0,0.0,0.0,2149.0,1967.0,0.0,0.0,61.0,114.0,19.0,19.0,300.0,300.0,12117132
CENTRE VAL DE LOIRE,2013-07-05 16:30:00,2013,186,16:30:00,186.69,6.0,7673.0,12.0,92.0,2.0,28.0,0.0,-6050.0,0.0,0.0,162.0,162.0,11630.0,11630.0,697.0,211.0,91.0,91.0,56.0,56.0,2570548
PAYS DE LA LOIRE,2019-02-03 13:30:00,2019,34,13:30:00,34.56,615.0,0.0,33.0,283.0,4.0,50.0,0.0,2842.0,0.0,0.0,2034.0,1647.0,0.0,0.0,897.0,562.0,8.0,8.0,70.0,70.0,3806461
PROVENCE ALPES COTE D AZUR,2013-03-01 08:00:00,2013,60,08:00:00,60.33,2181.0,0.0,10.0,3.0,2002.0,45.0,0.0,1871.0,0.0,0.0,2590.0,2528.0,0.0,0.0,45.0,671.0,3158.0,3158.0,149.0,149.0,4953675
CENTRE VAL DE LOIRE,2019-10-01 05:30:00,2019,274,05:30:00,274.23,14.0,4173.0,563.0,0.0,0.0,60.0,0.0,-3340.0,0.0,0.0,229.0,229.0,11630.0,10646.0,1195.0,327.0,91.0,91.0,86.0,86.0,2573180
PROVENCE ALPES COTE D AZUR,2014-11-03 18:30:00,2014,307,18:30:00,307.77,2017.0,0.0,41.0,1.0,1324.0,54.0,0.0,1691.0,0.0,0.0,2595.0,2321.0,0.0,0.0,45.0,875.0,3168.0,3168.0,170.0,170.0,4983438
PAYS DE LA LOIRE,2018-05-17 21:30:00,2018,137,21:30:00,137.9,6.0,0.0,88.0,1.0,3.0,51.0,0.0,2415.0,0.0,0.0,1968.0,1678.0,0.0,0.0,804.0,542.0,8.0,8.0,69.0,69.0,3781423
NOUVELLE AQUITAINE,2017-07-18 20:00:00,2017,199,20:00:00,199.83,41.0,4049.0,112.0,218.0,333.0,136.0,0.0,236.0,0.0,0.0,465.0,465.0,6630.0,5369.0,752.0,1974.0,1780.0,1669.0,306.0,306.0,5956978
HAUTS DE FRANCE,2019-12-29 22:30:00,2019,363,22:30:00,363.94,860.0,4585.0,1616.0,0.0,2.0,115.0,0.0,-1040.0,0.0,0.0,2970.0,2832.0,5460.0,4550.0,4895.0,240.0,5.0,5.0,180.0,180.0,6004947
GRAND EST,2013-02-16 22:00:00,2013,47,22:00:00,47.92,2590.0,9689.0,142.0,0.0,984.0,59.0,0.0,-7398.0,0.0,0.0,3398.0,3398.0,10820.0,10820.0,1812.0,500.0,2280.0,2280.0,86.0,86.0,5552388
BRETAGNE,2021-11-06 03:00:00,2021,310,03:00:00,310.12,140.0,0.0,41.0,0.0,202.0,48.0,-1.0,2176.0,0.0,0.0,1428.0,982.0,0.0,0.0,1106.0,348.0,272.0,272.0,82.0,82.0,3394567
AUVERGNE RHONE ALPES,2022-07-20 22:00:00,2022,201,22:00:00,201.92,403.0,6478.0,129.0,0.0,3637.0,113.0,-12.0,-3909.0,0.0,0.0,1048.0,628.0,13570.0,12643.0,723.0,1727.0,11787.0,11615.0,208.0,208.0,8155762
PROVENCE ALPES COTE D AZUR,2015-10-27 03:30:00,2015,300,03:30:00,300.15,314.0,0.0,8.0,0.0,294.0,88.0,0.0,3085.0,0.0,0.0,2610.0,2164.0,0.0,0.0,48.0,968.0,3174.0,3174.0,183.0,183.0,5007977
BRETAGNE,2021-06-14 17:30:00,2021,165,17:30:00,165.73,1.0,0.0,121.0,132.0,167.0,51.0,-1.0,1787.0,0.0,0.0,982.0,982.0,0.0,0.0,1093.0,324.0,272.0,272.0,81.0,81.0,3394567
BRETAGNE,2019-08-09 05:30:00,2019,221,05:30:00,221.23,1.0,0.0,471.0,0.0,0.0,53.0,-1.0,1134.0,0.0,0.0,960.0,960.0,0.0,0.0,1021.0,268.0,270.0,270.0,74.0,74.0,3354854
NOUVELLE AQUITAINE,2016-05-19 06:00:00,2016,140,06:00:00,140.25,34.0,4182.0,103.0,-1.0,426.0,149.0,0.0,-1081.0,0.0,0.0,429.0,429.0,6630.0,5428.0,579.0,1857.0,1778.0,1672.0,280.0,280.0,5935603
PAYS DE LA LOIRE,2017-10-04 15:00:00,2017,277,15:00:00,277.62,562.0,0.0,1.0,272.0,0.0,45.0,0.0,2112.0,0.0,0.0,1921.0,1476.0,0.0,0.0,735.0,506.0,8.0,8.0,66.0,66.0,3757600
ILE DE FRANCE,2017-03-28 01:30:00,2017,87,01:30:00,87.06,381.0,0.0,1.0,0.0,10.0,124.0,0.0,6145.0,0.0,0.0,2149.0,1610.0,0.0,0.0,73.0,116.0,19.0,19.0,301.0,301.0,12174880
CENTRE VAL DE LOIRE,2014-04-05 21:30:00,2014,95,21:30:00,95.9,0.0,9588.0,53.0,0.0,13.0,44.0,0.0,-7784.0,0.0,0.0,162.0,162.0,11630.0,11630.0,749.0,215.0,91.0,91.0,56.0,56.0,2577435
ILE DE FRANCE,2013-01-15 11:30:00,2013,15,11:30:00,15.48,1019.0,0.0,10.0,1.0,0.0,116.0,0.0,12665.0,0.0,0.0,2121.0,1536.0,0.0,0.0,37.0,108.0,19.0,19.0,262.0,262.0,11959807
CENTRE VAL DE LOIRE,2018-06-06 15:00:00,2018,157,15:00:00,157.62,1.0,8169.0,59.0,90.0,43.0,50.0,0.0,-6466.0,0.0,0.0,216.0,216.0,11630.0,10809.0,1014.0,288.0,91.0,91.0,76.0,76.0,2572853
NOUVELLE AQUITAINE,2017-05-06 09:30:00,2017,126,09:30:00,126.4,48.0,5575.0,353.0,334.0,589.0,156.0,0.0,-2816.0,0.0,0.0,465.0,465.0,6630.0,5835.0,742.0,1959.0,1780.0,1669.0,306.0,306.0,5956978
OCCITANIE,2016-05-02 10:30:00,2016,123,10:30:00,123.44,0.0,2401.0,610.0,755.0,1947.0,91.0,0.0,-1268.0,0.0,0.0,266.0,266.0,2620.0,2443.0,1098.0,1574.0,5462.0,5235.0,137.0,137.0,5808435
NORMANDIE,2015-04-07 13:30:00,2015,97,13:30:00,97.56,541.0,9067.0,22.0,81.0,14.0,61.0,0.0,-6231.0,0.0,0.0,761.0,761.0,10640.0,9310.0,510.0,214.0,24.0,24.0,94.0,94.0,3339131
NORMANDIE,2015-04-01 12:30:00,2015,91,12:30:00,91.52,207.0,9100.0,332.0,64.0,23.0,64.0,0.0,-5801.0,0.0,0.0,761.0,761.0,10640.0,9310.0,510.0,214.0,24.0,24.0,94.0,94.0,3339131
GRAND EST,2016-01-27 11:00:00,2016,27,11:00:00,27.46,1409.0,12278.0,1664.0,59.0,1232.0,102.0,0.0,-9878.0,0.0,0.0,3424.0,3424.0,10820.0,10820.0,2569.0,525.0,2285.0,2083.0,119.0,119.0,5555186
PAYS DE LA LOIRE,2019-06-22 04:30:00,2019,173,04:30:00,173.19,6.0,0.0,208.0,0.0,0.0,48.0,0.0,1547.0,0.0,0.0,2037.0,1694.0,0.0,0.0,926.0,585.0,8.0,8.0,71.0,71.0,3806461
GRAND EST,2018-10-18 19:30:00,2018,291,19:30:00,291.81,1634.0,9393.0,1959.0,0.0,734.0,88.0,0.0,-8044.0,0.0,0.0,3523.0,2928.0,10820.0,9755.0,3155.0,559.0,2301.0,1997.0,161.0,161.0,5550389
AUVERGNE RHONE ALPES,2015-04-14 18:30:00,2015,104,18:30:00,104.77,64.0,10237.0,51.0,160.0,3453.0,85.0,-3.0,-6968.0,0.0,0.0,944.0,944.0,13570.0,12445.0,372.0,863.0,11181.0,10882.0,141.0,141.0,7877698
BOURGOGNE FRANCHE COMTE,2015-09-26 04:30:00,2015,269,04:30:00,269.19,21.0,0.0,93.0,0.0,30.0,24.0,0.0,1494.0,0.0,0.0,325.0,80.0,0.0,0.0,396.0,262.0,513.0,513.0,29.0,29.0,2820940
NORMANDIE,2015-03-29 20:00:00,2015,88,20:00:00,88.83,301.0,7457.0,469.0,0.0,24.0,66.0,0.0,-5036.0,0.0,0.0,761.0,761.0,10640.0,9310.0,510.0,214.0,24.0,24.0,94.0,94.0,3339131
HAUTS DE FRANCE,2017-05-31 03:30:00,2017,151,03:30:00,151.15,940.0,2647.0,371.0,0.0,1.0,107.0,0.0,384.0,0.0,0.0,2900.0,2325.0,5460.0,4550.0,3488.0,215.0,5.0,5.0,165.0,165.0,6003815
GRAND EST,2020-08-15 19:30:00,2020,228,19:30:00,228.81,661.0,6342.0,5.0,55.0,911.0,127.0,0.0,-4407.0,0.0,0.0,3535.0,3076.0,10820.0,9832.0,3724.0,631.0,2305.0,1901.0,185.0,185.0,5562651
NORMANDIE,2021-12-20 15:30:00,2021,354,15:30:00,354.65,521.0,6314.0,136.0,5.0,13.0,85.0,0.0,-2894.0,0.0,0.0,852.0,852.0,10640.0,9443.0,893.0,304.0,31.0,31.0,148.0,148.0,3327966
BOURGOGNE FRANCHE COMTE,2017-07-17 17:00:00,2017,198,17:00:00,198.71,52.0,0.0,15.0,103.0,12.0,20.0,0.0,2198.0,0.0,0.0,331.0,331.0,0.0,0.0,605.0,270.0,519.0,519.0,33.0,33.0,2811423
NOUVELLE AQUITAINE,2020-01-01 18:30:00,2020,1,18:30:00,1.77,164.0,5712.0,178.0,0.0,888.0,175.0,0.0,-1431.0,0.0,0.0,571.0,571.0,6630.0,5720.0,1075.0,2615.0,1783.0,1678.0,340.0,340.0,6033952
PROVENCE ALPES COTE D AZUR,2015-09-18 07:00:00,2015,261,07:00:00,261.29,335.0,0.0,5.0,0.0,876.0,86.0,0.0,2706.0,0.0,0.0,2610.0,2215.0,0.0,0.0,48.0,949.0,3168.0,3168.0,183.0,183.0,5007977
ILE DE FRANCE,2018-05-04 21:00:00,2018,124,21:00:00,124.88,-2.0,0.0,24.0,0.0,8.0,168.0,0.0,6832.0,0.0,0.0,2157.0,2109.0,0.0,0.0,88.0,122.0,20.0,20.0,306.0,306.0,12213447
CENTRE VAL DE LOIRE,2020-03-06 07:00:00,2020,66,07:00:00,66.29,103.0,9792.0,455.0,0.0,51.0,57.0,0.0,-7406.0,0.0,0.0,229.0,229.0,11630.0,10740.0,1238.0,360.0,92.0,92.0,86.0,86.0,2574863
PAYS DE LA LOIRE,2015-05-21 04:00:00,2015,141,04:00:00,141.17,11.0,0.0,84.0,0.0,2.0,29.0,0.0,2112.0,0.0,0.0,1867.0,1274.0,0.0,0.0,560.0,451.0,7.0,7.0,61.0,61.0,3718512
HAUTS DE FRANCE,2014-11-22 06:30:00,2014,326,06:30:00,326.27,480.0,5211.0,525.0,0.0,2.0,115.0,0.0,-471.0,0.0,0.0,2301.0,2301.0,5460.0,5460.0,2524.0,212.0,5.0,5.0,142.0,142.0,6006156
OCCITANIE,2016-09-09 05:30:00,2016,253,05:30:00,253.23,1.0,2397.0,178.0,0.0,412.0,100.0,-210.0,135.0,0.0,0.0,266.0,266.0,2620.0,2620.0,1142.0,1624.0,5463.0,5133.0,139.0,139.0,5808435
BOURGOGNE FRANCHE COMTE,2019-04-20 03:00:00,2019,110,03:00:00,110.12,60.0,0.0,56.0,0.0,140.0,48.0,-10.0,1581.0,0.0,0.0,401.0,401.0,0.0,0.0,812.0,334.0,520.0,520.0,67.0,67.0,2805580
OCCITANIE,2023-01-23 04:00:00,2023,23,04:00:00,23.17,90.0,1269.0,589.0,0.0,813.0,84.0,-871.0,4056.0,0.0,0.0,326.0,326.0,2620.0,1310.0,1667.0,3139.0,5505.0,5278.0,175.0,175.0,6101005
BRETAGNE,2016-09-13 18:00:00,2016,257,18:00:00,257.75,1.0,0.0,175.0,22.0,5.0,33.0,-19.0,2044.0,0.0,0.0,773.0,688.0,0.0,0.0,877.0,230.0,275.0,275.0,57.0,57.0,3306529
HAUTS DE FRANCE,2014-07-28 13:00:00,2014,209,13:00:00,209.54,249.0,4341.0,214.0,32.0,1.0,75.0,0.0,646.0,0.0,0.0,2289.0,2289.0,5460.0,5460.0,2351.0,212.0,5.0,5.0,139.0,139.0,6006156
AUVERGNE RHONE ALPES,2017-02-04 04:00:00,2017,35,04:00:00,35.17,216.0,9909.0,317.0,0.0,2095.0,118.0,-1801.0,-2589.0,0.0,0.0,984.0,984.0,13570.0,12661.0,425.0,938.0,11238.0,11036.0,177.0,177.0,7948287
GRAND EST,2015-08-22 01:00:00,2015,234,01:00:00,234.04,25.0,10574.0,693.0,0.0,716.0,66.0,-358.0,-7845.0,0.0,0.0,3420.0,3199.0,10820.0,9550.0,2460.0,525.0,2284.0,2284.0,119.0,119.0,5559051
BRETAGNE,2020-07-12 08:00:00,2020,194,08:00:00,194.33,1.0,0.0,208.0,18.0,108.0,54.0,-1.0,1038.0,0.0,0.0,978.0,978.0,0.0,0.0,1028.0,285.0,272.0,272.0,79.0,79.0,3373835
PAYS DE LA LOIRE,2013-10-10 10:30:00,2013,283,10:30:00,283.44,1447.0,0.0,76.0,97.0,0.0,36.0,0.0,1496.0,0.0,0.0,1837.0,1837.0,0.0,0.0,490.0,396.0,6.0,6.0,58.0,58.0,3660852
BRETAGNE,2020-03-17 10:00:00,2020,77,10:00:00,77.42,247.0,0.0,6.0,87.0,20.0,45.0,0.0,2913.0,0.0,0.0,978.0,978.0,0.0,0.0,1028.0,279.0,272.0,272.0,78.0,78.0,3373835
AUVERGNE RHONE ALPES,2018-05-11 01:00:00,2018,131,01:00:00,131.04,19.0,8235.0,138.0,0.0,4043.0,126.0,-664.0,-6165.0,0.0,0.0,1000.0,1000.0,13570.0,12611.0,578.0,1044.0,11259.0,11049.0,179.0,179.0,7994459
BOURGOGNE FRANCHE COMTE,2018-08-18 05:00:00,2018,230,05:00:00,230.21,26.0,0.0,136.0,0.0,7.0,32.0,-1.0,1164.0,0.0,0.0,386.0,386.0,0.0,0.0,708.0,309.0,520.0,443.0,37.0,37.0,2807807
PAYS DE LA LOIRE,2023-01-14 23:00:00,2023,14,23:00:00,14.96,148.0,0.0,883.0,0.0,6.0,58.0,0.0,2131.0,0.0,0.0,2068.0,1669.0,0.0,0.0,1707.0,941.0,10.0,10.0,80.0,80.0,3907426
HAUTS DE FRANCE,2013-07-24 06:00:00,2013,205,06:00:00,205.25,401.0,4411.0,113.0,0.0,1.0,75.0,0.0,-291.0,0.0,0.0,2268.0,2268.0,5460.0,5460.0,2193.0,210.0,5.0,5.0,139.0,139.0,5987883
PAYS DE LA LOIRE,2020-12-21 04:00:00,2020,356,04:00:00,356.17,167.0,0.0,826.0,0.0,6.0,48.0,0.0,1679.0,0.0,0.0,2054.0,1898.0,0.0,0.0,1046.0,682.0,10.0,10.0,77.0,77.0,3832120
ILE DE FRANCE,2016-06-25 11:30:00,2016,177,11:30:00,177.48,-3.0,0.0,2.0,48.0,0.0,156.0,0.0,6647.0,0.0,0.0,2149.0,1576.0,0.0,0.0,61.0,114.0,19.0,19.0,300.0,300.0,12117132
AUVERGNE RHONE ALPES,2013-12-04 19:00:00,2013,338,19:00:00,338.79,215.0,12289.0,116.0,0.0,5875.0,80.0,-6.0,-7584.0,0.0,0.0,926.0,926.0,13570.0,13570.0,335.0,747.0,11128.0,11128.0,125.0,125.0,7757595
GRAND EST,2017-04-24 00:30:00,2017,114,00:30:00,114.02,160.0,7349.0,660.0,0.0,655.0,81.0,0.0,-4172.0,0.0,0.0,3453.0,2858.0,10820.0,9494.0,2879.0,536.0,2298.0,2024.0,140.0,140.0,5549586
BRETAGNE,2021-06-26 23:30:00,2021,177,23:30:00,177.98,1.0,0.0,31.0,0.0,0.0,55.0,-1.0,2000.0,0.0,0.0,982.0,982.0,0.0,0.0,1093.0,325.0,272.0,272.0,81.0,81.0,3394567
PROVENCE ALPES COTE D AZUR,2014-12-29 01:30:00,2014,363,01:30:00,363.06,232.0,0.0,42.0,0.0,1072.0,73.0,0.0,4853.0,0.0,0.0,2600.0,2355.0,0.0,0.0,45.0,879.0,3168.0,3168.0,183.0,183.0,4983438
HAUTS DE FRANCE,2019-02-11 12:30:00,2019,42,12:30:00,42.52,1668.0,5359.0,351.0,44.0,2.0,111.0,0.0,-32.0,0.0,0.0,2969.0,2470.0,5460.0,5341.0,4378.0,235.0,5.0,5.0,177.0,177.0,6004947
ILE DE FRANCE,2014-08-24 22:00:00,2014,236,22:00:00,236.92,-4.0,0.0,2.0,0.0,7.0,112.0,0.0,5755.0,0.0,0.0,2122.0,2122.0,0.0,0.0,37.0,111.0,19.0,19.0,282.0,282.0,12027565
NOUVELLE AQUITAINE,2021-06-23 06:30:00,2021,174,06:30:00,174.27,26.0,3165.0,76.0,2.0,147.0,180.0,0.0,-118.0,0.0,0.0,578.0,578.0,6630.0,6630.0,1301.0,3119.0,1784.0,1784.0,354.0,354.0,6069352
GRAND EST,2013-04-09 05:00:00,2013,99,05:00:00,99.21,1445.0,9299.0,487.0,0.0,639.0,40.0,-530.0,-5801.0,0.0,0.0,3398.0,3398.0,10820.0,10820.0,1847.0,501.0,2280.0,2280.0,86.0,86.0,5552388
GRAND EST,2017-08-21 14:30:00,2017,233,14:30:00,233.6,762.0,7615.0,41.0,241.0,978.0,75.0,0.0,-5052.0,0.0,0.0,3453.0,2949.0,10820.0,9721.0,2996.0,548.0,2298.0,1947.0,141.0,141.0,5549586
PROVENCE ALPES COTE D AZUR,2020-09-18 18:30:00,2020,262,18:30:00,262.77,585.0,0.0,7.0,107.0,1099.0,70.0,0.0,2491.0,0.0,0.0,2710.0,2309.0,0.0,0.0,48.0,1507.0,3262.0,3161.0,357.0,207.0,5098666
BRETAGNE,2018-04-19 10:30:00,2018,109,10:30:00,109.44,1.0,0.0,11.0,88.0,10.0,35.0,-1.0,2396.0,0.0,0.0,904.0,770.0,0.0,0.0,951.0,252.0,270.0,270.0,68.0,68.0,3335414
GRAND EST,2015-10-25 16:30:00,2015,298,16:30:00,298.69,412.0,10878.0,6.0,23.0,391.0,76.0,-341.0,-7308.0,0.0,0.0,3422.0,3201.0,10820.0,10085.0,2504.0,525.0,2285.0,2083.0,119.0,119.0,5559051
BOURGOGNE FRANCHE COMTE,2021-09-27 18:00:00,2021,270,18:00:00,270.75,58.0,0.0,233.0,40.0,15.0,44.0,0.0,1874.0,0.0,0.0,401.0,401.0,0.0,0.0,969.0,469.0,524.0,524.0,72.0,72.0,2800194
PAYS DE LA LOIRE,2022-07-09 06:00:00,2022,190,06:00:00,190.25,0.0,0.0,339.0,0.0,0.0,64.0,0.0,1516.0,0.0,0.0,2068.0,1592.0,0.0,0.0,1662.0,861.0,10.0,10.0,80.0,80.0,3878839
NORMANDIE,2016-05-17 06:30:00,2016,138,06:30:00,138.27,546.0,5042.0,68.0,0.0,10.0,29.0,0.0,-2974.0,0.0,0.0,773.0,503.0,10640.0,9310.0,563.0,218.0,31.0,31.0,95.0,95.0,3335929
NORMANDIE,2017-05-26 08:30:00,2017,146,08:30:00,146.35,286.0,4063.0,140.0,22.0,16.0,46.0,0.0,-2115.0,0.0,0.0,785.0,205.0,10640.0,9442.0,622.0,222.0,31.0,31.0,98.0,98.0,3330478
GRAND EST,2016-08-07 01:00:00,2016,220,01:00:00,220.04,40.0,5618.0,90.0,0.0,1610.0,72.0,0.0,-4063.0,0.0,0.0,3424.0,2920.0,10820.0,9704.0,2634.0,528.0,2295.0,2093.0,123.0,123.0,5555186
ILE DE FRANCE,2018-10-02 19:00:00,2018,275,19:00:00,275.79,-1.0,0.0,20.0,0.0,5.0,133.0,0.0,8698.0,0.0,0.0,2157.0,2084.0,0.0,0.0,88.0,123.0,20.0,20.0,306.0,306.0,12213447
OCCITANIE,2015-09-30 01:30:00,2015,273,01:30:00,273.06,-3.0,1274.0,485.0,0.0,423.0,76.0,-36.0,784.0,0.0,0.0,266.0,0.0,2620.0,2230.0,1039.0,1459.0,5455.0,4886.0,137.0,137.0,5774185
NOUVELLE AQUITAINE,2015-03-14 05:00:00,2015,73,05:00:00,73.21,137.0,4688.0,27.0,0.0,525.0,173.0,0.0,-761.0,0.0,0.0,427.0,427.0,6630.0,5720.0,479.0,1438.0,1774.0,1774.0,234.0,234.0,5911482
NORMANDIE,2015-12-11 23:30:00,2015,345,23:30:00,345.98,963.0,8825.0,180.0,0.0,9.0,47.0,0.0,-6179.0,0.0,0.0,773.0,773.0,10640.0,9310.0,538.0,216.0,24.0,24.0,95.0,95.0,3339131
BRETAGNE,2017-07-25 20:00:00,2017,206,20:00:00,206.83,1.0,0.0,71.0,21.0,27.0,47.0,-1.0,2059.0,0.0,0.0,848.0,848.0,0.0,0.0,916.0,238.0,275.0,275.0,66.0,66.0,3318904
GRAND EST,2022-05-21 15:30:00,2022,141,15:30:00,141.65,75.0,3616.0,44.0,593.0,742.0,162.0,-259.0,-939.0,0.0,0.0,3590.0,3159.0,10820.0,9725.0,4263.0,1013.0,2306.0,1983.0,235.0,235.0,5563889
HAUTS DE FRANCE,2021-02-10 04:30:00,2021,41,04:30:00,41.19,1923.0,3661.0,3310.0,0.0,1.0,108.0,0.0,-1609.0,0.0,0.0,2990.0,2990.0,5460.0,4550.0,5413.0,300.0,5.0,5.0,181.0,181.0,5995292
HAUTS DE FRANCE,2016-09-16 21:30:00,2016,260,21:30:00,260.9,1407.0,3471.0,1257.0,0.0,1.0,115.0,0.0,-928.0,0.0,0.0,2864.0,2726.0,5460.0,4708.0,3122.0,213.0,5.0,5.0,163.0,163.0,6006870
PAYS DE LA LOIRE,2021-11-03 20:00:00,2021,307,20:00:00,307.83,1589.0,0.0,94.0,0.0,3.0,56.0,0.0,2129.0,0.0,0.0,2065.0,2065.0,0.0,0.0,1124.0,778.0,10.0,10.0,79.0,79.0,3853999
AUVERGNE RHONE ALPES,2018-01-06 16:00:00,2018,6,16:00:00,6.67,198.0,10863.0,232.0,23.0,2982.0,147.0,-559.0,-6206.0,0.0,0.0,1000.0,1000.0,13570.0,12687.0,548.0,998.0,11253.0,11011.0,179.0,179.0,7994459
HAUTS DE FRANCE,2015-07-01 13:00:00,2015,182,13:00:00,182.54,161.0,4520.0,312.0,88.0,1.0,77.0,0.0,899.0,0.0,0.0,2301.0,1970.0,5460.0,4550.0,2734.0,213.0,5.0,5.0,160.0,160.0,6009976
BRETAGNE,2016-06-14 05:30:00,2016,166,05:30:00,166.23,1.0,0.0,119.0,0.0,1.0,19.0,-1.0,1516.0,0.0,0.0,771.0,686.0,0.0,0.0,853.0,227.0,275.0,275.0,56.0,56.0,3306529
BOURGOGNE FRANCHE COMTE,2013-06-24 21:30:00,2013,175,21:30:00,175.9,28.0,0.0,3.0,0.0,68.0,7.0,0.0,2171.0,0.0,0.0,301.0,301.0,0.0,0.0,204.0,229.0,480.0,480.0,24.0,24.0,2819783
NOUVELLE AQUITAINE,2020-12-20 20:30:00,2020,355,20:30:00,355.85,151.0,6198.0,429.0,0.0,772.0,176.0,0.0,-1952.0,0.0,0.0,576.0,576.0,6630.0,5676.0,1196.0,2823.0,1783.0,1783.0,347.0,347.0,6033952
OCCITANIE,2021-02-07 13:30:00,2021,38,13:30:00,38.56,90.0,2491.0,737.0,795.0,2072.0,82.0,-53.0,-1292.0,0.0,0.0,318.0,318.0,2620.0,2620.0,1593.0,2446.0,5498.0,5264.0,172.0,172.0,6022176
OCCITANIE,2016-04-22 09:30:00,2016,113,09:30:00,113.4,-2.0,2406.0,47.0,311.0,2529.0,67.0,-15.0,-999.0,0.0,0.0,266.0,266.0,2620.0,2443.0,1098.0,1559.0,5462.0,4894.0,137.0,137.0,5808435
BRETAGNE,2017-05-15 02:30:00,2017,135,02:30:00,135.1,1.0,0.0,215.0,0.0,190.0,42.0,-1.0,1266.0,0.0,0.0,848.0,763.0,0.0,0.0,898.0,235.0,275.0,275.0,66.0,66.0,3318904
BOURGOGNE FRANCHE COMTE,2021-04-05 20:30:00,2021,95,20:30:00,95.85,66.0,0.0,480.0,0.0,42.0,44.0,0.0,1738.0,0.0,0.0,401.0,401.0,0.0,0.0,943.0,411.0,523.0,523.0,71.0,71.0,2800194
AUVERGNE RHONE ALPES,2021-12-27 16:30:00,2021,361,16:30:00,361.69,198.0,11901.0,361.0,43.0,4051.0,109.0,-5.0,-7981.0,0.0,0.0,1048.0,992.0,13570.0,12669.0,723.0,1608.0,11779.0,11653.0,208.0,208.0,8114361
ILE DE FRANCE,2021-08-18 11:00:00,2021,230,11:00:00,230.46,0.0,0.0,11.0,41.0,9.0,137.0,0.0,5876.0,0.0,0.0,2171.0,2171.0,0.0,0.0,148.0,175.0,20.0,20.0,314.0,314.0,12317279
BOURGOGNE FRANCHE COMTE,2021-12-15 06:30:00,2021,349,06:30:00,349.27,180.0,0.0,70.0,0.0,101.0,43.0,0.0,2786.0,0.0,0.0,401.0,401.0,0.0,0.0,992.0,492.0,524.0,524.0,74.0,74.0,2800194
PROVENCE ALPES COTE D AZUR,2021-08-21 12:00:00,2021,233,12:00:00,233.5,28.0,0.0,2.0,1005.0,543.0,67.0,0.0,3034.0,0.0,0.0,2715.0,2452.0,0.0,0.0,96.0,1656.0,3266.0,3235.0,357.0,357.0,5127840
PROVENCE ALPES COTE D AZUR,2013-09-27 10:00:00,2013,270,10:00:00,270.42,760.0,0.0,0.0,130.0,1289.0,62.0,0.0,2200.0,0.0,0.0,2590.0,2316.0,0.0,0.0,45.0,729.0,3159.0,3159.0,151.0,151.0,4953675
NORMANDIE,2020-09-08 13:00:00,2020,252,13:00:00,252.54,770.0,3713.0,55.0,82.0,4.0,55.0,0.0,-1770.0,0.0,0.0,838.0,678.0,10640.0,9310.0,819.0,267.0,31.0,31.0,113.0,113.0,3325522
GRAND EST,2018-05-08 08:30:00,2018,128,08:30:00,128.35,55.0,9619.0,275.0,170.0,1044.0,99.0,0.0,-7352.0,0.0,0.0,3471.0,2960.0,10820.0,9692.0,3068.0,554.0,2300.0,1978.0,156.0,156.0,5550389
BRETAGNE,2017-07-18 11:30:00,2017,199,11:30:00,199.48,1.0,0.0,93.0,60.0,0.0,39.0,-2.0,2308.0,0.0,0.0,848.0,763.0,0.0,0.0,916.0,238.0,275.0,275.0,66.0,66.0,3318904
CENTRE VAL DE LOIRE,2018-03-29 06:30:00,2018,88,06:30:00,88.27,103.0,9098.0,120.0,0.0,32.0,43.0,0.0,-6823.0,0.0,0.0,216.0,216.0,11630.0,10847.0,996.0,285.0,91.0,91.0,76.0,76.0,2572853
NORMANDIE,2017-05-18 16:30:00,2017,138,16:30:00,138.69,327.0,5027.0,171.0,15.0,16.0,45.0,0.0,-2640.0,0.0,0.0,785.0,205.0,10640.0,9462.0,622.0,222.0,31.0,31.0,98.0,98.0,3330478
BOURGOGNE FRANCHE COMTE,2017-08-26 22:30:00,2017,238,22:30:00,238.94,25.0,0.0,65.0,0.0,100.0,22.0,0.0,1703.0,0.0,0.0,331.0,331.0,0.0,0.0,624.0,271.0,519.0,519.0,33.0,33.0,2811423
ILE DE FRANCE,2019-12-11 20:30:00,2019,345,20:30:00,345.85,317.0,0.0,44.0,0.0,8.0,122.0,0.0,10881.0,0.0,0.0,2170.0,2170.0,0.0,0.0,108.0,143.0,20.0,20.0,314.0,314.0,12262544
PROVENCE ALPES COTE D AZUR,2014-02-03 10:00:00,2014,34,10:00:00,34.42,459.0,0.0,0.0,116.0,1504.0,45.0,0.0,4464.0,0.0,0.0,2592.0,2318.0,0.0,0.0,45.0,784.0,3160.0,3160.0,164.0,164.0,4983438
HAUTS DE FRANCE,2021-06-04 01:00:00,2021,155,01:00:00,155.04,172.0,3466.0,431.0,0.0,2.0,119.0,0.0,586.0,0.0,0.0,2990.0,2990.0,5460.0,5460.0,5448.0,382.0,5.0,5.0,182.0,182.0,5995292
PAYS DE LA LOIRE,2019-02-16 22:30:00,2019,47,22:30:00,47.94,598.0,0.0,310.0,0.0,4.0,51.0,0.0,2225.0,0.0,0.0,2037.0,1747.0,0.0,0.0,897.0,567.0,8.0,8.0,70.0,70.0,3806461
PAYS DE LA LOIRE,2015-04-13 13:30:00,2015,103,13:30:00,103.56,421.0,0.0,24.0,256.0,4.0,29.0,0.0,2443.0,0.0,0.0,1867.0,1234.0,0.0,0.0,545.0,446.0,7.0,7.0,59.0,59.0,3718512
NORMANDIE,2019-10-20 21:30:00,2019,293,21:30:00,293.9,165.0,2441.0,286.0,0.0,12.0,59.0,0.0,-26.0,0.0,0.0,833.0,253.0,10640.0,9310.0,806.0,259.0,31.0,31.0,108.0,108.0,3325032
NORMANDIE,2018-06-09 23:00:00,2018,160,23:00:00,160.96,179.0,6229.0,44.0,0.0,16.0,57.0,0.0,-3776.0,0.0,0.0,813.0,233.0,10640.0,9310.0,712.0,240.0,31.0,31.0,103.0,103.0,3327477
GRAND EST,2022-03-01 22:00:00,2022,60,22:00:00,60.92,2347.0,6428.0,757.0,0.0,831.0,160.0,0.0,-4406.0,0.0,0.0,3590.0,3590.0,10820.0,9823.0,4206.0,998.0,2306.0,2104.0,212.0,212.0,5563889
PROVENCE ALPES COTE D AZUR,2019-05-08 09:00:00,2019,128,09:00:00,128.38,868.0,0.0,29.0,94.0,941.0,88.0,0.0,1888.0,0.0,0.0,2674.0,2264.0,0.0,0.0,48.0,1362.0,3241.0,3241.0,357.0,207.0,5081101
BRETAGNE,2015-01-04 14:00:00,2015,4,14:00:00,4.58,108.0,0.0,2.0,18.0,215.0,38.0,-1.0,2235.0,0.0,0.0,719.0,719.0,0.0,0.0,791.0,218.0,272.0,272.0,53.0,53.0,3293850
PAYS DE LA LOIRE,2018-01-19 03:30:00,2018,19,03:30:00,19.15,176.0,0.0,210.0,0.0,3.0,43.0,0.0,2893.0,0.0,0.0,1954.0,1954.0,0.0,0.0,786.0,534.0,8.0,8.0,69.0,69.0,3781423
BOURGOGNE FRANCHE COMTE,2016-02-06 00:30:00,2016,37,00:30:00,37.02,111.0,0.0,234.0,0.0,147.0,23.0,0.0,2094.0,0.0,0.0,329.0,329.0,0.0,0.0,414.0,264.0,513.0,513.0,29.0,29.0,2818338
ILE DE FRANCE,2015-03-07 11:00:00,2015,66,11:00:00,66.46,519.0,0.0,1.0,24.0,4.0,127.0,0.0,9525.0,0.0,0.0,2144.0,1726.0,0.0,0.0,37.0,112.0,19.0,19.0,286.0,286.0,12082144
AUVERGNE RHONE ALPES,2013-05-31 15:30:00,2013,151,15:30:00,151.65,25.0,10628.0,229.0,80.0,5195.0,62.0,-6.0,-8122.0,0.0,0.0,919.0,919.0,13570.0,13570.0,335.0,717.0,11116.0,11116.0,106.0,106.0,7757595
HAUTS DE FRANCE,2021-03-18 16:00:00,2021,77,16:00:00,77.67,1299.0,4571.0,1001.0,39.0,2.0,137.0,0.0,-339.0,0.0,0.0,2990.0,2990.0,5460.0,5460.0,5430.0,315.0,5.0,5.0,182.0,182.0,5995292
HAUTS DE FRANCE,2018-03-17 09:00:00,2018,76,09:00:00,76.38,1286.0,4455.0,1446.0,2.0,2.0,124.0,0.0,-928.0,0.0,0.0,2922.0,2922.0,5460.0,4550.0,3819.0,218.0,5.0,5.0,170.0,170.0,6004108
BRETAGNE,2014-12-11 18:00:00,2014,345,18:00:00,345.75,106.0,0.0,316.0,0.0,117.0,34.0,-1.0,3034.0,0.0,0.0,713.0,713.0,0.0,0.0,791.0,218.0,272.0,272.0,53.0,53.0,3276543
PAYS DE LA LOIRE,2020-04-01 18:30:00,2020,92,18:30:00,92.77,6.0,0.0,228.0,165.0,4.0,54.0,0.0,2294.0,0.0,0.0,2050.0,1953.0,0.0,0.0,989.0,635.0,10.0,10.0,76.0,76.0,3832120
BRETAGNE,2019-11-25 10:00:00,2019,329,10:00:00,329.42,211.0,0.0,159.0,13.0,188.0,46.0,-1.0,2777.0,0.0,0.0,978.0,978.0,0.0,0.0,1021.0,271.0,272.0,272.0,76.0,76.0,3354854
PROVENCE ALPES COTE D AZUR,2020-05-29 00:00:00,2020,150,00:00:00,150.0,75.0,0.0,1.0,0.0,2066.0,112.0,0.0,1625.0,0.0,0.0,2710.0,2279.0,0.0,0.0,48.0,1461.0,3259.0,3259.0,357.0,207.0,5098666
CENTRE VAL DE LOIRE,2020-05-16 10:30:00,2020,137,10:30:00,137.44,2.0,7070.0,19.0,196.0,3.0,65.0,0.0,-5704.0,0.0,0.0,229.0,229.0,11630.0,10761.0,1247.0,364.0,92.0,92.0,86.0,86.0,2574863
BOURGOGNE FRANCHE COMTE,2018-09-30 07:30:00,2018,273,07:30:00,273.31,61.0,0.0,5.0,0.0,63.0,39.0,0.0,1393.0,0.0,0.0,386.0,386.0,0.0,0.0,708.0,310.0,520.0,443.0,57.0,57.0,2807807
PAYS DE LA LOIRE,2022-09-06 16:30:00,2022,249,16:30:00,249.69,78.0,0.0,782.0,200.0,0.0,45.0,0.0,1645.0,0.0,0.0,2068.0,1668.0,0.0,0.0,1675.0,903.0,10.0,10.0,80.0,80.0,3878839
OCCITANIE,2014-11-06 08:30:00,2014,310,08:30:00,310.35,60.0,1135.0,344.0,69.0,1340.0,100.0,0.0,1597.0,0.0,0.0,251.0,0.0,2620.0,2620.0,943.0,1313.0,5416.0,5416.0,132.0,132.0,5730753
HAUTS DE FRANCE,2015-03-26 11:30:00,2015,85,11:30:00,85.48,1449.0,4528.0,1548.0,21.0,2.0,106.0,0.0,227.0,0.0,0.0,2301.0,2121.0,5460.0,4550.0,2701.0,213.0,5.0,5.0,159.0,159.0,6009976
NOUVELLE AQUITAINE,2017-05-02 06:00:00,2017,122,06:00:00,122.25,84.0,4781.0,102.0,-1.0,283.0,158.0,0.0,-1094.0,0.0,0.0,465.0,465.0,6630.0,5728.0,742.0,1959.0,1780.0,1669.0,306.0,306.0,5956978
PROVENCE ALPES COTE D AZUR,2017-11-25 05:30:00,2017,329,05:30:00,329.23,482.0,0.0,2.0,0.0,198.0,255.0,-51.0,3325.0,0.0,0.0,2643.0,2337.0,0.0,0.0,48.0,1180.0,3227.0,3227.0,357.0,357.0,5030890
AUVERGNE RHONE ALPES,2015-09-24 07:00:00,2015,267,07:00:00,267.29,365.0,8606.0,132.0,0.0,2218.0,96.0,-18.0,-4038.0,0.0,0.0,944.0,944.0,13570.0,12650.0,372.0,889.0,11183.0,10943.0,141.0,141.0,7877698
PROVENCE ALPES COTE D AZUR,2021-06-20 20:30:00,2021,171,20:30:00,171.85,21.0,0.0,31.0,43.0,1625.0,71.0,-51.0,2347.0,0.0,0.0,2715.0,2341.0,0.0,0.0,96.0,1601.0,3266.0,3235.0,357.0,357.0,5127840
ILE DE FRANCE,2017-12-30 03:00:00,2017,364,03:00:00,364.12,286.0,0.0,22.0,0.0,6.0,158.0,0.0,7062.0,0.0,0.0,2157.0,2057.0,0.0,0.0,88.0,119.0,19.0,19.0,306.0,306.0,12174880
BRETAGNE,2013-07-02 05:30:00,2013,183,05:30:00,183.23,0.0,0.0,47.0,0.0,0.0,19.0,0.0,1586.0,0.0,0.0,665.0,665.0,0.0,0.0,722.0,205.0,11.0,11.0,47.0,47.0,3258707
OCCITANIE,2018-04-19 09:30:00,2018,109,09:30:00,109.4,0.0,2496.0,225.0,536.0,3090.0,84.0,-14.0,-2506.0,0.0,0.0,291.0,291.0,2620.0,2620.0,1386.0,1884.0,5482.0,5256.0,146.0,146.0,5885496
NORMANDIE,2018-10-10 20:30:00,2018,283,20:30:00,283.85,181.0,6400.0,320.0,0.0,10.0,51.0,0.0,-3939.0,0.0,0.0,821.0,241.0,10640.0,9330.0,736.0,250.0,31.0,31.0,104.0,104.0,3327477
CENTRE VAL DE LOIRE,2022-09-01 05:00:00,2022,244,05:00:00,244.21,18.0,5614.0,53.0,0.0,1.0,68.0,0.0,-4439.0,0.0,0.0,229.0,229.0,11630.0,10599.0,1482.0,773.0,92.0,92.0,90.0,90.0,2572916
BOURGOGNE FRANCHE COMTE,2022-04-08 06:30:00,2022,98,06:30:00,98.27,24.0,0.0,229.0,0.0,96.0,46.0,0.0,2028.0,0.0,0.0,401.0,401.0,0.0,0.0,1049.0,523.0,524.0,524.0,74.0,74.0,2797366
PAYS DE LA LOIRE,2017-08-18 05:30:00,2017,230,05:30:00,230.23,4.0,0.0,131.0,0.0,0.0,39.0,0.0,1782.0,0.0,0.0,1921.0,1286.0,0.0,0.0,727.0,504.0,8.0,8.0,66.0,66.0,3757600
PAYS DE LA LOIRE,2015-02-06 11:00:00,2015,37,11:00:00,37.46,1201.0,0.0,404.0,51.0,5.0,40.0,0.0,3991.0,0.0,0.0,1867.0,1234.0,0.0,0.0,537.0,440.0,7.0,7.0,59.0,59.0,3718512
GRAND EST,2018-01-21 17:30:00,2018,21,17:30:00,21.73,241.0,11040.0,464.0,0.0,1042.0,99.0,0.0,-7320.0,0.0,0.0,3471.0,3471.0,10820.0,10102.0,3053.0,552.0,2300.0,2002.0,145.0,145.0,5550389
GRAND EST,2017-11-06 15:00:00,2017,310,15:00:00,310.62,2084.0,8755.0,502.0,66.0,815.0,121.0,0.0,-6223.0,0.0,0.0,3471.0,2960.0,10820.0,9558.0,3040.0,549.0,2299.0,1995.0,141.0,141.0,5549586
HAUTS DE FRANCE,2019-05-23 02:30:00,2019,143,02:30:00,143.1,661.0,2979.0,73.0,0.0,1.0,118.0,0.0,857.0,0.0,0.0,2969.0,2715.0,5460.0,4591.0,4467.0,236.0,5.0,5.0,178.0,178.0,6004947
BRETAGNE,2020-10-06 16:00:00,2020,280,16:00:00,280.67,80.0,0.0,556.0,44.0,161.0,41.0,-1.0,1708.0,0.0,0.0,978.0,901.0,0.0,0.0,1039.0,290.0,272.0,272.0,81.0,81.0,3373835
CENTRE VAL DE LOIRE,2016-04-26 21:00:00,2016,117,21:00:00,117.88,0.0,8434.0,197.0,0.0,24.0,53.0,0.0,-6351.0,0.0,0.0,170.0,170.0,11630.0,10637.0,874.0,249.0,91.0,91.0,71.0,71.0,2577866
BRETAGNE,2016-01-02 15:00:00,2016,2,15:00:00,2.62,147.0,0.0,704.0,26.0,9.0,36.0,0.0,1753.0,0.0,0.0,768.0,768.0,0.0,0.0,819.0,223.0,275.0,275.0,56.0,56.0,3306529
BRETAGNE,2020-09-24 20:00:00,2020,268,20:00:00,268.83,1.0,0.0,600.0,0.0,117.0,50.0,-1.0,1670.0,0.0,0.0,978.0,877.0,0.0,0.0,1028.0,289.0,272.0,272.0,80.0,80.0,3373835
PROVENCE ALPES COTE D AZUR,2019-08-06 09:30:00,2019,218,09:30:00,218.4,1085.0,0.0,5.0,428.0,778.0,104.0,0.0,2043.0,0.0,0.0,2674.0,2265.0,0.0,0.0,48.0,1385.0,3242.0,3101.0,357.0,207.0,5081101
CENTRE VAL DE LOIRE,2017-05-06 15:00:00,2017,126,15:00:00,126.62,0.0,9442.0,382.0,68.0,2.0,46.0,0.0,-8046.0,0.0,0.0,198.0,198.0,11630.0,10732.0,947.0,267.0,91.0,91.0,76.0,76.0,2576252
HAUTS DE FRANCE,2016-03-31 20:00:00,2016,91,20:00:00,91.83,1499.0,4477.0,960.0,1.0,3.0,131.0,0.0,-465.0,0.0,0.0,2864.0,2864.0,5460.0,4930.0,2919.0,213.0,5.0,5.0,160.0,160.0,6006870
PAYS DE LA LOIRE,2015-12-30 10:00:00,2015,364,10:00:00,364.42,486.0,0.0,371.0,25.0,3.0,37.0,0.0,2613.0,0.0,0.0,1876.0,1296.0,0.0,0.0,591.0,457.0,7.0,7.0,61.0,61.0,3718512
OCCITANIE,2022-12-24 11:30:00,2022,358,11:30:00,358.48,76.0,1279.0,19.0,727.0,748.0,104.0,-36.0,852.0,0.0,0.0,326.0,326.0,2620.0,1310.0,1667.0,3138.0,5505.0,5505.0,175.0,175.0,6067101
CENTRE VAL DE LOIRE,2016-12-08 08:30:00,2016,343,08:30:00,343.35,82.0,10717.0,158.0,0.0,12.0,54.0,0.0,-7687.0,0.0,0.0,198.0,198.0,11630.0,10740.0,917.0,261.0,91.0,91.0,71.0,71.0,2577866
GRAND EST,2015-12-01 04:00:00,2015,335,04:00:00,335.17,588.0,12161.0,2180.0,0.0,660.0,74.0,-523.0,-9895.0,0.0,0.0,3424.0,3203.0,10820.0,10820.0,2548.0,525.0,2285.0,2083.0,119.0,119.0,5559051
NORMANDIE,2016-05-26 20:00:00,2016,147,20:00:00,147.83,230.0,5916.0,52.0,7.0,11.0,37.0,0.0,-3529.0,0.0,0.0,773.0,193.0,10640.0,9417.0,563.0,218.0,31.0,31.0,95.0,95.0,3335929
OCCITANIE,2018-06-03 00:30:00,2018,154,00:30:00,154.02,0.0,1142.0,55.0,0.0,2055.0,54.0,-97.0,304.0,0.0,0.0,295.0,295.0,2620.0,1310.0,1389.0,1901.0,5485.0,5280.0,146.0,146.0,5885496
PAYS DE LA LOIRE,2019-04-30 09:00:00,2019,120,09:00:00,120.38,458.0,0.0,57.0,114.0,3.0,44.0,0.0,2920.0,0.0,0.0,2037.0,1783.0,0.0,0.0,909.0,574.0,8.0,8.0,70.0,70.0,3806461
NOUVELLE AQUITAINE,2018-07-12 19:00:00,2018,193,19:00:00,193.79,26.0,5638.0,46.0,809.0,317.0,176.0,0.0,-2098.0,0.0,0.0,482.0,482.0,6630.0,5720.0,924.0,2362.0,1781.0,1669.0,315.0,315.0,5979778
AUVERGNE RHONE ALPES,2020-09-08 21:30:00,2020,252,21:30:00,252.9,421.0,9385.0,48.0,0.0,2398.0,121.0,-16.0,-5869.0,0.0,0.0,1034.0,1034.0,13570.0,12673.0,647.0,1300.0,11750.0,11552.0,193.0,193.0,8078652
GRAND EST,2021-01-27 09:00:00,2021,27,09:00:00,27.38,2115.0,8979.0,1251.0,1.0,1081.0,127.0,0.0,-6150.0,0.0,0.0,3585.0,3172.0,10820.0,9785.0,3849.0,696.0,2305.0,2103.0,199.0,199.0,5561287
PAYS DE LA LOIRE,2018-11-01 10:00:00,2018,305,10:00:00,305.42,92.0,0.0,61.0,111.0,0.0,47.0,0.0,2662.0,0.0,0.0,1985.0,1891.0,0.0,0.0,849.0,556.0,8.0,8.0,70.0,70.0,3781423
OCCITANIE,2014-04-16 02:30:00,2014,106,02:30:00,106.1,-2.0,2453.0,140.0,0.0,1293.0,65.0,-50.0,-775.0,0.0,0.0,251.0,251.0,2620.0,2620.0,897.0,1223.0,5400.0,5400.0,127.0,127.0,5730753
GRAND EST,2020-10-15 07:00:00,2020,289,07:00:00,289.29,1268.0,9115.0,734.0,0.0,853.0,118.0,0.0,-6567.0,0.0,0.0,3585.0,3172.0,10820.0,9667.0,3821.0,664.0,2305.0,1968.0,190.0,190.0,5562651
PROVENCE ALPES COTE D AZUR,2015-05-31 15:00:00,2015,151,15:00:00,151.62,167.0,0.0,4.0,527.0,812.0,86.0,0.0,1967.0,0.0,0.0,2610.0,2328.0,0.0,0.0,45.0,914.0,3168.0,3168.0,183.0,183.0,5007977
PROVENCE ALPES COTE D AZUR,2020-02-13 10:30:00,2020,44,10:30:00,44.44,1900.0,0.0,1.0,353.0,2342.0,89.0,0.0,1120.0,0.0,0.0,2705.0,2376.0,0.0,0.0,48.0,1449.0,3249.0,3249.0,357.0,207.0,5098666
BRETAGNE,2013-11-22 13:00:00,2013,326,13:00:00,326.54,70.0,0.0,238.0,46.0,38.0,24.0,-1.0,3202.0,0.0,0.0,676.0,676.0,0.0,0.0,739.0,207.0,251.0,251.0,49.0,49.0,3258707
HAUTS DE FRANCE,2018-09-02 03:00:00,2018,245,03:00:00,245.12,354.0,2629.0,600.0,0.0,0.0,132.0,0.0,271.0,0.0,0.0,2922.0,2784.0,5460.0,4550.0,4014.0,229.0,5.0,5.0,171.0,171.0,6004108
BOURGOGNE FRANCHE COMTE,2015-11-20 10:00:00,2015,324,10:00:00,324.42,123.0,0.0,308.0,4.0,17.0,24.0,0.0,2442.0,0.0,0.0,325.0,80.0,0.0,0.0,414.0,262.0,513.0,513.0,29.0,29.0,2820940
NOUVELLE AQUITAINE,2020-10-26 13:30:00,2020,300,13:30:00,300.56,60.0,5550.0,357.0,811.0,355.0,143.0,0.0,-1669.0,0.0,0.0,576.0,576.0,6630.0,5507.0,1183.0,2764.0,1783.0,1678.0,347.0,347.0,6033952
NOUVELLE AQUITAINE,2013-10-28 00:00:00,2013,301,00:00:00,301.0,59.0,5582.0,265.0,0.0,212.0,113.0,0.0,-2209.0,0.0,0.0,421.0,421.0,6630.0,6630.0,364.0,1002.0,1760.0,1760.0,214.0,214.0,5844177
CENTRE VAL DE LOIRE,2017-02-13 04:00:00,2017,44,04:00:00,44.17,103.0,10748.0,830.0,0.0,4.0,52.0,0.0,-9290.0,0.0,0.0,198.0,198.0,11630.0,11630.0,937.0,264.0,91.0,91.0,76.0,76.0,2576252
HAUTS DE FRANCE,2019-05-27 05:00:00,2019,147,05:00:00,147.21,248.0,3489.0,565.0,0.0,1.0,112.0,0.0,-253.0,0.0,0.0,2969.0,2715.0,5460.0,4550.0,4482.0,236.0,5.0,5.0,178.0,178.0,6004947
PROVENCE ALPES COTE D AZUR,2016-10-31 03:30:00,2016,305,03:30:00,305.15,1682.0,0.0,2.0,0.0,278.0,115.0,0.0,1610.0,0.0,0.0,2621.0,2376.0,0.0,0.0,48.0,1048.0,3192.0,3192.0,354.0,354.0,5021928
HAUTS DE FRANCE,2017-07-16 01:00:00,2017,197,01:00:00,197.04,803.0,2596.0,333.0,0.0,0.0,121.0,0.0,546.0,0.0,0.0,2910.0,2910.0,5460.0,4550.0,3512.0,215.0,5.0,5.0,165.0,165.0,6003815
GRAND EST,2017-11-01 05:00:00,2017,305,05:00:00,305.21,1173.0,8738.0,99.0,0.0,513.0,117.0,-533.0,-5139.0,0.0,0.0,3465.0,2947.0,10820.0,9518.0,3040.0,549.0,2299.0,2004.0,141.0,141.0,5549586
CENTRE VAL DE LOIRE,2017-12-29 13:30:00,2017,363,13:30:00,363.56,99.0,9207.0,845.0,32.0,21.0,57.0,0.0,-7224.0,0.0,0.0,214.0,214.0,11630.0,10680.0,987.0,279.0,91.0,91.0,76.0,76.0,2576252
NOUVELLE AQUITAINE,2016-12-27 02:00:00,2016,362,02:00:00,362.08,226.0,5200.0,204.0,-1.0,80.0,184.0,0.0,-901.0,0.0,0.0,450.0,450.0,6630.0,5135.0,696.0,1921.0,1780.0,1780.0,295.0,295.0,5935603
CENTRE VAL DE LOIRE,2013-01-01 02:30:00,2013,1,02:30:00,1.1,90.0,9382.0,537.0,0.0,34.0,24.0,0.0,-7740.0,0.0,0.0,157.0,157.0,11630.0,11630.0,662.0,207.0,91.0,91.0,41.0,41.0,2570548
BOURGOGNE FRANCHE COMTE,2020-12-04 09:30:00,2020,339,09:30:00,339.4,129.0,0.0,320.0,9.0,98.0,42.0,0.0,2665.0,0.0,0.0,401.0,401.0,0.0,0.0,897.0,394.0,523.0,523.0,71.0,71.0,2801695
ILE DE FRANCE,2014-03-28 21:00:00,2014,87,21:00:00,87.88,413.0,0.0,10.0,0.0,10.0,157.0,0.0,8849.0,0.0,0.0,2122.0,1872.0,0.0,0.0,37.0,111.0,19.0,19.0,282.0,282.0,12027565
GRAND EST,2014-10-10 19:30:00,2014,283,19:30:00,283.81,1979.0,7821.0,73.0,0.0,1191.0,65.0,0.0,-5490.0,0.0,0.0,3398.0,3198.0,10820.0,10820.0,2257.0,517.0,2283.0,2283.0,107.0,107.0,5554645
NOUVELLE AQUITAINE,2022-01-07 18:30:00,2022,7,18:30:00,7.77,188.0,3725.0,850.0,1.0,1541.0,201.0,0.0,454.0,0.0,0.0,578.0,578.0,6630.0,5135.0,1368.0,3448.0,1784.0,1666.0,356.0,356.0,6098051
CENTRE VAL DE LOIRE,2019-05-10 03:30:00,2019,130,03:30:00,130.15,12.0,7679.0,156.0,0.0,5.0,64.0,0.0,-6245.0,0.0,0.0,228.0,228.0,11630.0,10730.0,1160.0,312.0,91.0,91.0,84.0,84.0,2573180
NORMANDIE,2020-11-09 09:00:00,2020,314,09:00:00,314.38,341.0,6343.0,184.0,12.0,13.0,55.0,0.0,-3607.0,0.0,0.0,852.0,272.0,10640.0,9310.0,831.0,270.0,31.0,31.0,115.0,115.0,3325522
AUVERGNE RHONE ALPES,2021-07-22 02:00:00,2021,203,02:00:00,203.08,49.0,8525.0,53.0,0.0,3402.0,124.0,-21.0,-6521.0,0.0,0.0,1047.0,1047.0,13570.0,13570.0,723.0,1501.0,11771.0,11624.0,208.0,208.0,8114361
GRAND EST,2015-04-07 15:00:00,2015,97,15:00:00,97.62,1699.0,5798.0,152.0,323.0,1163.0,75.0,-540.0,-2956.0,0.0,0.0,3420.0,3088.0,10820.0,9560.0,2376.0,523.0,2284.0,2284.0,109.0,109.0,5559051
PROVENCE ALPES COTE D AZUR,2018-05-06 03:00:00,2018,126,03:00:00,126.12,31.0,0.0,0.0,0.0,1804.0,105.0,0.0,1416.0,0.0,0.0,2666.0,2267.0,0.0,0.0,48.0,1245.0,3233.0,3233.0,357.0,215.0,5052832
PROVENCE ALPES COTE D AZUR,2015-02-07 19:30:00,2015,38,19:30:00,38.81,1251.0,0.0,19.0,0.0,1925.0,69.0,0.0,3959.0,0.0,0.0,2600.0,2314.0,0.0,0.0,45.0,883.0,3168.0,3168.0,183.0,183.0,5007977
PROVENCE ALPES COTE D AZUR,2018-05-28 06:00:00,2018,148,06:00:00,148.25,38.0,0.0,6.0,0.0,1615.0,80.0,0.0,1367.0,0.0,0.0,2666.0,2247.0,0.0,0.0,48.0,1249.0,3233.0,3233.0,357.0,207.0,5052832
HAUTS DE FRANCE,2018-07-13 00:00:00,2018,194,00:00:00,194.0,1040.0,3448.0,598.0,0.0,1.0,135.0,0.0,222.0,0.0,0.0,2922.0,2754.0,5460.0,4550.0,3928.0,221.0,5.0,5.0,170.0,170.0,6004108
GRAND EST,2015-05-26 07:30:00,2015,146,07:30:00,146.31,44.0,9524.0,453.0,30.0,1327.0,74.0,0.0,-6483.0,0.0,0.0,3420.0,3132.0,10820.0,9877.0,2386.0,524.0,2284.0,2284.0,115.0,115.0,5559051
OCCITANIE,2016-05-17 14:30:00,2016,138,14:30:00,138.6,-2.0,1151.0,50.0,960.0,1842.0,81.0,-14.0,-34.0,0.0,0.0,266.0,266.0,2620.0,1310.0,1098.0,1574.0,5462.0,5235.0,137.0,137.0,5808435
ILE DE FRANCE,2020-09-15 00:30:00,2020,259,00:30:00,259.02,273.0,0.0,7.0,0.0,4.0,177.0,0.0,5337.0,0.0,0.0,2170.0,2022.0,0.0,0.0,125.0,168.0,20.0,20.0,314.0,314.0,12271794
GRAND EST,2018-11-02 23:30:00,2018,306,23:30:00,306.98,1761.0,11101.0,727.0,0.0,519.0,92.0,0.0,-8865.0,0.0,0.0,3527.0,2932.0,10820.0,9704.0,3165.0,560.0,2301.0,2006.0,161.0,161.0,5550389
BOURGOGNE FRANCHE COMTE,2016-04-15 09:30:00,2016,106,09:30:00,106.4,24.0,0.0,78.0,15.0,107.0,23.0,0.0,2398.0,0.0,0.0,329.0,329.0,0.0,0.0,414.0,264.0,513.0,513.0,30.0,30.0,2818338
BRETAGNE,2017-04-03 02:00:00,2017,93,02:00:00,93.08,1.0,0.0,38.0,0.0,3.0,42.0,-53.0,2258.0,0.0,0.0,848.0,848.0,0.0,0.0,887.0,234.0,275.0,275.0,61.0,61.0,3318904
PROVENCE ALPES COTE D AZUR,2018-10-19 04:00:00,2018,292,04:00:00,292.17,477.0,0.0,2.0,0.0,455.0,71.0,0.0,2001.0,0.0,0.0,2666.0,2275.0,0.0,0.0,48.0,1300.0,3233.0,3109.0,357.0,207.0,5052832
NOUVELLE AQUITAINE,2018-01-21 12:00:00,2018,21,12:00:00,21.5,240.0,6710.0,505.0,132.0,1125.0,173.0,0.0,-3145.0,0.0,0.0,478.0,478.0,6630.0,6630.0,882.0,2245.0,1781.0,1781.0,307.0,307.0,5979778
BRETAGNE,2022-09-02 00:00:00,2022,245,00:00:00,245.0,454.0,0.0,4.0,0.0,0.0,59.0,-44.0,1766.0,0.0,0.0,1432.0,1298.0,0.0,0.0,1209.0,380.0,272.0,272.0,83.0,83.0,3414637
ILE DE FRANCE,2022-03-30 02:00:00,2022,89,02:00:00,89.08,180.0,0.0,0.0,0.0,9.0,156.0,0.0,5867.0,0.0,0.0,2171.0,2029.0,0.0,0.0,148.0,217.0,20.0,20.0,314.0,314.0,12354286
OCCITANIE,2016-03-22 05:30:00,2016,82,05:30:00,82.23,56.0,2490.0,183.0,0.0,1408.0,70.0,-632.0,623.0,0.0,0.0,266.0,0.0,2620.0,2620.0,1098.0,1535.0,5462.0,5235.0,137.0,137.0,5808435
OCCITANIE,2015-09-19 22:30:00,2015,262,22:30:00,262.94,-3.0,1024.0,343.0,0.0,900.0,68.0,-4.0,840.0,0.0,0.0,266.0,0.0,2620.0,1310.0,1039.0,1452.0,5455.0,4886.0,137.0,137.0,5774185
NOUVELLE AQUITAINE,2023-01-02 19:30:00,2023,2,19:30:00,2.81,178.0,2707.0,145.0,0.0,872.0,213.0,0.0,1345.0,0.0,0.0,581.0,581.0,6630.0,5683.0,1644.0,3941.0,1786.0,1786.0,356.0,356.0,6110365
ILE DE FRANCE,2021-07-02 10:00:00,2021,183,10:00:00,183.42,0.0,0.0,0.0,55.0,9.0,156.0,0.0,6976.0,0.0,0.0,2171.0,2171.0,0.0,0.0,125.0,174.0,20.0,20.0,314.0,314.0,12317279
CENTRE VAL DE LOIRE,2020-01-12 20:30:00,2020,12,20:30:00,12.85,125.0,9682.0,226.0,0.0,29.0,57.0,0.0,-7527.0,0.0,0.0,229.0,229.0,11630.0,10725.0,1223.0,349.0,91.0,91.0,86.0,86.0,2574863
PAYS DE LA LOIRE,2021-01-21 13:00:00,2021,21,13:00:00,21.54,572.0,0.0,839.0,23.0,5.0,48.0,0.0,3273.0,0.0,0.0,2054.0,2054.0,0.0,0.0,1046.0,689.0,10.0,10.0,78.0,78.0,3853999
OCCITANIE,2020-05-19 08:00:00,2020,140,08:00:00,140.33,0.0,2426.0,805.0,236.0,2051.0,79.0,0.0,-2348.0,0.0,0.0,314.0,314.0,2620.0,1310.0,1579.0,2214.0,5492.0,5266.0,171.0,171.0,5973969
BRETAGNE,2022-01-22 13:30:00,2022,22,13:30:00,22.56,472.0,0.0,30.0,39.0,152.0,55.0,-1.0,2893.0,0.0,0.0,1431.0,985.0,0.0,0.0,1149.0,357.0,272.0,272.0,82.0,82.0,3414637
CENTRE VAL DE LOIRE,2019-03-12 07:00:00,2019,71,07:00:00,71.29,89.0,10735.0,554.0,0.0,33.0,57.0,0.0,-8566.0,0.0,0.0,228.0,228.0,11630.0,10740.0,1127.0,307.0,91.0,91.0,84.0,84.0,2573180
CENTRE VAL DE LOIRE,2021-11-30 12:00:00,2021,334,12:00:00,334.5,73.0,7893.0,969.0,90.0,9.0,59.0,0.0,-5845.0,0.0,0.0,229.0,229.0,11630.0,10735.0,1381.0,674.0,92.0,92.0,90.0,90.0,2573303
HAUTS DE FRANCE,2014-06-23 12:30:00,2014,174,12:30:00,174.52,417.0,1652.0,219.0,85.0,1.0,79.0,0.0,3283.0,0.0,0.0,2289.0,2056.0,5460.0,5460.0,2328.0,211.0,5.0,5.0,139.0,139.0,6006156
GRAND EST,2018-10-02 18:30:00,2018,275,18:30:00,275.77,1239.0,9705.0,1273.0,3.0,519.0,81.0,0.0,-7038.0,0.0,0.0,3514.0,3010.0,10820.0,9610.0,3155.0,559.0,2301.0,1951.0,160.0,160.0,5550389
NORMANDIE,2014-07-19 00:30:00,2014,200,00:30:00,200.02,201.0,9563.0,63.0,0.0,5.0,55.0,0.0,-7301.0,0.0,0.0,761.0,181.0,10640.0,10640.0,489.0,213.0,24.0,24.0,90.0,90.0,3335645
NOUVELLE AQUITAINE,2015-12-17 05:00:00,2015,351,05:00:00,351.21,140.0,6551.0,220.0,-1.0,116.0,181.0,0.0,-2404.0,0.0,0.0,429.0,429.0,6630.0,6630.0,547.0,1779.0,1778.0,1778.0,258.0,258.0,5911482
HAUTS DE FRANCE,2018-07-12 16:00:00,2018,193,16:00:00,193.67,1022.0,3563.0,135.0,63.0,1.0,133.0,0.0,489.0,0.0,0.0,2922.0,2723.0,5460.0,4550.0,3928.0,221.0,5.0,5.0,170.0,170.0,6004108
BRETAGNE,2013-01-24 11:30:00,2013,24,11:30:00,24.48,62.0,0.0,32.0,28.0,170.0,13.0,-1.0,3663.0,0.0,0.0,658.0,658.0,0.0,0.0,716.0,201.0,11.0,11.0,36.0,36.0,3258707
BRETAGNE,2020-02-16 00:00:00,2020,47,00:00:00,47.0,251.0,0.0,886.0,0.0,14.0,52.0,-1.0,1886.0,0.0,0.0,978.0,978.0,0.0,0.0,1021.0,278.0,272.0,272.0,78.0,78.0,3373835
NORMANDIE,2014-10-07 00:30:00,2014,280,00:30:00,280.02,214.0,8826.0,85.0,0.0,16.0,43.0,0.0,-6226.0,0.0,0.0,761.0,181.0,10640.0,10640.0,489.0,213.0,24.0,24.0,91.0,91.0,3335645
NOUVELLE AQUITAINE,2014-05-06 01:00:00,2014,126,01:00:00,126.04,28.0,5650.0,114.0,0.0,506.0,133.0,0.0,-2247.0,0.0,0.0,421.0,421.0,6630.0,6630.0,417.0,1099.0,1770.0,1770.0,220.0,220.0,5879144
CENTRE VAL DE LOIRE,2015-12-25 13:00:00,2015,359,13:00:00,359.54,69.0,10560.0,430.0,82.0,1.0,55.0,0.0,-9251.0,0.0,0.0,168.0,168.0,11630.0,11630.0,842.0,242.0,91.0,91.0,71.0,71.0,2578592
HAUTS DE FRANCE,2014-12-24 01:30:00,2014,358,01:30:00,358.06,529.0,5367.0,1298.0,0.0,2.0,104.0,0.0,-1394.0,0.0,0.0,2301.0,2301.0,5460.0,5460.0,2595.0,212.0,5.0,5.0,155.0,155.0,6006156
CENTRE VAL DE LOIRE,2013-10-24 00:00:00,2013,297,00:00:00,297.0,9.0,6198.0,296.0,0.0,2.0,30.0,0.0,-4691.0,0.0,0.0,162.0,162.0,11630.0,11630.0,739.0,213.0,91.0,91.0,56.0,56.0,2570548
HAUTS DE FRANCE,2014-12-05 10:00:00,2014,339,10:00:00,339.42,1403.0,5505.0,24.0,1.0,2.0,109.0,0.0,1063.0,0.0,0.0,2301.0,2051.0,5460.0,5460.0,2535.0,212.0,5.0,5.0,155.0,155.0,6006156
NOUVELLE AQUITAINE,2013-10-13 00:00:00,2013,286,00:00:00,286.0,59.0,5751.0,16.0,0.0,302.0,109.0,0.0,-1595.0,0.0,0.0,421.0,421.0,6630.0,6630.0,364.0,1001.0,1760.0,1760.0,213.0,213.0,5844177
BOURGOGNE FRANCHE COMTE,2013-09-12 06:00:00,2013,255,06:00:00,255.25,27.0,0.0,8.0,0.0,242.0,19.0,0.0,1693.0,0.0,0.0,301.0,301.0,0.0,0.0,204.0,240.0,480.0,480.0,25.0,25.0,2819783
NORMANDIE,2018-09-26 18:30:00,2018,269,18:30:00,269.77,205.0,7557.0,19.0,27.0,9.0,36.0,0.0,-4930.0,0.0,0.0,821.0,241.0,10640.0,9546.0,736.0,250.0,31.0,31.0,104.0,104.0,3327477
CENTRE VAL DE LOIRE,2021-05-27 21:30:00,2021,147,21:30:00,147.9,0.0,6409.0,103.0,2.0,32.0,68.0,0.0,-4909.0,0.0,0.0,229.0,229.0,11630.0,11630.0,1316.0,530.0,92.0,92.0,89.0,89.0,2573303
BOURGOGNE FRANCHE COMTE,2022-02-06 15:30:00,2022,37,15:30:00,37.65,164.0,0.0,838.0,16.0,95.0,53.0,-5.0,1648.0,0.0,0.0,401.0,401.0,0.0,0.0,1034.0,498.0,524.0,524.0,74.0,74.0,2797366
PROVENCE ALPES COTE D AZUR,2018-09-27 03:30:00,2018,270,03:30:00,270.15,15.0,0.0,0.0,0.0,437.0,228.0,0.0,2325.0,0.0,0.0,2666.0,2266.0,0.0,0.0,48.0,1297.0,3233.0,3086.0,357.0,357.0,5052832
PAYS DE LA LOIRE,2019-07-09 13:30:00,2019,190,13:30:00,190.56,412.0,0.0,476.0,380.0,0.0,54.0,0.0,1755.0,0.0,0.0,2037.0,1718.0,0.0,0.0,926.0,589.0,8.0,8.0,71.0,71.0,3806461
AUVERGNE RHONE ALPES,2021-10-12 17:00:00,2021,285,17:00:00,285.71,60.0,10999.0,308.0,336.0,997.0,96.0,-407.0,-5053.0,0.0,0.0,1047.0,1047.0,13570.0,12672.0,723.0,1551.0,11775.0,11643.0,208.0,208.0,8114361
NORMANDIE,2018-05-17 16:30:00,2018,137,16:30:00,137.69,550.0,5598.0,253.0,81.0,14.0,54.0,0.0,-3835.0,0.0,0.0,813.0,420.0,10640.0,9502.0,712.0,240.0,31.0,31.0,103.0,103.0,3327477
OCCITANIE,2014-08-03 15:30:00,2014,215,15:30:00,215.65,-3.0,1202.0,25.0,579.0,775.0,69.0,-804.0,1251.0,0.0,0.0,251.0,251.0,2620.0,2620.0,932.0,1285.0,5411.0,5411.0,132.0,132.0,5730753
OCCITANIE,2022-01-10 04:30:00,2022,10,04:30:00,10.19,90.0,2533.0,350.0,1.0,1085.0,79.0,-833.0,1205.0,0.0,0.0,326.0,326.0,2620.0,2620.0,1593.0,2787.0,5500.0,5465.0,173.0,173.0,6067101
NOUVELLE AQUITAINE,2019-07-08 22:30:00,2019,189,22:30:00,189.94,11.0,5618.0,343.0,0.0,60.0,189.0,0.0,-1761.0,0.0,0.0,538.0,538.0,6630.0,5428.0,1017.0,2501.0,1782.0,1670.0,319.0,319.0,6010289
ILE DE FRANCE,2021-01-08 06:30:00,2021,8,06:30:00,8.27,804.0,0.0,4.0,0.0,6.0,145.0,0.0,9512.0,0.0,0.0,2171.0,2171.0,0.0,0.0,125.0,170.0,20.0,20.0,314.0,314.0,12317279
BOURGOGNE FRANCHE COMTE,2021-03-14 01:00:00,2021,73,01:00:00,73.04,103.0,0.0,684.0,0.0,204.0,46.0,0.0,1246.0,0.0,0.0,401.0,401.0,0.0,0.0,943.0,407.0,523.0,523.0,71.0,71.0,2800194
PAYS DE LA LOIRE,2022-06-13 16:00:00,2022,164,16:00:00,164.67,13.0,0.0,113.0,592.0,1.0,58.0,0.0,2071.0,0.0,0.0,2068.0,1609.0,0.0,0.0,1644.0,852.0,10.0,10.0,80.0,80.0,3878839
NORMANDIE,2016-01-24 10:30:00,2016,24,10:30:00,24.44,1012.0,7732.0,154.0,4.0,21.0,48.0,0.0,-5359.0,0.0,0.0,773.0,773.0,10640.0,9511.0,538.0,217.0,31.0,31.0,95.0,95.0,3335929
BOURGOGNE FRANCHE COMTE,2019-10-13 05:00:00,2019,286,05:00:00,286.21,23.0,0.0,524.0,0.0,36.0,23.0,0.0,910.0,0.0,0.0,401.0,401.0,0.0,0.0,831.0,341.0,521.0,521.0,68.0,68.0,2805580
NORMANDIE,2019-02-27 23:00:00,2019,58,23:00:00,58.96,887.0,7647.0,117.0,0.0,17.0,48.0,0.0,-4994.0,0.0,0.0,833.0,833.0,10640.0,9393.0,791.0,253.0,31.0,31.0,105.0,105.0,3325032
BOURGOGNE FRANCHE COMTE,2015-04-22 17:00:00,2015,112,17:00:00,112.71,54.0,0.0,106.0,94.0,59.0,17.0,0.0,1972.0,0.0,0.0,325.0,80.0,0.0,0.0,344.0,254.0,510.0,510.0,29.0,29.0,2820940
BRETAGNE,2020-06-20 04:30:00,2020,172,04:30:00,172.19,1.0,0.0,108.0,0.0,7.0,42.0,0.0,1343.0,0.0,0.0,978.0,893.0,0.0,0.0,1028.0,283.0,272.0,272.0,79.0,79.0,3373835
NORMANDIE,2018-12-28 21:00:00,2018,362,21:00:00,362.88,912.0,7037.0,21.0,0.0,19.0,48.0,0.0,-3864.0,0.0,0.0,821.0,821.0,10640.0,9754.0,791.0,252.0,31.0,31.0,105.0,105.0,3327477
OCCITANIE,2017-02-02 11:00:00,2017,33,11:00:00,33.46,72.0,2502.0,492.0,278.0,1873.0,92.0,0.0,277.0,0.0,0.0,282.0,282.0,2620.0,1937.0,1194.0,1692.0,5473.0,5246.0,140.0,140.0,5845102
NORMANDIE,2013-12-12 20:30:00,2013,346,20:30:00,346.85,1000.0,9563.0,76.0,0.0,12.0,40.0,0.0,-5905.0,0.0,0.0,761.0,761.0,10640.0,10640.0,444.0,210.0,24.0,24.0,89.0,89.0,3328364
PROVENCE ALPES COTE D AZUR,2020-03-08 17:00:00,2020,68,17:00:00,68.71,224.0,0.0,1.0,229.0,1409.0,88.0,0.0,2420.0,0.0,0.0,2710.0,2382.0,0.0,0.0,48.0,1453.0,3256.0,3256.0,357.0,207.0,5098666
PROVENCE ALPES COTE D AZUR,2015-11-18 14:00:00,2015,322,14:00:00,322.58,1827.0,0.0,26.0,444.0,1054.0,86.0,0.0,1365.0,0.0,0.0,2610.0,2145.0,0.0,0.0,48.0,968.0,3175.0,3175.0,183.0,183.0,5007977
PROVENCE ALPES COTE D AZUR,2016-10-20 05:00:00,2016,294,05:00:00,294.21,1431.0,0.0,23.0,0.0,295.0,99.0,0.0,1849.0,0.0,0.0,2615.0,2320.0,0.0,0.0,48.0,1048.0,3192.0,3192.0,354.0,354.0,5021928
NORMANDIE,2021-12-28 17:00:00,2021,362,17:00:00,362.71,334.0,8981.0,799.0,1.0,20.0,88.0,0.0,-6974.0,0.0,0.0,852.0,852.0,10640.0,9443.0,911.0,305.0,31.0,31.0,148.0,148.0,3327966
PROVENCE ALPES COTE D AZUR,2018-09-27 07:00:00,2018,270,07:00:00,270.29,432.0,0.0,0.0,0.0,1007.0,221.0,0.0,1993.0,0.0,0.0,2666.0,2266.0,0.0,0.0,48.0,1297.0,3233.0,3086.0,357.0,357.0,5052832
PAYS DE LA LOIRE,2016-08-15 03:00:00,2016,228,03:00:00,228.12,1.0,0.0,221.0,0.0,0.0,35.0,0.0,1499.0,0.0,0.0,1880.0,1337.0,0.0,0.0,665.0,478.0,8.0,8.0,63.0,63.0,3737632
PAYS DE LA LOIRE,2017-07-04 23:30:00,2017,185,23:30:00,185.98,867.0,0.0,214.0,0.0,0.0,48.0,0.0,1856.0,0.0,0.0,1921.0,1399.0,0.0,0.0,727.0,501.0,8.0,8.0,66.0,66.0,3757600
OCCITANIE,2017-08-04 06:30:00,2017,216,06:30:00,216.27,0.0,1255.0,197.0,0.0,399.0,82.0,-645.0,2043.0,0.0,0.0,282.0,282.0,2620.0,1310.0,1249.0,1741.0,5475.0,5279.0,140.0,140.0,5845102
OCCITANIE,2019-02-08 23:00:00,2019,39,23:00:00,39.96,94.0,2544.0,88.0,0.0,1514.0,96.0,-53.0,1813.0,0.0,0.0,307.0,307.0,2620.0,2620.0,1499.0,1989.0,5485.0,5308.0,146.0,146.0,5933185
ILE DE FRANCE,2014-04-29 15:00:00,2014,119,15:00:00,119.62,116.0,0.0,0.0,17.0,10.0,125.0,0.0,8458.0,0.0,0.0,2122.0,2122.0,0.0,0.0,37.0,111.0,19.0,19.0,282.0,282.0,12027565
NOUVELLE AQUITAINE,2019-03-21 07:30:00,2019,80,07:30:00,80.31,223.0,5794.0,297.0,43.0,988.0,203.0,0.0,-1171.0,0.0,0.0,538.0,538.0,6630.0,5720.0,975.0,2457.0,1782.0,1677.0,319.0,319.0,6010289
HAUTS DE FRANCE,2016-02-24 16:30:00,2016,55,16:30:00,55.69,1517.0,4514.0,79.0,21.0,2.0,110.0,0.0,888.0,0.0,0.0,2864.0,2864.0,5460.0,4550.0,2896.0,213.0,5.0,5.0,160.0,160.0,6006870
HAUTS DE FRANCE,2020-11-26 02:30:00,2020,331,02:30:00,331.1,1201.0,4011.0,305.0,0.0,1.0,129.0,0.0,227.0,0.0,0.0,2984.0,2984.0,5460.0,4600.0,5303.0,273.0,5.0,5.0,181.0,181.0,5997734
HAUTS DE FRANCE,2019-02-20 19:00:00,2019,51,19:00:00,51.79,2190.0,4585.0,279.0,0.0,2.0,128.0,0.0,-15.0,0.0,0.0,2969.0,2969.0,5460.0,4550.0,4378.0,235.0,5.0,5.0,177.0,177.0,6004947
NORMANDIE,2023-01-31 13:00:00,2023,31,13:00:00,31.54,395.0,5717.0,350.0,70.0,22.0,82.0,0.0,-2529.0,0.0,0.0,853.0,853.0,10640.0,9579.0,965.0,326.0,31.0,31.0,149.0,149.0,3317023
BOURGOGNE FRANCHE COMTE,2022-07-10 05:00:00,2022,191,05:00:00,191.21,0.0,0.0,306.0,0.0,5.0,55.0,-66.0,1051.0,0.0,0.0,401.0,401.0,0.0,0.0,1049.0,564.0,524.0,524.0,75.0,75.0,2797366
AUVERGNE RHONE ALPES,2018-09-19 22:00:00,2018,262,22:00:00,262.92,36.0,9007.0,25.0,0.0,2291.0,96.0,-18.0,-4785.0,0.0,0.0,1000.0,1000.0,13570.0,12675.0,603.0,1098.0,11262.0,11047.0,180.0,180.0,7994459
GRAND EST,2018-12-11 05:30:00,2018,345,05:30:00,345.23,1710.0,12446.0,79.0,0.0,868.0,112.0,0.0,-9620.0,0.0,0.0,3531.0,3529.0,10820.0,9940.0,3325.0,562.0,2301.0,2006.0,162.0,162.0,5550389
BOURGOGNE FRANCHE COMTE,2022-10-31 03:00:00,2022,304,03:00:00,304.12,61.0,0.0,81.0,0.0,30.0,50.0,-2.0,1392.0,0.0,0.0,401.0,401.0,0.0,0.0,1067.0,625.0,524.0,524.0,75.0,75.0,2797366
GRAND EST,2013-03-09 02:00:00,2013,68,02:00:00,68.08,374.0,9270.0,717.0,0.0,817.0,60.0,0.0,-5894.0,0.0,0.0,3398.0,3398.0,10820.0,10820.0,1831.0,501.0,2280.0,2280.0,86.0,86.0,5552388
AUVERGNE RHONE ALPES,2017-07-29 06:30:00,2017,210,06:30:00,210.27,25.0,9830.0,46.0,0.0,1443.0,123.0,-1156.0,-5251.0,0.0,0.0,985.0,584.0,13570.0,12698.0,486.0,960.0,11246.0,11077.0,178.0,178.0,7948287
CENTRE VAL DE LOIRE,2017-01-23 23:30:00,2017,23,23:30:00,23.98,117.0,11739.0,77.0,0.0,5.0,49.0,0.0,-8691.0,0.0,0.0,198.0,198.0,11630.0,11630.0,917.0,262.0,91.0,91.0,74.0,74.0,2576252
GRAND EST,2021-07-03 13:00:00,2021,184,13:00:00,184.54,453.0,7617.0,122.0,392.0,1286.0,140.0,0.0,-5420.0,0.0,0.0,3585.0,3172.0,10820.0,9940.0,3913.0,899.0,2305.0,2103.0,208.0,208.0,5561287
PROVENCE ALPES COTE D AZUR,2021-09-09 13:00:00,2021,252,13:00:00,252.54,1141.0,0.0,22.0,560.0,632.0,82.0,-2.0,2337.0,0.0,0.0,2715.0,2452.0,0.0,0.0,96.0,1659.0,3266.0,3235.0,357.0,357.0,5127840
OCCITANIE,2015-05-12 10:30:00,2015,132,10:30:00,132.44,-2.0,2534.0,124.0,499.0,2553.0,67.0,-23.0,-1867.0,0.0,0.0,266.0,0.0,2620.0,2620.0,943.0,1395.0,5448.0,5214.0,133.0,133.0,5774185
NORMANDIE,2022-07-08 14:30:00,2022,189,14:30:00,189.6,171.0,3764.0,37.0,174.0,10.0,76.0,0.0,-1527.0,0.0,0.0,852.0,852.0,10640.0,9310.0,933.0,314.0,31.0,31.0,149.0,149.0,3327604
NORMANDIE,2017-06-15 10:30:00,2017,166,10:30:00,166.44,327.0,5064.0,44.0,64.0,11.0,50.0,0.0,-2574.0,0.0,0.0,785.0,205.0,10640.0,9310.0,622.0,222.0,31.0,31.0,98.0,98.0,3330478
ILE DE FRANCE,2021-08-15 03:00:00,2021,227,03:00:00,227.12,186.0,0.0,29.0,0.0,9.0,136.0,0.0,3917.0,0.0,0.0,2171.0,2171.0,0.0,0.0,148.0,175.0,20.0,20.0,314.0,314.0,12317279
PAYS DE LA LOIRE,2013-11-29 13:00:00,2013,333,13:00:00,333.54,1572.0,0.0,33.0,21.0,2.0,38.0,0.0,3092.0,0.0,0.0,1856.0,1856.0,0.0,0.0,512.0,398.0,6.0,6.0,58.0,58.0,3660852
NORMANDIE,2022-11-06 23:00:00,2022,310,23:00:00,310.96,273.0,5003.0,611.0,0.0,15.0,87.0,0.0,-3910.0,0.0,0.0,852.0,852.0,10640.0,9310.0,965.0,320.0,31.0,31.0,149.0,149.0,3327604
NOUVELLE AQUITAINE,2021-08-20 07:00:00,2021,232,07:00:00,232.29,34.0,5725.0,29.0,1.0,80.0,176.0,0.0,-2371.0,0.0,0.0,578.0,578.0,6630.0,5135.0,1311.0,3241.0,1784.0,1784.0,354.0,354.0,6069352
PAYS DE LA LOIRE,2020-12-07 18:30:00,2020,342,18:30:00,342.77,1797.0,0.0,316.0,0.0,6.0,46.0,0.0,2634.0,0.0,0.0,2054.0,2054.0,0.0,0.0,1046.0,680.0,10.0,10.0,77.0,77.0,3832120
AUVERGNE RHONE ALPES,2020-07-12 06:30:00,2020,194,06:30:00,194.27,10.0,7133.0,167.0,4.0,2763.0,103.0,-347.0,-5439.0,0.0,0.0,1034.0,1034.0,13570.0,12657.0,647.0,1281.0,11746.0,11530.0,192.0,192.0,8078652
NOUVELLE AQUITAINE,2014-01-30 09:00:00,2014,30,09:00:00,30.38,139.0,5721.0,38.0,10.0,994.0,124.0,0.0,425.0,0.0,0.0,421.0,421.0,6630.0,6630.0,381.0,1027.0,1760.0,1760.0,219.0,219.0,5879144
BRETAGNE,2022-09-07 18:30:00,2022,250,18:30:00,250.77,577.0,0.0,415.0,52.0,3.0,54.0,-45.0,1199.0,0.0,0.0,1432.0,1322.0,0.0,0.0,1209.0,394.0,272.0,272.0,83.0,83.0,3414637
ILE DE FRANCE,2022-06-15 05:30:00,2022,166,05:30:00,166.23,0.0,0.0,56.0,0.0,5.0,134.0,0.0,4867.0,0.0,0.0,2171.0,2016.0,0.0,0.0,148.0,226.0,20.0,20.0,314.0,314.0,12354286
AUVERGNE RHONE ALPES,2020-10-30 19:00:00,2020,304,19:00:00,304.79,162.0,8913.0,44.0,0.0,6430.0,133.0,-5.0,-7937.0,0.0,0.0,1047.0,1047.0,13570.0,12660.0,700.0,1343.0,11752.0,11586.0,194.0,194.0,8078652
NORMANDIE,2020-11-15 05:00:00,2020,320,05:00:00,320.21,308.0,4918.0,750.0,0.0,12.0,68.0,0.0,-3766.0,0.0,0.0,852.0,272.0,10640.0,9423.0,831.0,270.0,31.0,31.0,115.0,115.0,3325522
OCCITANIE,2016-04-11 20:30:00,2016,102,20:30:00,102.85,-2.0,2476.0,326.0,1.0,2439.0,65.0,0.0,-1141.0,0.0,0.0,266.0,266.0,2620.0,2443.0,1098.0,1551.0,5462.0,4894.0,137.0,137.0,5808435
ILE DE FRANCE,2016-12-30 12:00:00,2016,365,12:00:00,365.5,534.0,0.0,0.0,6.0,11.0,154.0,0.0,12331.0,0.0,0.0,2149.0,1564.0,0.0,0.0,61.0,116.0,19.0,19.0,301.0,301.0,12117132
ILE DE FRANCE,2016-12-08 19:30:00,2016,343,19:30:00,343.81,787.0,0.0,7.0,0.0,11.0,158.0,0.0,11729.0,0.0,0.0,2149.0,1576.0,0.0,0.0,61.0,116.0,19.0,19.0,301.0,301.0,12117132
GRAND EST,2016-05-01 16:30:00,2016,122,16:30:00,122.69,56.0,8910.0,1403.0,196.0,1244.0,75.0,-514.0,-7231.0,0.0,0.0,3424.0,2829.0,10820.0,10035.0,2601.0,527.0,2286.0,2084.0,121.0,121.0,5555186
NOUVELLE AQUITAINE,2014-08-12 21:30:00,2014,224,21:30:00,224.9,24.0,3189.0,25.0,0.0,367.0,132.0,0.0,180.0,0.0,0.0,421.0,421.0,6630.0,5720.0,447.0,1201.0,1772.0,1772.0,220.0,220.0,5879144
HAUTS DE FRANCE,2013-09-09 10:00:00,2013,252,10:00:00,252.42,350.0,3513.0,119.0,28.0,0.0,54.0,0.0,1499.0,0.0,0.0,2268.0,2268.0,5460.0,5460.0,2205.0,210.0,5.0,5.0,139.0,139.0,5987883
PAYS DE LA LOIRE,2022-01-12 00:30:00,2022,12,00:30:00,12.02,1694.0,0.0,36.0,0.0,4.0,56.0,0.0,2349.0,0.0,0.0,2068.0,2068.0,0.0,0.0,1133.0,804.0,10.0,10.0,79.0,79.0,3878839
GRAND EST,2014-10-06 12:30:00,2014,279,12:30:00,279.52,2088.0,9141.0,356.0,136.0,1255.0,59.0,0.0,-7573.0,0.0,0.0,3398.0,3198.0,10820.0,10820.0,2257.0,517.0,2283.0,2283.0,107.0,107.0,5554645
OCCITANIE,2019-10-01 14:00:00,2019,274,14:00:00,274.58,0.0,2509.0,46.0,1165.0,423.0,72.0,-1.0,-87.0,0.0,0.0,307.0,307.0,2620.0,2620.0,1559.0,2138.0,5489.0,5114.0,146.0,146.0,5933185
NOUVELLE AQUITAINE,2019-08-30 12:00:00,2019,242,12:00:00,242.5,19.0,3292.0,39.0,1649.0,108.0,198.0,0.0,-217.0,0.0,0.0,538.0,538.0,6630.0,5612.0,1017.0,2552.0,1782.0,1673.0,319.0,319.0,6010289
NORMANDIE,2019-02-10 17:30:00,2019,41,17:30:00,41.73,910.0,6320.0,649.0,4.0,18.0,45.0,0.0,-4511.0,0.0,0.0,833.0,543.0,10640.0,9310.0,791.0,253.0,31.0,31.0,105.0,105.0,3325032
AUVERGNE RHONE ALPES,2020-02-28 12:00:00,2020,59,12:00:00,59.5,577.0,10703.0,50.0,556.0,4810.0,129.0,-9.0,-7089.0,0.0,0.0,1034.0,1034.0,13570.0,12661.0,647.0,1245.0,11741.0,11586.0,192.0,192.0,8078652
PROVENCE ALPES COTE D AZUR,2018-12-09 05:30:00,2018,343,05:30:00,343.23,181.0,0.0,25.0,0.0,782.0,111.0,0.0,3193.0,0.0,0.0,2671.0,2293.0,0.0,0.0,48.0,1318.0,3235.0,3111.0,357.0,207.0,5052832
BRETAGNE,2016-06-26 12:30:00,2016,178,12:30:00,178.52,1.0,0.0,37.0,68.0,0.0,41.0,-41.0,1749.0,0.0,0.0,771.0,686.0,0.0,0.0,865.0,227.0,275.0,275.0,56.0,56.0,3306529
BOURGOGNE FRANCHE COMTE,2022-08-21 02:00:00,2022,233,02:00:00,233.08,0.0,0.0,5.0,0.0,30.0,56.0,0.0,1297.0,0.0,0.0,401.0,401.0,0.0,0.0,1067.0,594.0,524.0,524.0,75.0,75.0,2797366
NORMANDIE,2013-05-25 12:30:00,2013,145,12:30:00,145.52,498.0,6235.0,160.0,46.0,10.0,37.0,0.0,-3636.0,0.0,0.0,761.0,761.0,10640.0,10640.0,423.0,208.0,23.0,23.0,88.0,88.0,3328364
CENTRE VAL DE LOIRE,2019-01-02 22:00:00,2019,2,22:00:00,2.92,123.0,10385.0,342.0,0.0,9.0,59.0,0.0,-7944.0,0.0,0.0,228.0,228.0,11630.0,10320.0,1106.0,305.0,91.0,91.0,84.0,84.0,2573180
CENTRE VAL DE LOIRE,2022-06-08 18:30:00,2022,159,18:30:00,159.77,18.0,6388.0,634.0,215.0,2.0,61.0,0.0,-5548.0,0.0,0.0,229.0,229.0,11630.0,10755.0,1455.0,736.0,92.0,92.0,90.0,90.0,2572916
ILE DE FRANCE,2019-10-11 17:30:00,2019,284,17:30:00,284.73,0.0,0.0,51.0,25.0,6.0,150.0,0.0,7285.0,0.0,0.0,2170.0,2076.0,0.0,0.0,108.0,143.0,20.0,20.0,314.0,314.0,12262544
PAYS DE LA LOIRE,2014-06-28 16:30:00,2014,179,16:30:00,179.69,12.0,0.0,14.0,36.0,1.0,36.0,0.0,2141.0,0.0,0.0,1864.0,1429.0,0.0,0.0,518.0,415.0,7.0,7.0,58.0,58.0,3690833
GRAND EST,2019-07-03 23:30:00,2019,184,23:30:00,184.98,1166.0,6766.0,1796.0,0.0,1405.0,115.0,0.0,-6564.0,0.0,0.0,3531.0,2936.0,10820.0,9635.0,3434.0,585.0,2302.0,2004.0,171.0,171.0,5556219
GRAND EST,2018-07-13 08:00:00,2018,194,08:00:00,194.33,1694.0,8148.0,124.0,110.0,698.0,104.0,0.0,-5959.0,0.0,0.0,3471.0,2980.0,10820.0,9518.0,3134.0,556.0,2300.0,1986.0,158.0,158.0,5550389
PAYS DE LA LOIRE,2015-06-14 12:30:00,2015,165,12:30:00,165.52,6.0,0.0,67.0,93.0,2.0,38.0,0.0,2095.0,0.0,0.0,1867.0,1274.0,0.0,0.0,560.0,451.0,7.0,7.0,61.0,61.0,3718512
BRETAGNE,2019-03-23 15:00:00,2019,82,15:00:00,82.62,243.0,0.0,52.0,125.0,166.0,49.0,-1.0,1511.0,0.0,0.0,956.0,871.0,0.0,0.0,1004.0,263.0,270.0,270.0,71.0,71.0,3354854
GRAND EST,2018-01-02 07:00:00,2018,2,07:00:00,2.29,195.0,8651.0,2149.0,0.0,1204.0,86.0,0.0,-7002.0,0.0,0.0,3471.0,3471.0,10820.0,9940.0,3053.0,551.0,2300.0,2002.0,145.0,145.0,5550389
CENTRE VAL DE LOIRE,2013-05-27 19:00:00,2013,147,19:00:00,147.79,7.0,6391.0,2.0,40.0,50.0,29.0,0.0,-4479.0,0.0,0.0,162.0,162.0,11630.0,11630.0,662.0,210.0,91.0,91.0,49.0,49.0,2570548
PROVENCE ALPES COTE D AZUR,2019-09-03 07:30:00,2019,246,07:30:00,246.31,680.0,0.0,18.0,11.0,779.0,107.0,0.0,2250.0,0.0,0.0,2674.0,2293.0,0.0,0.0,48.0,1389.0,3242.0,3119.0,357.0,207.0,5081101
BRETAGNE,2014-09-11 14:30:00,2014,254,14:30:00,254.6,1.0,0.0,44.0,113.0,201.0,31.0,-1.0,2136.0,0.0,0.0,688.0,688.0,0.0,0.0,781.0,216.0,272.0,272.0,52.0,52.0,3276543
BRETAGNE,2019-07-16 11:30:00,2019,197,11:30:00,197.48,1.0,0.0,1.0,122.0,100.0,49.0,-1.0,2192.0,0.0,0.0,960.0,875.0,0.0,0.0,1021.0,267.0,270.0,270.0,73.0,73.0,3354854
NORMANDIE,2017-04-19 13:30:00,2017,109,13:30:00,109.56,652.0,6394.0,156.0,89.0,16.0,39.0,0.0,-3953.0,0.0,0.0,785.0,485.0,10640.0,9310.0,622.0,221.0,31.0,31.0,97.0,97.0,3330478
GRAND EST,2020-05-13 02:00:00,2020,134,02:00:00,134.08,867.0,5745.0,699.0,0.0,1053.0,113.0,0.0,-4244.0,0.0,0.0,3535.0,3096.0,10820.0,9531.0,3606.0,620.0,2303.0,1902.0,183.0,183.0,5562651
BRETAGNE,2018-11-24 03:30:00,2018,328,03:30:00,328.15,184.0,0.0,55.0,0.0,140.0,40.0,-1.0,2306.0,0.0,0.0,954.0,820.0,0.0,0.0,988.0,256.0,270.0,270.0,70.0,70.0,3335414
GRAND EST,2018-10-14 12:30:00,2018,287,12:30:00,287.52,387.0,5980.0,2190.0,600.0,335.0,87.0,-347.0,-4458.0,0.0,0.0,3521.0,3094.0,10820.0,9585.0,3155.0,559.0,2301.0,1997.0,161.0,161.0,5550389
CENTRE VAL DE LOIRE,2014-05-22 00:30:00,2014,142,00:30:00,142.02,1.0,9195.0,384.0,0.0,6.0,44.0,0.0,-7744.0,0.0,0.0,162.0,162.0,11630.0,11630.0,749.0,216.0,91.0,91.0,56.0,56.0,2577435
CENTRE VAL DE LOIRE,2013-11-19 11:00:00,2013,323,11:00:00,323.46,77.0,9736.0,201.0,22.0,41.0,35.0,0.0,-6905.0,0.0,0.0,162.0,162.0,11630.0,11630.0,739.0,213.0,91.0,91.0,56.0,56.0,2570548
OCCITANIE,2014-11-20 12:00:00,2014,324,12:00:00,324.5,57.0,1279.0,359.0,391.0,1528.0,92.0,0.0,1076.0,0.0,0.0,251.0,0.0,2620.0,2620.0,943.0,1315.0,5416.0,5416.0,132.0,132.0,5730753
NOUVELLE AQUITAINE,2019-12-28 11:00:00,2019,362,11:00:00,362.46,162.0,5704.0,210.0,602.0,1152.0,179.0,0.0,-2391.0,0.0,0.0,571.0,571.0,6630.0,5720.0,1075.0,2615.0,1783.0,1678.0,340.0,340.0,6010289
HAUTS DE FRANCE,2019-11-18 13:30:00,2019,322,13:30:00,322.56,2021.0,3617.0,879.0,9.0,2.0,134.0,0.0,823.0,0.0,0.0,2970.0,2970.0,5460.0,4550.0,4701.0,239.0,5.0,5.0,180.0,180.0,6004947
NORMANDIE,2014-11-03 17:00:00,2014,307,17:00:00,307.71,376.0,7664.0,173.0,0.0,16.0,49.0,0.0,-4929.0,0.0,0.0,761.0,181.0,10640.0,10640.0,490.0,213.0,24.0,24.0,91.0,91.0,3335645
BOURGOGNE FRANCHE COMTE,2016-03-03 01:00:00,2016,63,01:00:00,63.04,151.0,0.0,162.0,0.0,100.0,17.0,0.0,2353.0,0.0,0.0,329.0,329.0,0.0,0.0,414.0,264.0,513.0,513.0,30.0,30.0,2818338
AUVERGNE RHONE ALPES,2022-10-26 16:00:00,2022,299,16:00:00,299.67,256.0,7093.0,18.0,515.0,2190.0,113.0,-13.0,-3681.0,0.0,0.0,1050.0,1050.0,13570.0,12678.0,723.0,1818.0,11789.0,11674.0,208.0,208.0,8155762
PROVENCE ALPES COTE D AZUR,2015-04-04 06:00:00,2015,94,06:00:00,94.25,171.0,0.0,13.0,0.0,1025.0,68.0,-2.0,2624.0,0.0,0.0,2605.0,2202.0,0.0,0.0,45.0,907.0,3168.0,3168.0,183.0,183.0,5007977
NORMANDIE,2014-04-24 20:30:00,2014,114,20:30:00,114.85,240.0,7740.0,68.0,1.0,18.0,51.0,0.0,-5145.0,0.0,0.0,761.0,181.0,10640.0,9310.0,473.0,211.0,24.0,24.0,89.0,89.0,3335645
BOURGOGNE FRANCHE COMTE,2015-01-14 04:30:00,2015,14,04:30:00,14.19,113.0,0.0,241.0,0.0,98.0,21.0,0.0,2094.0,0.0,0.0,325.0,80.0,0.0,0.0,344.0,253.0,510.0,510.0,28.0,28.0,2820940
PROVENCE ALPES COTE D AZUR,2022-06-15 08:00:00,2022,166,08:00:00,166.33,1333.0,0.0,0.0,241.0,1149.0,91.0,0.0,1239.0,0.0,0.0,2724.0,2500.0,0.0,0.0,96.0,1835.0,3267.0,3231.0,357.0,357.0,5150362
OCCITANIE,2019-09-20 21:30:00,2019,263,21:30:00,263.9,0.0,2382.0,661.0,1.0,977.0,72.0,0.0,-355.0,0.0,0.0,307.0,307.0,2620.0,2620.0,1559.0,2126.0,5489.0,5189.0,146.0,146.0,5933185
NORMANDIE,2022-12-14 23:30:00,2022,348,23:30:00,348.98,485.0,6477.0,104.0,0.0,13.0,84.0,0.0,-2609.0,0.0,0.0,852.0,852.0,10640.0,9310.0,965.0,322.0,31.0,31.0,149.0,149.0,3327604
NOUVELLE AQUITAINE,2018-12-24 21:00:00,2018,358,21:00:00,358.88,173.0,6368.0,28.0,-1.0,270.0,203.0,0.0,-2242.0,0.0,0.0,533.0,533.0,6630.0,6630.0,965.0,2423.0,1781.0,1781.0,318.0,318.0,5979778
CENTRE VAL DE LOIRE,2020-04-14 16:30:00,2020,105,16:30:00,105.69,12.0,8486.0,469.0,210.0,3.0,66.0,0.0,-7602.0,0.0,0.0,229.0,229.0,11630.0,10749.0,1238.0,362.0,92.0,92.0,86.0,86.0,2574863
GRAND EST,2018-02-19 23:00:00,2018,50,23:00:00,50.96,1865.0,9483.0,35.0,0.0,1112.0,95.0,0.0,-6074.0,0.0,0.0,3471.0,2876.0,10820.0,9875.0,3053.0,552.0,2300.0,2072.0,145.0,145.0,5550389
NOUVELLE AQUITAINE,2014-11-13 09:30:00,2014,317,09:30:00,317.4,116.0,5761.0,268.0,150.0,368.0,153.0,0.0,-772.0,0.0,0.0,427.0,427.0,6630.0,5720.0,459.0,1324.0,1773.0,1659.0,223.0,223.0,5879144
GRAND EST,2020-05-03 05:00:00,2020,124,05:00:00,124.21,51.0,3048.0,81.0,0.0,970.0,127.0,-5.0,-741.0,0.0,0.0,3535.0,3094.0,10820.0,9555.0,3606.0,620.0,2303.0,1928.0,183.0,183.0,5562651
GRAND EST,2014-04-16 15:00:00,2014,106,15:00:00,106.62,1159.0,7259.0,593.0,309.0,641.0,57.0,-359.0,-3882.0,0.0,0.0,3398.0,3198.0,10820.0,10820.0,2012.0,515.0,2283.0,2283.0,96.0,96.0,5554645
HAUTS DE FRANCE,2019-05-06 19:00:00,2019,126,19:00:00,126.79,997.0,3594.0,589.0,23.0,5.0,120.0,0.0,948.0,0.0,0.0,2969.0,2593.0,5460.0,4550.0,4467.0,236.0,5.0,5.0,178.0,178.0,6004947
AUVERGNE RHONE ALPES,2023-01-16 06:30:00,2023,16,06:30:00,16.27,171.0,12881.0,480.0,0.0,2543.0,107.0,-246.0,-7628.0,0.0,0.0,1050.0,1050.0,13570.0,13268.0,723.0,1852.0,11791.0,11682.0,208.0,208.0,8197325
NORMANDIE,2014-06-22 06:30:00,2014,173,06:30:00,173.27,197.0,7261.0,51.0,0.0,1.0,61.0,0.0,-5741.0,0.0,0.0,761.0,181.0,10640.0,9310.0,482.0,212.0,24.0,24.0,90.0,90.0,3335645
CENTRE VAL DE LOIRE,2021-05-23 23:30:00,2021,143,23:30:00,143.98,0.0,5479.0,795.0,0.0,29.0,65.0,0.0,-4538.0,0.0,0.0,229.0,229.0,11630.0,11630.0,1316.0,529.0,92.0,92.0,89.0,89.0,2573303
CENTRE VAL DE LOIRE,2019-06-26 07:30:00,2019,177,07:30:00,177.31,0.0,6357.0,283.0,17.0,11.0,55.0,0.0,-4767.0,0.0,0.0,229.0,229.0,11630.0,10690.0,1168.0,316.0,91.0,91.0,85.0,85.0,2573180
OCCITANIE,2022-07-02 09:30:00,2022,183,09:30:00,183.4,0.0,1264.0,8.0,1118.0,492.0,88.0,-620.0,962.0,0.0,0.0,326.0,326.0,2620.0,1310.0,1593.0,2962.0,5503.0,5340.0,174.0,174.0,6067101
NORMANDIE,2021-12-23 07:00:00,2021,357,07:00:00,357.29,383.0,7660.0,407.0,0.0,13.0,89.0,0.0,-4085.0,0.0,0.0,852.0,852.0,10640.0,9443.0,911.0,305.0,31.0,31.0,148.0,148.0,3327966
ILE DE FRANCE,2015-09-14 22:30:00,2015,257,22:30:00,257.94,-3.0,0.0,22.0,0.0,5.0,125.0,0.0,6864.0,0.0,0.0,2144.0,1720.0,0.0,0.0,49.0,113.0,19.0,19.0,300.0,300.0,12082144
PAYS DE LA LOIRE,2021-07-17 18:00:00,2021,198,18:00:00,198.75,0.0,0.0,158.0,312.0,2.0,63.0,0.0,1611.0,0.0,0.0,2056.0,2056.0,0.0,0.0,1105.0,752.0,10.0,10.0,78.0,78.0,3853999
PAYS DE LA LOIRE,2020-05-19 15:30:00,2020,140,15:30:00,140.65,309.0,0.0,25.0,392.0,3.0,44.0,0.0,2080.0,0.0,0.0,2050.0,1857.0,0.0,0.0,989.0,638.0,10.0,10.0,77.0,77.0,3832120
BRETAGNE,2022-09-28 19:00:00,2022,271,19:00:00,271.79,558.0,0.0,278.0,23.0,5.0,58.0,-1.0,1423.0,0.0,0.0,1432.0,1298.0,0.0,0.0,1209.0,399.0,272.0,272.0,83.0,83.0,3414637
PROVENCE ALPES COTE D AZUR,2014-12-24 16:00:00,2014,358,16:00:00,358.67,252.0,0.0,0.0,104.0,1072.0,73.0,0.0,4027.0,0.0,0.0,2598.0,2353.0,0.0,0.0,45.0,879.0,3168.0,3168.0,183.0,183.0,4983438
PROVENCE ALPES COTE D AZUR,2022-03-12 09:00:00,2022,71,09:00:00,71.38,879.0,0.0,67.0,160.0,455.0,108.0,0.0,3558.0,0.0,0.0,2724.0,2662.0,0.0,0.0,96.0,1795.0,3266.0,3134.0,357.0,357.0,5150362
PAYS DE LA LOIRE,2020-07-11 13:00:00,2020,193,13:00:00,193.54,349.0,0.0,96.0,415.0,0.0,55.0,0.0,1652.0,0.0,0.0,2050.0,1731.0,0.0,0.0,1000.0,643.0,10.0,10.0,77.0,77.0,3832120
GRAND EST,2022-09-29 12:30:00,2022,272,12:30:00,272.52,1707.0,2461.0,14.0,376.0,1215.0,144.0,0.0,-596.0,0.0,0.0,3590.0,3590.0,10820.0,9695.0,4364.0,1099.0,2308.0,2106.0,235.0,235.0,5563889
NOUVELLE AQUITAINE,2022-11-02 18:00:00,2022,306,18:00:00,306.75,133.0,2717.0,166.0,2.0,285.0,191.0,0.0,672.0,0.0,0.0,579.0,579.0,6630.0,5659.0,1592.0,3810.0,1786.0,1668.0,356.0,356.0,6098051
OCCITANIE,2019-10-20 23:30:00,2019,293,23:30:00,293.98,0.0,1169.0,311.0,0.0,722.0,80.0,-43.0,1274.0,0.0,0.0,307.0,307.0,2620.0,1310.0,1570.0,2142.0,5489.0,5181.0,146.0,146.0,5933185
PAYS DE LA LOIRE,2021-11-13 01:00:00,2021,317,01:00:00,317.04,755.0,0.0,220.0,0.0,1.0,60.0,0.0,1998.0,0.0,0.0,2065.0,2065.0,0.0,0.0,1124.0,778.0,10.0,10.0,79.0,79.0,3853999
NOUVELLE AQUITAINE,2017-12-13 06:30:00,2017,347,06:30:00,347.27,224.0,6743.0,486.0,-1.0,623.0,177.0,0.0,-1561.0,0.0,0.0,478.0,478.0,6630.0,6630.0,882.0,2218.0,1780.0,1780.0,307.0,307.0,5956978
GRAND EST,2022-01-24 04:30:00,2022,24,04:30:00,24.19,1937.0,7526.0,805.0,0.0,527.0,163.0,-495.0,-4786.0,0.0,0.0,3590.0,3590.0,10820.0,10020.0,4189.0,970.0,2306.0,2104.0,211.0,211.0,5563889
HAUTS DE FRANCE,2014-08-09 13:00:00,2014,221,13:00:00,221.54,294.0,3725.0,586.0,62.0,1.0,89.0,0.0,-103.0,0.0,0.0,2289.0,2289.0,5460.0,5460.0,2351.0,212.0,5.0,5.0,139.0,139.0,6006156
GRAND EST,2021-04-28 01:00:00,2021,118,01:00:00,118.04,1023.0,6211.0,523.0,0.0,533.0,131.0,0.0,-3700.0,0.0,0.0,3585.0,3172.0,10820.0,9940.0,3900.0,884.0,2305.0,2103.0,207.0,207.0,5561287
NORMANDIE,2021-10-20 02:30:00,2021,293,02:30:00,293.1,130.0,6065.0,566.0,0.0,9.0,95.0,0.0,-4540.0,0.0,0.0,852.0,852.0,10640.0,9472.0,878.0,299.0,31.0,31.0,147.0,147.0,3327966
PROVENCE ALPES COTE D AZUR,2014-02-12 13:30:00,2014,43,13:30:00,43.56,270.0,0.0,16.0,437.0,1584.0,56.0,0.0,3563.0,0.0,0.0,2592.0,2318.0,0.0,0.0,45.0,785.0,3160.0,3160.0,164.0,164.0,4983438
PAYS DE LA LOIRE,2019-03-09 15:00:00,2019,68,15:00:00,68.62,172.0,0.0,306.0,75.0,5.0,52.0,0.0,2363.0,0.0,0.0,2037.0,1650.0,0.0,0.0,897.0,569.0,8.0,8.0,70.0,70.0,3806461
NORMANDIE,2016-12-31 20:00:00,2016,366,20:00:00,366.83,875.0,8942.0,22.0,0.0,14.0,55.0,0.0,-5171.0,0.0,0.0,785.0,785.0,10640.0,9868.0,616.0,220.0,31.0,31.0,96.0,96.0,3335929
AUVERGNE RHONE ALPES,2013-01-24 01:00:00,2013,24,01:00:00,24.04,336.0,13234.0,65.0,0.0,3250.0,62.0,-571.0,-6874.0,0.0,0.0,914.0,914.0,13570.0,13570.0,335.0,706.0,11114.0,11114.0,105.0,105.0,7757595
AUVERGNE RHONE ALPES,2022-06-15 17:30:00,2022,166,17:30:00,166.73,330.0,8421.0,154.0,669.0,3122.0,100.0,-6.0,-5426.0,0.0,0.0,1048.0,1048.0,13570.0,12741.0,723.0,1697.0,11787.0,11642.0,208.0,208.0,8155762
BRETAGNE,2017-01-16 07:00:00,2017,16,07:00:00,16.29,314.0,0.0,249.0,0.0,1.0,39.0,0.0,2653.0,0.0,0.0,848.0,848.0,0.0,0.0,877.0,232.0,275.0,275.0,58.0,58.0,3318904
PROVENCE ALPES COTE D AZUR,2016-12-26 05:30:00,2016,361,05:30:00,361.23,165.0,0.0,9.0,0.0,374.0,116.0,0.0,4125.0,0.0,0.0,2628.0,2228.0,0.0,0.0,48.0,1055.0,3192.0,3192.0,354.0,354.0,5021928
AUVERGNE RHONE ALPES,2020-07-13 10:00:00,2020,195,10:00:00,195.42,327.0,7170.0,27.0,522.0,3594.0,108.0,-15.0,-5453.0,0.0,0.0,1034.0,1034.0,13570.0,12657.0,647.0,1281.0,11746.0,11539.0,192.0,192.0,8078652
PROVENCE ALPES COTE D AZUR,2022-06-18 17:30:00,2022,169,17:30:00,169.73,694.0,0.0,32.0,797.0,748.0,91.0,0.0,2405.0,0.0,0.0,2724.0,2425.0,0.0,0.0,96.0,1836.0,3267.0,3231.0,357.0,357.0,5150362
ILE DE FRANCE,2015-10-16 09:00:00,2015,289,09:00:00,289.38,163.0,0.0,3.0,0.0,11.0,123.0,0.0,10657.0,0.0,0.0,2144.0,1826.0,0.0,0.0,49.0,113.0,19.0,19.0,300.0,300.0,12082144
PROVENCE ALPES COTE D AZUR,2019-07-10 21:00:00,2019,191,21:00:00,191.88,793.0,0.0,27.0,9.0,1164.0,63.0,0.0,2559.0,0.0,0.0,2674.0,2285.0,0.0,0.0,48.0,1381.0,3241.0,3117.0,357.0,207.0,5081101
PROVENCE ALPES COTE D AZUR,2021-02-21 06:30:00,2021,52,06:30:00,52.27,171.0,0.0,46.0,0.0,722.0,102.0,0.0,3465.0,0.0,0.0,2715.0,2386.0,0.0,0.0,96.0,1561.0,3266.0,3235.0,357.0,357.0,5127840
PAYS DE LA LOIRE,2014-09-02 09:30:00,2014,245,09:30:00,245.4,939.0,0.0,22.0,79.0,2.0,30.0,0.0,1853.0,0.0,0.0,1864.0,1429.0,0.0,0.0,518.0,420.0,7.0,7.0,58.0,58.0,3690833
NORMANDIE,2021-12-10 19:30:00,2021,344,19:30:00,344.81,428.0,6393.0,601.0,0.0,14.0,82.0,0.0,-3212.0,0.0,0.0,852.0,852.0,10640.0,9443.0,893.0,304.0,31.0,31.0,148.0,148.0,3327966
GRAND EST,2014-04-11 13:30:00,2014,101,13:30:00,101.56,1002.0,8436.0,153.0,295.0,682.0,59.0,0.0,-5221.0,0.0,0.0,3398.0,3198.0,10820.0,9940.0,2012.0,514.0,2283.0,2283.0,96.0,96.0,5554645
AUVERGNE RHONE ALPES,2019-08-18 22:30:00,2019,230,22:30:00,230.94,11.0,8834.0,101.0,0.0,2206.0,114.0,-19.0,-5839.0,0.0,0.0,1027.0,1027.0,13570.0,12652.0,635.0,1176.0,11631.0,11414.0,190.0,190.0,8042936
BRETAGNE,2020-12-20 05:00:00,2020,355,05:00:00,355.21,230.0,0.0,181.0,1.0,216.0,52.0,-1.0,1676.0,0.0,0.0,980.0,895.0,0.0,0.0,1047.0,295.0,272.0,272.0,81.0,81.0,3373835
BRETAGNE,2015-10-15 08:00:00,2015,288,08:00:00,288.33,1.0,0.0,118.0,0.0,0.0,27.0,-1.0,2659.0,0.0,0.0,724.0,724.0,0.0,0.0,809.0,222.0,275.0,275.0,56.0,56.0,3293850
ILE DE FRANCE,2016-02-29 18:00:00,2016,60,18:00:00,60.75,421.0,0.0,10.0,2.0,2.0,133.0,0.0,10496.0,0.0,0.0,2149.0,2149.0,0.0,0.0,61.0,114.0,19.0,19.0,300.0,300.0,12117132
OCCITANIE,2013-04-06 22:00:00,2013,96,22:00:00,96.92,-4.0,2598.0,532.0,0.0,2192.0,41.0,-16.0,-59.0,0.0,0.0,245.0,245.0,2620.0,2620.0,861.0,1052.0,5377.0,5377.0,126.0,126.0,5683878
GRAND EST,2020-10-06 23:00:00,2020,280,23:00:00,280.96,438.0,8909.0,2843.0,0.0,933.0,122.0,0.0,-8117.0,0.0,0.0,3585.0,3172.0,10820.0,9635.0,3795.0,662.0,2305.0,1968.0,190.0,190.0,5562651
HAUTS DE FRANCE,2021-09-03 04:00:00,2021,246,04:00:00,246.17,302.0,3493.0,884.0,0.0,2.0,116.0,0.0,-457.0,0.0,0.0,2990.0,2990.0,5460.0,4550.0,5531.0,407.0,5.0,5.0,183.0,183.0,5995292
GRAND EST,2017-03-16 21:00:00,2017,75,21:00:00,75.88,1690.0,7284.0,142.0,0.0,1221.0,95.0,0.0,-4898.0,0.0,0.0,3453.0,2858.0,10820.0,9497.0,2879.0,535.0,2297.0,2076.0,140.0,140.0,5549586
PROVENCE ALPES COTE D AZUR,2021-04-22 14:30:00,2021,112,14:30:00,112.6,1121.0,0.0,2.0,989.0,455.0,64.0,0.0,1910.0,0.0,0.0,2715.0,2386.0,0.0,0.0,96.0,1589.0,3266.0,3235.0,357.0,357.0,5127840
BRETAGNE,2015-11-08 01:00:00,2015,312,01:00:00,312.04,77.0,0.0,63.0,0.0,40.0,40.0,-1.0,1931.0,0.0,0.0,727.0,727.0,0.0,0.0,813.0,223.0,275.0,275.0,56.0,56.0,3293850
HAUTS DE FRANCE,2017-08-22 21:00:00,2017,234,21:00:00,234.88,1319.0,3698.0,197.0,0.0,0.0,115.0,0.0,-482.0,0.0,0.0,2910.0,2910.0,5460.0,4600.0,3557.0,215.0,5.0,5.0,165.0,165.0,6003815
BOURGOGNE FRANCHE COMTE,2018-01-10 16:30:00,2018,10,16:30:00,10.69,156.0,0.0,144.0,2.0,106.0,30.0,0.0,2636.0,0.0,0.0,356.0,356.0,0.0,0.0,676.0,304.0,520.0,366.0,35.0,35.0,2807807
NORMANDIE,2016-12-28 20:00:00,2016,363,20:00:00,363.83,812.0,9011.0,281.0,0.0,15.0,48.0,0.0,-5815.0,0.0,0.0,785.0,785.0,10640.0,9868.0,616.0,220.0,31.0,31.0,96.0,96.0,3335929
PAYS DE LA LOIRE,2021-05-24 22:30:00,2021,144,22:30:00,144.94,0.0,0.0,470.0,0.0,3.0,37.0,0.0,2075.0,0.0,0.0,2056.0,2056.0,0.0,0.0,1097.0,740.0,10.0,10.0,78.0,78.0,3853999
BOURGOGNE FRANCHE COMTE,2016-03-03 10:30:00,2016,63,10:30:00,63.44,148.0,0.0,291.0,16.0,201.0,19.0,0.0,2901.0,0.0,0.0,329.0,329.0,0.0,0.0,414.0,264.0,513.0,513.0,30.0,30.0,2818338
HAUTS DE FRANCE,2018-04-28 11:30:00,2018,118,11:30:00,118.48,321.0,3512.0,954.0,31.0,2.0,131.0,0.0,154.0,0.0,0.0,2922.0,2337.0,5460.0,4550.0,3841.0,218.0,5.0,5.0,170.0,170.0,6004108
OCCITANIE,2020-09-20 15:00:00,2020,264,15:00:00,264.62,0.0,1133.0,44.0,968.0,412.0,57.0,-218.0,867.0,0.0,0.0,314.0,314.0,2620.0,1310.0,1593.0,2281.0,5494.0,5261.0,171.0,171.0,5973969
GRAND EST,2013-09-23 20:00:00,2013,266,20:00:00,266.83,1405.0,8510.0,225.0,0.0,1213.0,36.0,0.0,-6032.0,0.0,0.0,3398.0,3398.0,10820.0,10820.0,1943.0,506.0,2281.0,2281.0,93.0,93.0,5552388
NORMANDIE,2018-10-26 20:00:00,2018,299,20:00:00,299.83,240.0,7116.0,241.0,0.0,10.0,51.0,0.0,-4138.0,0.0,0.0,821.0,531.0,10640.0,9448.0,758.0,251.0,31.0,31.0,105.0,105.0,3327477
CENTRE VAL DE LOIRE,2017-11-13 12:30:00,2017,317,12:30:00,317.52,133.0,7541.0,511.0,78.0,0.0,54.0,0.0,-5605.0,0.0,0.0,214.0,214.0,11630.0,10610.0,963.0,277.0,91.0,91.0,76.0,76.0,2576252
OCCITANIE,2015-01-27 16:00:00,2015,27,16:00:00,27.67,56.0,2561.0,538.0,121.0,1820.0,74.0,-8.0,976.0,0.0,0.0,266.0,266.0,2620.0,2620.0,943.0,1368.0,5435.0,5208.0,133.0,133.0,5774185
GRAND EST,2013-09-20 08:30:00,2013,263,08:30:00,263.35,2080.0,8553.0,334.0,9.0,1417.0,35.0,0.0,-6797.0,0.0,0.0,3398.0,2803.0,10820.0,10820.0,1943.0,506.0,2281.0,2281.0,93.0,93.0,5552388
PROVENCE ALPES COTE D AZUR,2018-10-30 19:30:00,2018,303,19:30:00,303.81,1779.0,0.0,27.0,1.0,1113.0,78.0,0.0,2566.0,0.0,0.0,2666.0,2378.0,0.0,0.0,48.0,1301.0,3233.0,3109.0,357.0,207.0,5052832
PROVENCE ALPES COTE D AZUR,2022-11-26 16:00:00,2022,330,16:00:00,330.67,1516.0,0.0,19.0,230.0,490.0,199.0,0.0,1800.0,0.0,0.0,2724.0,2460.0,0.0,0.0,96.0,1984.0,3270.0,3239.0,357.0,357.0,5150362
CENTRE VAL DE LOIRE,2017-09-15 09:30:00,2017,258,09:30:00,258.4,0.0,7310.0,46.0,47.0,2.0,64.0,0.0,-5417.0,0.0,0.0,198.0,198.0,11630.0,10727.0,963.0,274.0,91.0,91.0,76.0,76.0,2576252
NORMANDIE,2014-01-01 08:30:00,2014,1,08:30:00,1.35,359.0,7803.0,381.0,0.0,19.0,59.0,0.0,-5534.0,0.0,0.0,761.0,761.0,10640.0,10640.0,444.0,211.0,24.0,24.0,89.0,89.0,3335645
HAUTS DE FRANCE,2022-06-09 20:00:00,2022,160,20:00:00,160.83,1234.0,3644.0,417.0,36.0,2.0,118.0,0.0,-164.0,0.0,0.0,2993.0,2804.0,5460.0,4550.0,5774.0,442.0,6.0,6.0,197.0,197.0,5990765
BRETAGNE,2020-09-13 22:00:00,2020,257,22:00:00,257.92,1.0,0.0,66.0,0.0,101.0,54.0,-1.0,1699.0,0.0,0.0,978.0,877.0,0.0,0.0,1028.0,288.0,272.0,272.0,80.0,80.0,3373835
PROVENCE ALPES COTE D AZUR,2017-07-31 01:00:00,2017,212,01:00:00,212.04,74.0,0.0,1.0,0.0,719.0,242.0,0.0,2849.0,0.0,0.0,2630.0,2236.0,0.0,0.0,48.0,1151.0,3220.0,3094.0,354.0,354.0,5030890
NORMANDIE,2022-02-07 02:30:00,2022,38,02:30:00,38.1,315.0,7450.0,560.0,0.0,15.0,93.0,0.0,-4855.0,0.0,0.0,852.0,852.0,10640.0,9526.0,920.0,306.0,31.0,31.0,148.0,148.0,3327604
GRAND EST,2022-02-01 16:30:00,2022,32,16:30:00,32.69,1657.0,7467.0,3088.0,9.0,495.0,161.0,-337.0,-5445.0,0.0,0.0,3590.0,3590.0,10820.0,10078.0,4189.0,992.0,2306.0,2104.0,212.0,212.0,5563889
GRAND EST,2016-01-19 20:30:00,2016,19,20:30:00,19.85,2487.0,12560.0,99.0,0.0,1335.0,109.0,0.0,-8856.0,0.0,0.0,3424.0,3424.0,10820.0,10820.0,2569.0,525.0,2285.0,2083.0,119.0,119.0,5555186
PAYS DE LA LOIRE,2019-08-03 14:30:00,2019,215,14:30:00,215.6,385.0,0.0,13.0,343.0,0.0,52.0,0.0,1459.0,0.0,0.0,2037.0,1783.0,0.0,0.0,926.0,592.0,10.0,10.0,71.0,71.0,3806461
BOURGOGNE FRANCHE COMTE,2014-04-18 12:00:00,2014,108,12:00:00,108.5,27.0,0.0,28.0,38.0,92.0,11.0,0.0,2712.0,0.0,0.0,313.0,68.0,0.0,0.0,242.0,245.0,508.0,508.0,25.0,25.0,2820623
NORMANDIE,2020-10-25 22:30:00,2020,299,22:30:00,299.94,175.0,4152.0,362.0,0.0,13.0,65.0,0.0,-1651.0,0.0,0.0,838.0,838.0,10640.0,9384.0,831.0,269.0,31.0,31.0,115.0,115.0,3325522
AUVERGNE RHONE ALPES,2018-04-05 08:30:00,2018,95,08:30:00,95.35,22.0,9463.0,135.0,42.0,5286.0,92.0,-4.0,-5990.0,0.0,0.0,1000.0,1000.0,13570.0,12545.0,578.0,1026.0,11259.0,11083.0,179.0,179.0,7994459
NOUVELLE AQUITAINE,2019-11-17 16:00:00,2019,321,16:00:00,321.67,203.0,5826.0,15.0,150.0,393.0,182.0,0.0,-1108.0,0.0,0.0,562.0,562.0,6630.0,5720.0,1029.0,2608.0,1783.0,1678.0,340.0,340.0,6010289
BOURGOGNE FRANCHE COMTE,2020-07-12 01:00:00,2020,194,01:00:00,194.04,58.0,0.0,337.0,0.0,55.0,55.0,0.0,1041.0,0.0,0.0,401.0,401.0,0.0,0.0,877.0,353.0,521.0,367.0,69.0,69.0,2801695
OCCITANIE,2018-02-03 15:30:00,2018,34,15:30:00,34.65,85.0,2528.0,579.0,326.0,1878.0,85.0,-53.0,416.0,0.0,0.0,291.0,291.0,2620.0,2620.0,1365.0,1817.0,5482.0,5255.0,145.0,145.0,5885496
GRAND EST,2017-07-08 00:00:00,2017,189,00:00:00,189.0,1592.0,10941.0,294.0,0.0,740.0,76.0,0.0,-8809.0,0.0,0.0,3453.0,3108.0,10820.0,9940.0,2923.0,543.0,2298.0,1972.0,140.0,140.0,5549586
AUVERGNE RHONE ALPES,2020-08-20 03:30:00,2020,233,03:30:00,233.15,345.0,8017.0,228.0,0.0,1868.0,102.0,-1062.0,-4680.0,0.0,0.0,1034.0,1034.0,13570.0,12637.0,647.0,1295.0,11746.0,11573.0,193.0,193.0,8078652
BOURGOGNE FRANCHE COMTE,2014-03-26 09:30:00,2014,85,09:30:00,85.4,100.0,0.0,16.0,72.0,207.0,22.0,0.0,2620.0,0.0,0.0,313.0,68.0,0.0,0.0,242.0,243.0,508.0,508.0,25.0,25.0,2820623
BOURGOGNE FRANCHE COMTE,2019-11-24 08:00:00,2019,328,08:00:00,328.33,166.0,0.0,64.0,0.0,71.0,25.0,0.0,1827.0,0.0,0.0,401.0,401.0,0.0,0.0,849.0,343.0,521.0,521.0,68.0,68.0,2805580
NOUVELLE AQUITAINE,2016-05-14 05:00:00,2016,135,05:00:00,135.21,34.0,3036.0,35.0,-1.0,488.0,172.0,0.0,-502.0,0.0,0.0,429.0,429.0,6630.0,5697.0,567.0,1856.0,1778.0,1672.0,280.0,280.0,5935603
OCCITANIE,2019-07-15 14:30:00,2019,196,14:30:00,196.6,0.0,2330.0,936.0,1479.0,633.0,98.0,-12.0,-903.0,0.0,0.0,307.0,307.0,2620.0,2620.0,1559.0,2073.0,5489.0,5293.0,146.0,146.0,5933185
ILE DE FRANCE,2018-06-30 00:00:00,2018,181,00:00:00,181.0,-2.0,0.0,24.0,0.0,8.0,177.0,0.0,6545.0,0.0,0.0,2157.0,2060.0,0.0,0.0,88.0,122.0,20.0,20.0,306.0,306.0,12213447
PROVENCE ALPES COTE D AZUR,2016-09-24 10:00:00,2016,268,10:00:00,268.42,73.0,0.0,0.0,278.0,594.0,107.0,0.0,3030.0,0.0,0.0,2614.0,2369.0,0.0,0.0,48.0,1047.0,3192.0,3192.0,354.0,354.0,5021928
ILE DE FRANCE,2017-02-23 17:00:00,2017,54,17:00:00,54.71,406.0,0.0,23.0,7.0,12.0,155.0,0.0,9229.0,0.0,0.0,2149.0,1581.0,0.0,0.0,73.0,116.0,19.0,19.0,301.0,301.0,12174880
ILE DE FRANCE,2020-05-29 22:30:00,2020,150,22:30:00,150.94,0.0,0.0,30.0,0.0,4.0,164.0,0.0,5779.0,0.0,0.0,2170.0,2057.0,0.0,0.0,108.0,144.0,20.0,20.0,314.0,314.0,12271794
BRETAGNE,2018-02-05 16:30:00,2018,36,16:30:00,36.69,230.0,0.0,352.0,34.0,177.0,43.0,-1.0,2820.0,0.0,0.0,904.0,904.0,0.0,0.0,951.0,250.0,270.0,270.0,68.0,68.0,3335414
NOUVELLE AQUITAINE,2020-08-12 21:00:00,2020,225,21:00:00,225.88,13.0,2578.0,147.0,27.0,86.0,163.0,0.0,1102.0,0.0,0.0,571.0,571.0,6630.0,5828.0,1166.0,2719.0,1783.0,1672.0,341.0,341.0,6033952
NOUVELLE AQUITAINE,2023-01-22 08:30:00,2023,22,08:30:00,22.35,207.0,1577.0,222.0,0.0,633.0,138.0,0.0,3974.0,0.0,0.0,581.0,581.0,6630.0,5677.0,1644.0,3941.0,1786.0,1668.0,356.0,356.0,6110365
BOURGOGNE FRANCHE COMTE,2018-04-04 02:00:00,2018,94,02:00:00,94.08,20.0,0.0,243.0,0.0,106.0,30.0,0.0,1978.0,0.0,0.0,386.0,386.0,0.0,0.0,676.0,306.0,520.0,443.0,36.0,36.0,2807807
BOURGOGNE FRANCHE COMTE,2014-08-23 09:30:00,2014,235,09:30:00,235.4,15.0,0.0,14.0,27.0,53.0,17.0,0.0,1595.0,0.0,0.0,313.0,68.0,0.0,0.0,254.0,251.0,508.0,508.0,28.0,28.0,2820623
OCCITANIE,2018-09-09 04:00:00,2018,252,04:00:00,252.17,0.0,2471.0,133.0,0.0,328.0,85.0,-654.0,338.0,0.0,0.0,295.0,295.0,2620.0,2490.0,1425.0,1957.0,5485.0,5254.0,146.0,146.0,5885496
GRAND EST,2015-06-14 21:00:00,2015,165,21:00:00,165.88,37.0,8339.0,502.0,8.0,1724.0,60.0,0.0,-6836.0,0.0,0.0,3420.0,3089.0,10820.0,9917.0,2386.0,524.0,2284.0,2284.0,115.0,115.0,5559051
HAUTS DE FRANCE,2017-07-03 05:00:00,2017,184,05:00:00,184.21,981.0,2579.0,104.0,0.0,1.0,117.0,0.0,381.0,0.0,0.0,2904.0,2904.0,5460.0,4550.0,3488.0,215.0,5.0,5.0,165.0,165.0,6003815
BOURGOGNE FRANCHE COMTE,2018-01-21 02:30:00,2018,21,02:30:00,21.1,174.0,0.0,430.0,0.0,220.0,30.0,0.0,1646.0,0.0,0.0,356.0,356.0,0.0,0.0,676.0,305.0,520.0,366.0,35.0,35.0,2807807
HAUTS DE FRANCE,2021-02-18 13:00:00,2021,49,13:00:00,49.54,1463.0,3507.0,3266.0,27.0,2.0,128.0,0.0,-1111.0,0.0,0.0,2990.0,2990.0,5460.0,4550.0,5413.0,315.0,5.0,5.0,181.0,181.0,5995292
PAYS DE LA LOIRE,2019-01-24 12:00:00,2019,24,12:00:00,24.5,1360.0,0.0,9.0,223.0,5.0,48.0,0.0,3343.0,0.0,0.0,2034.0,1819.0,0.0,0.0,897.0,561.0,8.0,8.0,70.0,70.0,3806461
HAUTS DE FRANCE,2013-12-04 11:00:00,2013,338,11:00:00,338.46,1377.0,5463.0,244.0,5.0,1.0,74.0,0.0,928.0,0.0,0.0,2278.0,2278.0,5460.0,5460.0,2239.0,210.0,5.0,5.0,139.0,139.0,5987883
HAUTS DE FRANCE,2013-08-27 11:30:00,2013,239,11:30:00,239.48,599.0,3538.0,101.0,45.0,0.0,59.0,0.0,1200.0,0.0,0.0,2268.0,2268.0,5460.0,5460.0,2205.0,210.0,5.0,5.0,139.0,139.0,5987883
BRETAGNE,2015-04-12 17:30:00,2015,102,17:30:00,102.73,0.0,0.0,48.0,80.0,68.0,37.0,-1.0,1355.0,0.0,0.0,724.0,639.0,0.0,0.0,801.0,220.0,272.0,272.0,55.0,55.0,3293850
OCCITANIE,2019-03-31 23:30:00,2019,90,23:30:00,90.98,73.0,2575.0,169.0,0.0,769.0,91.0,-47.0,1038.0,0.0,0.0,307.0,307.0,2620.0,2620.0,1499.0,2018.0,5488.0,5164.0,146.0,146.0,5933185
BRETAGNE,2018-06-21 20:30:00,2018,172,20:30:00,172.85,1.0,0.0,373.0,21.0,159.0,47.0,-1.0,1380.0,0.0,0.0,904.0,770.0,0.0,0.0,957.0,253.0,270.0,270.0,68.0,68.0,3335414
NOUVELLE AQUITAINE,2014-04-18 10:00:00,2014,108,10:00:00,108.42,28.0,5797.0,19.0,170.0,635.0,131.0,0.0,-1623.0,0.0,0.0,421.0,421.0,6630.0,6630.0,417.0,1078.0,1770.0,1770.0,220.0,220.0,5879144
BOURGOGNE FRANCHE COMTE,2015-07-03 23:00:00,2015,184,23:00:00,184.96,26.0,0.0,113.0,0.0,18.0,20.0,0.0,2186.0,0.0,0.0,325.0,80.0,0.0,0.0,362.0,254.0,513.0,513.0,29.0,29.0,2820940
ILE DE FRANCE,2015-10-20 20:00:00,2015,293,20:00:00,293.83,-6.0,0.0,5.0,0.0,10.0,104.0,0.0,10496.0,0.0,0.0,2144.0,1946.0,0.0,0.0,49.0,113.0,19.0,19.0,300.0,300.0,12082144
NORMANDIE,2017-11-25 18:30:00,2017,329,18:30:00,329.77,961.0,5614.0,250.0,0.0,21.0,55.0,0.0,-2955.0,0.0,0.0,813.0,813.0,10640.0,9468.0,705.0,232.0,31.0,31.0,100.0,100.0,3330478
OCCITANIE,2013-01-20 03:30:00,2013,20,03:30:00,20.15,79.0,2514.0,193.0,0.0,1200.0,63.0,-837.0,1844.0,0.0,0.0,245.0,245.0,2620.0,2620.0,861.0,1043.0,5369.0,5369.0,126.0,126.0,5683878
GRAND EST,2022-07-12 03:00:00,2022,193,03:00:00,193.12,1257.0,2455.0,732.0,0.0,430.0,149.0,-515.0,-405.0,0.0,0.0,3590.0,3163.0,10820.0,9761.0,4290.0,1069.0,2308.0,1954.0,235.0,235.0,5563889
AUVERGNE RHONE ALPES,2016-07-03 17:00:00,2016,185,17:00:00,185.71,29.0,5639.0,81.0,366.0,3946.0,101.0,-178.0,-4569.0,0.0,0.0,959.0,959.0,13570.0,12650.0,398.0,918.0,11219.0,11039.0,170.0,170.0,7916889
CENTRE VAL DE LOIRE,2020-12-31 09:00:00,2020,366,09:00:00,366.38,81.0,9342.0,508.0,0.0,51.0,56.0,0.0,-7331.0,0.0,0.0,229.0,229.0,11630.0,10587.0,1278.0,417.0,92.0,92.0,88.0,88.0,2574863
PAYS DE LA LOIRE,2014-12-12 09:30:00,2014,346,09:30:00,346.4,1627.0,0.0,495.0,3.0,5.0,40.0,0.0,2048.0,0.0,0.0,1864.0,1864.0,0.0,0.0,537.0,437.0,7.0,7.0,58.0,58.0,3690833
GRAND EST,2017-03-19 15:30:00,2017,78,15:30:00,78.65,190.0,6569.0,1700.0,51.0,1116.0,95.0,-346.0,-4766.0,0.0,0.0,3453.0,2858.0,10820.0,9497.0,2879.0,535.0,2297.0,2076.0,140.0,140.0,5549586
NORMANDIE,2019-11-18 03:30:00,2019,322,03:30:00,322.15,798.0,3792.0,55.0,0.0,21.0,56.0,0.0,-1310.0,0.0,0.0,833.0,833.0,10640.0,9310.0,806.0,260.0,31.0,31.0,108.0,108.0,3325032
NORMANDIE,2018-12-27 16:00:00,2018,361,16:00:00,361.67,923.0,6835.0,17.0,4.0,22.0,46.0,0.0,-3657.0,0.0,0.0,821.0,631.0,10640.0,9876.0,791.0,252.0,31.0,31.0,105.0,105.0,3327477
HAUTS DE FRANCE,2015-12-27 13:30:00,2015,361,13:30:00,361.56,490.0,5268.0,823.0,38.0,2.0,126.0,0.0,-1168.0,0.0,0.0,2301.0,1970.0,5460.0,5460.0,2878.0,213.0,5.0,5.0,160.0,160.0,6009976
NOUVELLE AQUITAINE,2017-01-10 08:30:00,2017,10,08:30:00,10.35,238.0,5186.0,128.0,-1.0,589.0,202.0,0.0,931.0,0.0,0.0,452.0,452.0,6630.0,5135.0,721.0,1924.0,1780.0,1780.0,295.0,295.0,5956978
AUVERGNE RHONE ALPES,2016-12-07 11:30:00,2016,342,11:30:00,342.48,719.0,8897.0,25.0,255.0,3624.0,123.0,-7.0,-2720.0,0.0,0.0,982.0,982.0,13570.0,12669.0,411.0,936.0,11231.0,11022.0,177.0,177.0,7916889
PAYS DE LA LOIRE,2018-03-11 06:00:00,2018,70,06:00:00,70.25,138.0,0.0,407.0,0.0,5.0,51.0,0.0,1971.0,0.0,0.0,1959.0,1379.0,0.0,0.0,796.0,537.0,8.0,8.0,69.0,69.0,3781423
AUVERGNE RHONE ALPES,2016-06-18 16:00:00,2016,170,16:00:00,170.67,30.0,7451.0,79.0,241.0,3548.0,99.0,-921.0,-4456.0,0.0,0.0,959.0,959.0,13570.0,12649.0,398.0,917.0,11211.0,11029.0,170.0,170.0,7916889
CENTRE VAL DE LOIRE,2018-04-11 07:00:00,2018,101,07:00:00,101.29,0.0,8231.0,278.0,0.0,18.0,49.0,0.0,-6182.0,0.0,0.0,216.0,216.0,11630.0,10687.0,996.0,286.0,91.0,91.0,76.0,76.0,2572853
PROVENCE ALPES COTE D AZUR,2018-06-08 07:30:00,2018,159,07:30:00,159.31,449.0,0.0,0.0,61.0,2024.0,54.0,0.0,1083.0,0.0,0.0,2666.0,2253.0,0.0,0.0,48.0,1267.0,3233.0,3233.0,357.0,207.0,5052832
CENTRE VAL DE LOIRE,2014-09-19 08:00:00,2014,262,08:00:00,262.33,1.0,6437.0,40.0,1.0,19.0,46.0,0.0,-4661.0,0.0,0.0,162.0,162.0,11630.0,11630.0,801.0,220.0,91.0,91.0,69.0,69.0,2577435
NORMANDIE,2015-09-12 19:30:00,2015,255,19:30:00,255.81,229.0,4930.0,47.0,7.0,14.0,50.0,0.0,-2715.0,0.0,0.0,761.0,474.0,10640.0,9310.0,538.0,216.0,24.0,24.0,95.0,95.0,3339131
GRAND EST,2019-03-21 05:00:00,2019,80,05:00:00,80.21,1224.0,9662.0,553.0,0.0,1025.0,114.0,-179.0,-7228.0,0.0,0.0,3531.0,3531.0,10820.0,9540.0,3355.0,564.0,2302.0,2040.0,167.0,167.0,5556219
CENTRE VAL DE LOIRE,2014-12-20 22:30:00,2014,354,22:30:00,354.94,80.0,11421.0,144.0,0.0,28.0,51.0,0.0,-9312.0,0.0,0.0,162.0,162.0,11630.0,11630.0,801.0,223.0,91.0,91.0,71.0,71.0,2577435
OCCITANIE,2021-07-30 04:00:00,2021,211,04:00:00,211.17,0.0,1246.0,12.0,0.0,388.0,82.0,-473.0,1769.0,0.0,0.0,325.0,325.0,2620.0,2620.0,1593.0,2636.0,5499.0,5332.0,172.0,172.0,6022176
NORMANDIE,2018-03-25 00:30:00,2018,84,00:30:00,84.02,361.0,6344.0,49.0,0.0,9.0,58.0,0.0,-3272.0,0.0,0.0,813.0,307.0,10640.0,9453.0,712.0,234.0,31.0,31.0,103.0,103.0,3327477
NORMANDIE,2022-02-01 00:00:00,2022,32,00:00:00,32.0,371.0,8942.0,311.0,0.0,14.0,85.0,0.0,-5612.0,0.0,0.0,852.0,852.0,10640.0,9501.0,920.0,306.0,31.0,31.0,148.0,148.0,3327604
PROVENCE ALPES COTE D AZUR,2018-04-21 02:30:00,2018,111,02:30:00,111.1,33.0,0.0,0.0,0.0,1549.0,231.0,0.0,1887.0,0.0,0.0,2666.0,2287.0,0.0,0.0,48.0,1244.0,3233.0,3067.0,357.0,357.0,5052832
AUVERGNE RHONE ALPES,2018-11-06 00:00:00,2018,310,00:00:00,310.0,207.0,8438.0,294.0,0.0,1282.0,126.0,-337.0,-2542.0,0.0,0.0,1021.0,620.0,13570.0,12595.0,607.0,1110.0,11266.0,11062.0,188.0,188.0,7994459
BOURGOGNE FRANCHE COMTE,2014-08-14 05:00:00,2014,226,05:00:00,226.21,15.0,0.0,43.0,0.0,63.0,17.0,0.0,1157.0,0.0,0.0,313.0,68.0,0.0,0.0,254.0,251.0,508.0,508.0,28.0,28.0,2820623
OCCITANIE,2017-07-07 07:30:00,2017,188,07:30:00,188.31,1.0,1244.0,37.0,76.0,398.0,82.0,-631.0,2281.0,0.0,0.0,282.0,282.0,2620.0,1310.0,1237.0,1726.0,5475.0,5262.0,140.0,140.0,5845102
ILE DE FRANCE,2019-05-03 19:30:00,2019,123,19:30:00,123.81,-1.0,0.0,5.0,7.0,10.0,135.0,0.0,7794.0,0.0,0.0,2170.0,2047.0,0.0,0.0,88.0,126.0,20.0,20.0,306.0,306.0,12262544
NOUVELLE AQUITAINE,2016-06-22 16:30:00,2016,174,16:30:00,174.69,35.0,4512.0,62.0,1151.0,848.0,144.0,0.0,-2001.0,0.0,0.0,429.0,429.0,6630.0,5874.0,579.0,1868.0,1778.0,1672.0,280.0,280.0,5935603
NORMANDIE,2017-10-20 04:00:00,2017,293,04:00:00,293.17,281.0,3463.0,416.0,0.0,12.0,48.0,0.0,-1853.0,0.0,0.0,802.0,802.0,10640.0,9565.0,701.0,223.0,31.0,31.0,100.0,100.0,3330478
HAUTS DE FRANCE,2019-01-13 07:00:00,2019,13,07:00:00,13.29,606.0,5274.0,2726.0,0.0,2.0,133.0,0.0,-3180.0,0.0,0.0,2969.0,2969.0,5460.0,5460.0,4359.0,235.0,5.0,5.0,177.0,177.0,6004947
BOURGOGNE FRANCHE COMTE,2019-01-01 17:30:00,2019,1,17:30:00,1.73,179.0,0.0,34.0,0.0,102.0,31.0,-5.0,2309.0,0.0,0.0,401.0,401.0,0.0,0.0,762.0,329.0,520.0,443.0,65.0,65.0,2805580
AUVERGNE RHONE ALPES,2018-12-02 12:30:00,2018,336,12:30:00,336.52,234.0,9199.0,288.0,50.0,2488.0,141.0,-6.0,-3892.0,0.0,0.0,1025.0,1025.0,13570.0,12586.0,607.0,1112.0,11268.0,11076.0,189.0,189.0,7994459
OCCITANIE,2019-12-14 01:30:00,2019,348,01:30:00,348.06,88.0,2536.0,1042.0,0.0,2038.0,100.0,-267.0,-846.0,0.0,0.0,308.0,308.0,2620.0,2620.0,1570.0,2156.0,5489.0,5312.0,146.0,146.0,5933185
BRETAGNE,2013-06-24 03:30:00,2013,175,03:30:00,175.15,1.0,0.0,124.0,0.0,171.0,19.0,-1.0,1205.0,0.0,0.0,660.0,660.0,0.0,0.0,722.0,205.0,11.0,11.0,38.0,38.0,3258707
CENTRE VAL DE LOIRE,2013-12-18 15:30:00,2013,352,15:30:00,352.65,75.0,9564.0,174.0,20.0,8.0,38.0,0.0,-7113.0,0.0,0.0,162.0,162.0,11630.0,11630.0,739.0,214.0,91.0,91.0,56.0,56.0,2570548
BOURGOGNE FRANCHE COMTE,2013-06-30 12:30:00,2013,181,12:30:00,181.52,28.0,0.0,2.0,94.0,63.0,9.0,0.0,1803.0,0.0,0.0,301.0,301.0,0.0,0.0,204.0,229.0,480.0,480.0,24.0,24.0,2819783
NORMANDIE,2020-07-23 04:30:00,2020,205,04:30:00,205.19,487.0,3606.0,17.0,0.0,8.0,55.0,0.0,-2063.0,0.0,0.0,838.0,258.0,10640.0,9310.0,819.0,265.0,31.0,31.0,111.0,111.0,3325522
PAYS DE LA LOIRE,2017-02-07 10:00:00,2017,38,10:00:00,38.42,546.0,0.0,122.0,81.0,4.0,45.0,0.0,3617.0,0.0,0.0,1914.0,1520.0,0.0,0.0,697.0,493.0,8.0,8.0,63.0,63.0,3757600
BRETAGNE,2015-09-19 18:30:00,2015,262,18:30:00,262.77,0.0,0.0,19.0,33.0,128.0,36.0,-1.0,1556.0,0.0,0.0,724.0,724.0,0.0,0.0,801.0,222.0,275.0,275.0,55.0,55.0,3293850
PROVENCE ALPES COTE D AZUR,2022-07-31 14:30:00,2022,212,14:30:00,212.6,676.0,0.0,10.0,1254.0,351.0,86.0,0.0,2555.0,0.0,0.0,2724.0,2407.0,0.0,0.0,96.0,1866.0,3267.0,3184.0,357.0,357.0,5150362
NORMANDIE,2015-01-17 05:30:00,2015,17,05:30:00,17.23,340.0,10337.0,33.0,0.0,15.0,58.0,0.0,-6998.0,0.0,0.0,761.0,181.0,10640.0,10640.0,496.0,214.0,24.0,24.0,91.0,91.0,3339131
PAYS DE LA LOIRE,2019-11-27 14:30:00,2019,331,14:30:00,331.6,535.0,0.0,821.0,119.0,2.0,58.0,0.0,2241.0,0.0,0.0,2050.0,1857.0,0.0,0.0,933.0,612.0,10.0,10.0,76.0,76.0,3806461
PROVENCE ALPES COTE D AZUR,2020-10-10 01:30:00,2020,284,01:30:00,284.06,42.0,0.0,0.0,0.0,909.0,90.0,0.0,2608.0,0.0,0.0,2711.0,2337.0,0.0,0.0,48.0,1526.0,3262.0,3231.0,357.0,357.0,5098666
AUVERGNE RHONE ALPES,2013-07-27 23:30:00,2013,208,23:30:00,208.98,39.0,8563.0,99.0,0.0,3178.0,51.0,-26.0,-5672.0,0.0,0.0,919.0,919.0,13570.0,13570.0,335.0,724.0,11116.0,11116.0,106.0,106.0,7757595
AUVERGNE RHONE ALPES,2015-01-15 19:00:00,2015,15,19:00:00,15.79,248.0,13416.0,167.0,0.0,5690.0,106.0,-3.0,-9732.0,0.0,0.0,940.0,940.0,13570.0,13565.0,357.0,856.0,11166.0,10950.0,141.0,141.0,7877698
NOUVELLE AQUITAINE,2019-05-01 08:00:00,2019,121,08:00:00,121.33,12.0,5574.0,58.0,155.0,446.0,180.0,0.0,-2650.0,0.0,0.0,538.0,538.0,6630.0,5720.0,999.0,2476.0,1782.0,1673.0,319.0,319.0,6010289
CENTRE VAL DE LOIRE,2016-03-22 13:00:00,2016,82,13:00:00,82.54,66.0,9434.0,227.0,116.0,13.0,45.0,0.0,-7270.0,0.0,0.0,170.0,170.0,11630.0,10943.0,844.0,245.0,91.0,91.0,71.0,71.0,2577866
PROVENCE ALPES COTE D AZUR,2018-04-01 11:30:00,2018,91,11:30:00,91.48,87.0,0.0,15.0,796.0,1795.0,228.0,0.0,1939.0,0.0,0.0,2666.0,2304.0,0.0,0.0,48.0,1242.0,3233.0,3233.0,357.0,357.0,5052832
BRETAGNE,2022-05-28 11:30:00,2022,148,11:30:00,148.48,69.0,0.0,165.0,209.0,189.0,47.0,-1.0,1197.0,0.0,0.0,1432.0,1331.0,0.0,0.0,1179.0,368.0,272.0,272.0,82.0,82.0,3414637
PROVENCE ALPES COTE D AZUR,2015-09-14 08:00:00,2015,257,08:00:00,257.33,131.0,0.0,0.0,24.0,867.0,59.0,0.0,2814.0,0.0,0.0,2610.0,2203.0,0.0,0.0,48.0,945.0,3168.0,3168.0,183.0,183.0,5007977
PROVENCE ALPES COTE D AZUR,2016-05-06 06:00:00,2016,127,06:00:00,127.25,69.0,0.0,0.0,0.0,935.0,126.0,0.0,2286.0,0.0,0.0,2614.0,2202.0,0.0,0.0,48.0,1016.0,3178.0,3178.0,354.0,354.0,5021928
PAYS DE LA LOIRE,2022-03-12 04:00:00,2022,71,04:00:00,71.17,53.0,0.0,331.0,0.0,5.0,60.0,0.0,2439.0,0.0,0.0,2068.0,1778.0,0.0,0.0,1137.0,827.0,10.0,10.0,80.0,80.0,3878839
HAUTS DE FRANCE,2016-03-07 10:30:00,2016,67,10:30:00,67.44,1502.0,4550.0,468.0,17.0,2.0,95.0,0.0,1052.0,0.0,0.0,2864.0,2864.0,5460.0,4550.0,2919.0,213.0,5.0,5.0,160.0,160.0,6006870
ILE DE FRANCE,2019-06-15 08:30:00,2019,166,08:30:00,166.35,1.0,0.0,2.0,18.0,8.0,138.0,0.0,5526.0,0.0,0.0,2170.0,2055.0,0.0,0.0,88.0,127.0,20.0,20.0,314.0,314.0,12262544
OCCITANIE,2017-12-23 22:00:00,2017,357,22:00:00,357.92,84.0,2598.0,246.0,0.0,704.0,100.0,0.0,1527.0,0.0,0.0,291.0,291.0,2620.0,2620.0,1365.0,1807.0,5481.0,5481.0,145.0,145.0,5845102
GRAND EST,2018-10-25 15:30:00,2018,298,15:30:00,298.65,2268.0,9311.0,85.0,273.0,326.0,85.0,0.0,-6790.0,0.0,0.0,3527.0,3527.0,10820.0,9814.0,3155.0,560.0,2301.0,1997.0,161.0,161.0,5550389
BOURGOGNE FRANCHE COMTE,2015-03-30 05:30:00,2015,89,05:30:00,89.23,135.0,0.0,253.0,0.0,67.0,21.0,0.0,1802.0,0.0,0.0,325.0,80.0,0.0,0.0,344.0,254.0,510.0,510.0,29.0,29.0,2820940
PAYS DE LA LOIRE,2020-09-20 06:00:00,2020,264,06:00:00,264.25,0.0,0.0,9.0,0.0,0.0,52.0,0.0,1557.0,0.0,0.0,2050.0,1688.0,0.0,0.0,1024.0,659.0,10.0,10.0,77.0,77.0,3832120
BOURGOGNE FRANCHE COMTE,2017-07-16 12:00:00,2017,197,12:00:00,197.5,27.0,0.0,13.0,132.0,26.0,25.0,0.0,1669.0,0.0,0.0,331.0,331.0,0.0,0.0,605.0,270.0,519.0,519.0,32.0,32.0,2811423
PAYS DE LA LOIRE,2020-04-13 02:00:00,2020,104,02:00:00,104.08,8.0,0.0,131.0,0.0,2.0,55.0,0.0,1976.0,0.0,0.0,2050.0,1832.0,0.0,0.0,989.0,635.0,10.0,10.0,76.0,76.0,3832120
PROVENCE ALPES COTE D AZUR,2015-01-20 01:00:00,2015,20,01:00:00,20.04,1309.0,0.0,2.0,0.0,1713.0,69.0,0.0,2714.0,0.0,0.0,2600.0,2355.0,0.0,0.0,45.0,882.0,3168.0,3168.0,183.0,183.0,5007977
ILE DE FRANCE,2017-02-05 13:30:00,2017,36,13:30:00,36.56,420.0,0.0,12.0,14.0,11.0,149.0,0.0,8986.0,0.0,0.0,2149.0,1564.0,0.0,0.0,61.0,116.0,19.0,19.0,301.0,301.0,12174880
ILE DE FRANCE,2020-03-18 18:30:00,2020,78,18:30:00,78.77,367.0,0.0,0.0,3.0,0.0,145.0,0.0,6486.0,0.0,0.0,2170.0,2128.0,0.0,0.0,108.0,144.0,20.0,20.0,314.0,314.0,12271794
BRETAGNE,2015-12-03 03:30:00,2015,337,03:30:00,337.15,131.0,0.0,134.0,0.0,1.0,34.0,-4.0,1947.0,0.0,0.0,756.0,756.0,0.0,0.0,813.0,223.0,275.0,275.0,56.0,56.0,3293850
CENTRE VAL DE LOIRE,2014-03-10 05:00:00,2014,69,05:00:00,69.21,65.0,10369.0,0.0,0.0,35.0,51.0,0.0,-8476.0,0.0,0.0,162.0,162.0,11630.0,11630.0,739.0,215.0,91.0,91.0,56.0,56.0,2577435
ILE DE FRANCE,2020-08-13 20:00:00,2020,226,20:00:00,226.83,0.0,0.0,34.0,3.0,4.0,159.0,0.0,6227.0,0.0,0.0,2170.0,2057.0,0.0,0.0,108.0,168.0,20.0,20.0,314.0,314.0,12271794
CENTRE VAL DE LOIRE,2014-01-05 15:00:00,2014,5,15:00:00,5.62,76.0,9675.0,168.0,10.0,20.0,51.0,0.0,-7620.0,0.0,0.0,162.0,162.0,11630.0,10740.0,739.0,214.0,91.0,91.0,56.0,56.0,2577435
BRETAGNE,2020-08-26 06:30:00,2020,239,06:30:00,239.27,1.0,0.0,148.0,0.0,181.0,57.0,-1.0,1510.0,0.0,0.0,978.0,893.0,0.0,0.0,1028.0,287.0,272.0,272.0,80.0,80.0,3373835
HAUTS DE FRANCE,2020-05-06 01:00:00,2020,127,01:00:00,127.04,578.0,4523.0,1311.0,0.0,2.0,120.0,0.0,-1670.0,0.0,0.0,2970.0,2474.0,5460.0,4669.0,5048.0,242.0,5.0,5.0,181.0,181.0,5997734
NORMANDIE,2021-04-19 17:30:00,2021,109,17:30:00,109.73,235.0,4969.0,40.0,81.0,11.0,78.0,0.0,-2592.0,0.0,0.0,852.0,852.0,10640.0,9797.0,872.0,280.0,31.0,31.0,146.0,146.0,3327966
ILE DE FRANCE,2013-12-14 02:00:00,2013,348,02:00:00,348.08,577.0,0.0,4.0,0.0,3.0,137.0,0.0,8619.0,0.0,0.0,2122.0,2122.0,0.0,0.0,37.0,110.0,19.0,19.0,282.0,282.0,11959807
PAYS DE LA LOIRE,2014-07-23 11:00:00,2014,204,11:00:00,204.46,516.0,0.0,6.0,152.0,1.0,45.0,0.0,2488.0,0.0,0.0,1864.0,1429.0,0.0,0.0,518.0,418.0,7.0,7.0,58.0,58.0,3690833
PAYS DE LA LOIRE,2022-05-24 11:00:00,2022,144,11:00:00,144.46,29.0,0.0,94.0,296.0,1.0,59.0,0.0,2496.0,0.0,0.0,2068.0,1609.0,0.0,0.0,1644.0,845.0,10.0,10.0,80.0,80.0,3878839
PROVENCE ALPES COTE D AZUR,2018-11-22 12:30:00,2018,326,12:30:00,326.52,2455.0,0.0,1.0,323.0,1647.0,71.0,0.0,969.0,0.0,0.0,2671.0,2365.0,0.0,0.0,48.0,1318.0,3233.0,3109.0,357.0,207.0,5052832
PROVENCE ALPES COTE D AZUR,2016-06-16 00:00:00,2016,168,00:00:00,168.0,858.0,0.0,25.0,0.0,1272.0,62.0,0.0,1975.0,0.0,0.0,2614.0,2229.0,0.0,0.0,48.0,1034.0,3191.0,3191.0,354.0,354.0,5021928
NORMANDIE,2021-02-23 11:00:00,2021,54,11:00:00,54.46,654.0,7668.0,540.0,71.0,15.0,93.0,0.0,-5484.0,0.0,0.0,852.0,852.0,10640.0,9797.0,831.0,278.0,31.0,31.0,146.0,146.0,3327966
PAYS DE LA LOIRE,2016-07-26 11:30:00,2016,208,11:30:00,208.48,12.0,0.0,11.0,213.0,0.0,29.0,0.0,2788.0,0.0,0.0,1880.0,1337.0,0.0,0.0,665.0,477.0,8.0,8.0,63.0,63.0,3737632
HAUTS DE FRANCE,2016-05-26 04:00:00,2016,147,04:00:00,147.17,866.0,3552.0,284.0,0.0,2.0,114.0,0.0,-293.0,0.0,0.0,2864.0,2864.0,5460.0,4550.0,2950.0,213.0,5.0,5.0,163.0,163.0,6006870
OCCITANIE,2017-11-28 09:00:00,2017,332,09:00:00,332.38,69.0,2620.0,157.0,142.0,2059.0,96.0,0.0,1415.0,0.0,0.0,282.0,282.0,2620.0,2620.0,1308.0,1779.0,5477.0,5250.0,145.0,145.0,5845102
ILE DE FRANCE,2013-07-04 23:30:00,2013,185,23:30:00,185.98,322.0,0.0,0.0,0.0,10.0,140.0,0.0,6848.0,0.0,0.0,2121.0,1939.0,0.0,0.0,37.0,109.0,19.0,19.0,282.0,282.0,11959807
BOURGOGNE FRANCHE COMTE,2015-11-05 06:30:00,2015,309,06:30:00,309.27,89.0,0.0,55.0,0.0,13.0,21.0,0.0,2426.0,0.0,0.0,325.0,80.0,0.0,0.0,414.0,262.0,513.0,513.0,29.0,29.0,2820940
AUVERGNE RHONE ALPES,2021-10-14 20:30:00,2021,287,20:30:00,287.85,420.0,11586.0,10.0,0.0,2256.0,102.0,-4.0,-6469.0,0.0,0.0,1048.0,1048.0,13570.0,12672.0,723.0,1552.0,11776.0,11644.0,208.0,208.0,8114361
CENTRE VAL DE LOIRE,2020-01-14 17:00:00,2020,14,17:00:00,14.71,123.0,7821.0,865.0,2.0,16.0,57.0,0.0,-5993.0,0.0,0.0,229.0,229.0,11630.0,10734.0,1223.0,350.0,91.0,91.0,86.0,86.0,2574863
BRETAGNE,2015-02-19 20:00:00,2015,50,20:00:00,50.83,97.0,0.0,430.0,0.0,45.0,34.0,-1.0,2964.0,0.0,0.0,719.0,719.0,0.0,0.0,801.0,219.0,272.0,272.0,53.0,53.0,3293850
PAYS DE LA LOIRE,2016-05-28 01:00:00,2016,149,01:00:00,149.04,14.0,0.0,102.0,0.0,4.0,32.0,0.0,2265.0,0.0,0.0,1880.0,1337.0,0.0,0.0,649.0,466.0,8.0,8.0,62.0,62.0,3737632
PAYS DE LA LOIRE,2022-07-11 11:00:00,2022,192,11:00:00,192.46,7.0,0.0,414.0,461.0,0.0,60.0,0.0,2117.0,0.0,0.0,2068.0,1592.0,0.0,0.0,1662.0,861.0,10.0,10.0,80.0,80.0,3878839
AUVERGNE RHONE ALPES,2022-05-31 23:30:00,2022,151,23:30:00,151.98,349.0,8558.0,13.0,0.0,4041.0,124.0,-5.0,-6633.0,0.0,0.0,1048.0,1048.0,13570.0,12814.0,723.0,1690.0,11782.0,11630.0,208.0,208.0,8155762
GRAND EST,2021-06-09 11:30:00,2021,160,11:30:00,160.48,966.0,6265.0,32.0,501.0,1227.0,134.0,0.0,-3910.0,0.0,0.0,3585.0,3172.0,10820.0,9940.0,3913.0,895.0,2305.0,2103.0,207.0,207.0,5561287
BRETAGNE,2015-09-04 01:00:00,2015,247,01:00:00,247.04,0.0,0.0,44.0,0.0,0.0,42.0,-34.0,1936.0,0.0,0.0,724.0,724.0,0.0,0.0,801.0,222.0,275.0,275.0,55.0,55.0,3293850
AUVERGNE RHONE ALPES,2019-01-18 07:30:00,2019,18,07:30:00,18.31,702.0,12539.0,75.0,0.0,4520.0,137.0,-4.0,-7127.0,0.0,0.0,1025.0,1025.0,13570.0,13053.0,607.0,1124.0,11274.0,11095.0,189.0,189.0,8042936
NORMANDIE,2014-02-26 09:00:00,2014,57,09:00:00,57.38,909.0,7685.0,82.0,8.0,22.0,60.0,0.0,-4537.0,0.0,0.0,761.0,761.0,10640.0,10640.0,444.0,211.0,24.0,24.0,89.0,89.0,3335645
OCCITANIE,2022-01-03 14:00:00,2022,3,14:00:00,3.58,81.0,2532.0,7.0,863.0,1665.0,83.0,-44.0,116.0,0.0,0.0,326.0,326.0,2620.0,2620.0,1593.0,2779.0,5500.0,5465.0,173.0,173.0,6067101
BRETAGNE,2017-04-07 15:00:00,2017,97,15:00:00,97.62,1.0,0.0,26.0,135.0,3.0,42.0,-1.0,2188.0,0.0,0.0,848.0,848.0,0.0,0.0,887.0,234.0,275.0,275.0,61.0,61.0,3318904
HAUTS DE FRANCE,2013-11-05 00:00:00,2013,309,00:00:00,309.0,752.0,4467.0,184.0,0.0,1.0,83.0,0.0,1052.0,0.0,0.0,2278.0,2278.0,5460.0,5460.0,2235.0,210.0,5.0,5.0,139.0,139.0,5987883
ILE DE FRANCE,2015-07-18 14:30:00,2015,199,14:30:00,199.6,-4.0,0.0,0.0,37.0,5.0,106.0,0.0,6700.0,0.0,0.0,2144.0,1720.0,0.0,0.0,37.0,113.0,19.0,19.0,300.0,300.0,12082144
NORMANDIE,2019-11-28 05:30:00,2019,332,05:30:00,332.23,384.0,3685.0,578.0,0.0,19.0,60.0,0.0,-1522.0,0.0,0.0,833.0,833.0,10640.0,9430.0,806.0,260.0,31.0,31.0,109.0,109.0,3325032
PAYS DE LA LOIRE,2016-02-25 16:30:00,2016,56,16:30:00,56.69,1568.0,0.0,45.0,86.0,5.0,36.0,0.0,2110.0,0.0,0.0,1880.0,1508.0,0.0,0.0,616.0,459.0,8.0,8.0,61.0,61.0,3737632
OCCITANIE,2022-11-26 14:00:00,2022,330,14:00:00,330.58,62.0,1282.0,156.0,1090.0,584.0,108.0,-72.0,1150.0,0.0,0.0,326.0,326.0,2620.0,1310.0,1621.0,3097.0,5505.0,5470.0,175.0,175.0,6067101
PAYS DE LA LOIRE,2014-07-07 20:00:00,2014,188,20:00:00,188.83,1.0,0.0,70.0,35.0,2.0,44.0,0.0,2533.0,0.0,0.0,1864.0,1429.0,0.0,0.0,518.0,416.0,7.0,7.0,58.0,58.0,3690833
BOURGOGNE FRANCHE COMTE,2021-07-19 19:00:00,2021,200,19:00:00,200.79,23.0,0.0,388.0,85.0,158.0,48.0,0.0,1592.0,0.0,0.0,401.0,401.0,0.0,0.0,969.0,447.0,524.0,524.0,72.0,72.0,2800194
AUVERGNE RHONE ALPES,2022-10-16 04:00:00,2022,289,04:00:00,289.17,13.0,5811.0,257.0,0.0,614.0,118.0,-2124.0,-474.0,0.0,0.0,1050.0,630.0,13570.0,12676.0,723.0,1799.0,11789.0,11690.0,208.0,208.0,8155762
HAUTS DE FRANCE,2018-01-17 10:00:00,2018,17,10:00:00,17.42,614.0,5510.0,2596.0,8.0,2.0,115.0,0.0,-368.0,0.0,0.0,2913.0,2542.0,5460.0,5460.0,3799.0,217.0,5.0,5.0,170.0,170.0,6004108
OCCITANIE,2020-03-21 23:30:00,2020,81,23:30:00,81.98,67.0,2428.0,312.0,1.0,1103.0,90.0,-276.0,239.0,0.0,0.0,314.0,314.0,2620.0,2620.0,1579.0,2198.0,5491.0,5210.0,171.0,171.0,5973969
BRETAGNE,2019-03-08 03:00:00,2019,67,03:00:00,67.12,251.0,0.0,181.0,0.0,137.0,46.0,-1.0,2158.0,0.0,0.0,956.0,956.0,0.0,0.0,1004.0,263.0,270.0,270.0,71.0,71.0,3354854
BOURGOGNE FRANCHE COMTE,2016-03-01 06:30:00,2016,61,06:30:00,61.27,151.0,0.0,12.0,0.0,250.0,20.0,0.0,2854.0,0.0,0.0,329.0,329.0,0.0,0.0,414.0,264.0,513.0,513.0,30.0,30.0,2818338
BOURGOGNE FRANCHE COMTE,2022-09-16 20:00:00,2022,259,20:00:00,259.83,23.0,0.0,47.0,0.0,104.0,55.0,0.0,1831.0,0.0,0.0,401.0,401.0,0.0,0.0,1067.0,596.0,524.0,524.0,75.0,75.0,2797366
ILE DE FRANCE,2017-03-30 09:30:00,2017,89,09:30:00,89.4,350.0,0.0,2.0,15.0,11.0,114.0,0.0,8236.0,0.0,0.0,2149.0,1687.0,0.0,0.0,73.0,116.0,19.0,19.0,301.0,301.0,12174880
NORMANDIE,2022-02-18 12:30:00,2022,49,12:30:00,49.52,326.0,7529.0,811.0,35.0,21.0,71.0,0.0,-4484.0,0.0,0.0,852.0,852.0,10640.0,9483.0,920.0,307.0,31.0,31.0,148.0,148.0,3327604
NORMANDIE,2019-04-11 09:30:00,2019,101,09:30:00,101.4,358.0,7721.0,88.0,36.0,20.0,40.0,0.0,-4344.0,0.0,0.0,833.0,833.0,10640.0,9310.0,801.0,254.0,31.0,31.0,106.0,106.0,3325032
NOUVELLE AQUITAINE,2018-11-27 05:30:00,2018,331,05:30:00,331.23,235.0,6616.0,46.0,-1.0,56.0,193.0,0.0,-1376.0,0.0,0.0,527.0,527.0,6630.0,6630.0,965.0,2416.0,1781.0,1781.0,318.0,318.0,5979778
CENTRE VAL DE LOIRE,2017-08-03 23:30:00,2017,215,23:30:00,215.98,0.0,6336.0,241.0,0.0,0.0,55.0,0.0,-4832.0,0.0,0.0,198.0,198.0,11630.0,10656.0,963.0,271.0,91.0,91.0,76.0,76.0,2576252
NORMANDIE,2021-06-23 18:00:00,2021,174,18:00:00,174.75,244.0,8974.0,130.0,55.0,17.0,100.0,0.0,-6820.0,0.0,0.0,852.0,852.0,10640.0,10040.0,878.0,294.0,31.0,31.0,147.0,147.0,3327966
AUVERGNE RHONE ALPES,2022-06-28 17:30:00,2022,179,17:30:00,179.73,370.0,8641.0,165.0,694.0,3086.0,120.0,-5.0,-6158.0,0.0,0.0,1048.0,1048.0,13570.0,12741.0,723.0,1718.0,11787.0,11634.0,208.0,208.0,8155762
CENTRE VAL DE LOIRE,2018-10-24 12:00:00,2018,297,12:00:00,297.5,14.0,7017.0,32.0,85.0,0.0,63.0,0.0,-4852.0,0.0,0.0,222.0,222.0,11630.0,10658.0,1060.0,302.0,91.0,91.0,84.0,84.0,2572853
NOUVELLE AQUITAINE,2020-07-11 16:00:00,2020,193,16:00:00,193.67,44.0,2189.0,180.0,2014.0,141.0,186.0,0.0,-638.0,0.0,0.0,571.0,571.0,6630.0,5549.0,1166.0,2692.0,1783.0,1678.0,341.0,341.0,6033952
ILE DE FRANCE,2019-08-08 13:30:00,2019,220,13:30:00,220.56,0.0,0.0,5.0,58.0,5.0,123.0,0.0,6641.0,0.0,0.0,2170.0,2170.0,0.0,0.0,108.0,127.0,20.0,20.0,314.0,314.0,12262544
PROVENCE ALPES COTE D AZUR,2014-09-09 22:30:00,2014,252,22:30:00,252.94,109.0,0.0,1.0,0.0,792.0,37.0,0.0,3269.0,0.0,0.0,2592.0,2200.0,0.0,0.0,45.0,872.0,3168.0,3168.0,170.0,170.0,4983438
CENTRE VAL DE LOIRE,2022-10-21 09:00:00,2022,294,09:00:00,294.38,36.0,4820.0,464.0,16.0,1.0,64.0,0.0,-3614.0,0.0,0.0,229.0,229.0,11630.0,10715.0,1551.0,788.0,93.0,93.0,91.0,91.0,2572916
PROVENCE ALPES COTE D AZUR,2021-04-28 04:30:00,2021,118,04:30:00,118.19,793.0,0.0,2.0,0.0,439.0,72.0,-51.0,2304.0,0.0,0.0,2715.0,2341.0,0.0,0.0,96.0,1590.0,3266.0,3235.0,357.0,357.0,5127840
OCCITANIE,2016-01-04 19:00:00,2016,4,19:00:00,4.79,62.0,2572.0,256.0,0.0,2644.0,93.0,0.0,421.0,0.0,0.0,266.0,0.0,2620.0,2620.0,1098.0,1492.0,5459.0,5459.0,137.0,137.0,5808435
GRAND EST,2017-08-01 08:30:00,2017,213,08:30:00,213.35,979.0,10182.0,925.0,40.0,988.0,76.0,0.0,-8873.0,0.0,0.0,3453.0,2970.0,10820.0,10034.0,2996.0,548.0,2298.0,1947.0,141.0,141.0,5549586
GRAND EST,2018-12-21 19:30:00,2018,355,19:30:00,355.81,750.0,11619.0,2539.0,0.0,1033.0,111.0,0.0,-9927.0,0.0,0.0,3531.0,2936.0,10820.0,10055.0,3335.0,562.0,2301.0,1951.0,163.0,163.0,5550389
AUVERGNE RHONE ALPES,2021-01-22 03:00:00,2021,22,03:00:00,22.12,272.0,10032.0,266.0,0.0,2386.0,103.0,-1860.0,-3299.0,0.0,0.0,1047.0,1047.0,13570.0,12680.0,723.0,1380.0,11753.0,11596.0,198.0,198.0,8114361
ILE DE FRANCE,2021-03-03 17:30:00,2021,62,17:30:00,62.73,400.0,0.0,0.0,11.0,8.0,140.0,0.0,7508.0,0.0,0.0,2171.0,2171.0,0.0,0.0,125.0,171.0,20.0,20.0,314.0,314.0,12317279
GRAND EST,2022-05-17 11:30:00,2022,137,11:30:00,137.48,1281.0,4911.0,60.0,643.0,794.0,142.0,0.0,-2619.0,0.0,0.0,3590.0,3163.0,10820.0,9755.0,4263.0,1012.0,2306.0,2017.0,235.0,235.0,5563889
GRAND EST,2018-11-01 11:30:00,2018,305,11:30:00,305.48,1453.0,11077.0,1064.0,128.0,423.0,94.0,0.0,-8802.0,0.0,0.0,3527.0,3039.0,10820.0,9683.0,3165.0,560.0,2301.0,2006.0,161.0,161.0,5550389
ILE DE FRANCE,2017-08-26 07:00:00,2017,238,07:00:00,238.29,1.0,0.0,0.0,0.0,4.0,140.0,0.0,4643.0,0.0,0.0,2149.0,1864.0,0.0,0.0,88.0,117.0,19.0,19.0,301.0,301.0,12174880
ILE DE FRANCE,2013-01-03 03:30:00,2013,3,03:30:00,3.15,697.0,0.0,8.0,0.0,0.0,133.0,0.0,7008.0,0.0,0.0,2121.0,2121.0,0.0,0.0,37.0,108.0,19.0,19.0,262.0,262.0,11959807
NORMANDIE,2018-07-24 18:30:00,2018,205,18:30:00,205.77,178.0,7641.0,56.0,38.0,13.0,55.0,0.0,-5196.0,0.0,0.0,813.0,233.0,10640.0,9357.0,712.0,241.0,31.0,31.0,104.0,104.0,3327477
NORMANDIE,2015-07-05 21:30:00,2015,186,21:30:00,186.9,191.0,6235.0,17.0,2.0,6.0,54.0,0.0,-4009.0,0.0,0.0,761.0,181.0,10640.0,9310.0,522.0,215.0,24.0,24.0,94.0,94.0,3339131
ILE DE FRANCE,2022-08-16 01:00:00,2022,228,01:00:00,228.04,210.0,0.0,21.0,0.0,5.0,141.0,0.0,4434.0,0.0,0.0,2171.0,2030.0,0.0,0.0,148.0,227.0,20.0,20.0,314.0,314.0,12354286
NOUVELLE AQUITAINE,2017-03-14 14:30:00,2017,73,14:30:00,73.6,232.0,5686.0,69.0,1197.0,681.0,188.0,0.0,-2640.0,0.0,0.0,465.0,465.0,6630.0,5720.0,734.0,1931.0,1780.0,1666.0,304.0,304.0,5956978
BOURGOGNE FRANCHE COMTE,2015-07-07 00:00:00,2015,188,00:00:00,188.0,25.0,0.0,54.0,0.0,66.0,21.0,0.0,1984.0,0.0,0.0,325.0,80.0,0.0,0.0,362.0,254.0,513.0,513.0,29.0,29.0,2820940
ILE DE FRANCE,2018-12-20 05:30:00,2018,354,05:30:00,354.23,436.0,0.0,36.0,0.0,9.0,158.0,0.0,7602.0,0.0,0.0,2169.0,2107.0,0.0,0.0,88.0,124.0,20.0,20.0,306.0,306.0,12213447
NOUVELLE AQUITAINE,2018-12-12 09:00:00,2018,346,09:00:00,346.38,252.0,6715.0,46.0,19.0,540.0,182.0,0.0,-398.0,0.0,0.0,531.0,531.0,6630.0,6630.0,965.0,2421.0,1781.0,1667.0,318.0,318.0,5979778
GRAND EST,2021-07-22 00:00:00,2021,203,00:00:00,203.0,977.0,6371.0,713.0,0.0,1231.0,132.0,-6.0,-4979.0,0.0,0.0,3585.0,3585.0,10820.0,9940.0,3925.0,902.0,2305.0,2103.0,208.0,208.0,5561287
NORMANDIE,2015-04-06 14:30:00,2015,96,14:30:00,96.6,533.0,8037.0,17.0,76.0,14.0,57.0,0.0,-5879.0,0.0,0.0,761.0,761.0,10640.0,9310.0,510.0,214.0,24.0,24.0,94.0,94.0,3339131
CENTRE VAL DE LOIRE,2016-06-02 16:00:00,2016,154,16:00:00,154.67,0.0,8408.0,332.0,23.0,54.0,41.0,0.0,-6870.0,0.0,0.0,170.0,170.0,11630.0,10883.0,874.0,249.0,91.0,91.0,71.0,71.0,2577866
BRETAGNE,2019-10-24 05:00:00,2019,297,05:00:00,297.21,1.0,0.0,30.0,0.0,3.0,36.0,-41.0,2032.0,0.0,0.0,969.0,969.0,0.0,0.0,1021.0,270.0,272.0,272.0,75.0,75.0,3354854
PROVENCE ALPES COTE D AZUR,2017-01-27 17:00:00,2017,27,17:00:00,27.71,1501.0,0.0,39.0,25.0,1318.0,71.0,0.0,3128.0,0.0,0.0,2630.0,2362.0,0.0,0.0,48.0,1057.0,3193.0,3193.0,354.0,354.0,5030890
PROVENCE ALPES COTE D AZUR,2017-11-24 23:30:00,2017,328,23:30:00,328.98,2180.0,0.0,2.0,0.0,285.0,251.0,0.0,2941.0,0.0,0.0,2643.0,2337.0,0.0,0.0,48.0,1180.0,3227.0,3227.0,357.0,357.0,5030890
PAYS DE LA LOIRE,2016-03-13 22:00:00,2016,73,22:00:00,73.92,437.0,0.0,323.0,0.0,5.0,37.0,0.0,2480.0,0.0,0.0,1880.0,1488.0,0.0,0.0,628.0,459.0,8.0,8.0,61.0,61.0,3737632
NOUVELLE AQUITAINE,2018-11-22 18:30:00,2018,326,18:30:00,326.77,241.0,6733.0,154.0,-1.0,663.0,193.0,0.0,-1310.0,0.0,0.0,527.0,527.0,6630.0,6630.0,965.0,2416.0,1781.0,1781.0,318.0,318.0,5979778
ILE DE FRANCE,2015-03-13 16:30:00,2015,72,16:30:00,72.69,578.0,0.0,1.0,9.0,6.0,118.0,0.0,8690.0,0.0,0.0,2144.0,1918.0,0.0,0.0,37.0,112.0,19.0,19.0,286.0,286.0,12082144
HAUTS DE FRANCE,2015-10-11 05:30:00,2015,284,05:30:00,284.23,235.0,4475.0,205.0,0.0,1.0,94.0,0.0,-643.0,0.0,0.0,2301.0,2051.0,5460.0,4550.0,2786.0,213.0,5.0,5.0,160.0,160.0,6009976
GRAND EST,2020-09-28 00:00:00,2020,272,00:00:00,272.0,755.0,6123.0,62.0,0.0,839.0,120.0,0.0,-3598.0,0.0,0.0,3585.0,3123.0,10820.0,9572.0,3783.0,648.0,2305.0,1901.0,187.0,187.0,5562651
BRETAGNE,2018-08-19 21:30:00,2018,231,21:30:00,231.9,1.0,0.0,36.0,0.0,64.0,50.0,-1.0,1606.0,0.0,0.0,904.0,770.0,0.0,0.0,980.0,254.0,270.0,270.0,69.0,69.0,3335414
OCCITANIE,2019-07-19 00:30:00,2019,200,00:30:00,200.02,0.0,2350.0,514.0,0.0,623.0,93.0,-11.0,238.0,0.0,0.0,307.0,307.0,2620.0,2620.0,1559.0,2078.0,5489.0,5299.0,146.0,146.0,5933185
BOURGOGNE FRANCHE COMTE,2015-04-01 23:00:00,2015,91,23:00:00,91.96,69.0,0.0,83.0,0.0,204.0,20.0,0.0,2427.0,0.0,0.0,325.0,80.0,0.0,0.0,344.0,254.0,510.0,510.0,29.0,29.0,2820940
HAUTS DE FRANCE,2013-07-06 21:00:00,2013,187,21:00:00,187.88,269.0,4357.0,110.0,4.0,1.0,68.0,0.0,-277.0,0.0,0.0,2268.0,2268.0,5460.0,5460.0,2193.0,210.0,5.0,5.0,139.0,139.0,5987883
BOURGOGNE FRANCHE COMTE,2020-09-23 13:00:00,2020,267,13:00:00,267.54,59.0,0.0,100.0,163.0,10.0,26.0,0.0,2067.0,0.0,0.0,401.0,401.0,0.0,0.0,889.0,371.0,521.0,521.0,70.0,70.0,2801695
CENTRE VAL DE LOIRE,2017-03-11 08:00:00,2017,70,08:00:00,70.33,98.0,11322.0,117.0,15.0,19.0,48.0,0.0,-9326.0,0.0,0.0,198.0,198.0,11630.0,11630.0,937.0,265.0,91.0,91.0,76.0,76.0,2576252
HAUTS DE FRANCE,2013-03-23 02:00:00,2013,82,02:00:00,82.08,823.0,3606.0,790.0,0.0,1.0,74.0,0.0,1081.0,0.0,0.0,2268.0,2268.0,5460.0,5460.0,2114.0,210.0,4.0,4.0,122.0,122.0,5987883
BOURGOGNE FRANCHE COMTE,2016-03-10 06:30:00,2016,70,06:30:00,70.27,146.0,0.0,4.0,0.0,155.0,21.0,0.0,2806.0,0.0,0.0,329.0,329.0,0.0,0.0,414.0,264.0,513.0,513.0,30.0,30.0,2818338
NORMANDIE,2020-04-10 23:00:00,2020,101,23:00:00,101.96,185.0,5657.0,176.0,0.0,15.0,49.0,0.0,-3358.0,0.0,0.0,833.0,833.0,10640.0,9310.0,816.0,263.0,31.0,31.0,110.0,110.0,3325522
CENTRE VAL DE LOIRE,2014-02-11 20:00:00,2014,42,20:00:00,42.83,75.0,10179.0,202.0,0.0,71.0,48.0,0.0,-7430.0,0.0,0.0,162.0,162.0,11630.0,11630.0,739.0,214.0,91.0,91.0,56.0,56.0,2577435
OCCITANIE,2017-12-14 06:00:00,2017,348,06:00:00,348.25,84.0,2489.0,731.0,0.0,861.0,95.0,-455.0,1408.0,0.0,0.0,291.0,291.0,2620.0,2620.0,1321.0,1789.0,5481.0,5481.0,145.0,145.0,5845102
GRAND EST,2021-05-08 15:30:00,2021,128,15:30:00,128.65,91.0,4247.0,1735.0,356.0,1042.0,141.0,0.0,-3446.0,0.0,0.0,3585.0,3172.0,10820.0,9940.0,3900.0,886.0,2305.0,2103.0,207.0,207.0,5561287
AUVERGNE RHONE ALPES,2021-03-20 23:30:00,2021,79,23:30:00,79.98,414.0,10449.0,373.0,0.0,3298.0,123.0,-327.0,-5415.0,0.0,0.0,1047.0,1047.0,13570.0,12690.0,723.0,1428.0,11767.0,11619.0,208.0,208.0,8114361
CENTRE VAL DE LOIRE,2013-10-25 04:00:00,2013,298,04:00:00,298.17,9.0,6193.0,157.0,0.0,2.0,32.0,0.0,-4905.0,0.0,0.0,162.0,162.0,11630.0,11630.0,739.0,213.0,91.0,91.0,56.0,56.0,2570548
ILE DE FRANCE,2013-03-27 21:30:00,2013,86,21:30:00,86.9,1943.0,0.0,0.0,0.0,4.0,114.0,0.0,9264.0,0.0,0.0,2121.0,2121.0,0.0,0.0,37.0,109.0,19.0,19.0,262.0,262.0,11959807
BRETAGNE,2022-09-02 08:30:00,2022,245,08:30:00,245.35,490.0,0.0,6.0,9.0,5.0,51.0,-3.0,1789.0,0.0,0.0,1432.0,1298.0,0.0,0.0,1209.0,380.0,272.0,272.0,83.0,83.0,3414637
HAUTS DE FRANCE,2018-08-01 09:00:00,2018,213,09:00:00,213.38,1021.0,3450.0,121.0,35.0,1.0,130.0,0.0,-56.0,0.0,0.0,2922.0,2922.0,5460.0,4550.0,3966.0,229.0,5.0,5.0,171.0,171.0,6004108
NORMANDIE,2017-01-26 18:30:00,2017,26,18:30:00,26.77,951.0,8991.0,213.0,0.0,17.0,52.0,0.0,-5145.0,0.0,0.0,785.0,785.0,10640.0,9952.0,622.0,220.0,31.0,31.0,97.0,97.0,3330478
BRETAGNE,2019-12-23 03:30:00,2019,357,03:30:00,357.15,224.0,0.0,622.0,0.0,20.0,47.0,-1.0,1753.0,0.0,0.0,978.0,978.0,0.0,0.0,1021.0,276.0,272.0,272.0,77.0,77.0,3354854
AUVERGNE RHONE ALPES,2021-12-09 16:30:00,2021,343,16:30:00,343.69,691.0,12096.0,126.0,35.0,4244.0,106.0,-5.0,-7453.0,0.0,0.0,1048.0,1048.0,13570.0,12669.0,723.0,1587.0,11779.0,11651.0,208.0,208.0,8114361
BOURGOGNE FRANCHE COMTE,2018-07-20 10:30:00,2018,201,10:30:00,201.44,24.0,0.0,18.0,111.0,56.0,31.0,0.0,2195.0,0.0,0.0,386.0,386.0,0.0,0.0,688.0,307.0,520.0,443.0,37.0,37.0,2807807
HAUTS DE FRANCE,2017-09-11 13:30:00,2017,254,13:30:00,254.56,617.0,4415.0,2474.0,46.0,1.0,110.0,0.0,-1699.0,0.0,0.0,2910.0,2690.0,5460.0,4550.0,3569.0,215.0,5.0,5.0,165.0,165.0,6003815
NOUVELLE AQUITAINE,2022-02-11 05:00:00,2022,42,05:00:00,42.21,239.0,3408.0,407.0,0.0,184.0,195.0,0.0,690.0,0.0,0.0,578.0,578.0,6630.0,5360.0,1397.0,3480.0,1784.0,1672.0,356.0,356.0,6098051
AUVERGNE RHONE ALPES,2017-04-23 12:30:00,2017,113,12:30:00,113.52,61.0,9138.0,127.0,524.0,805.0,117.0,-1310.0,-2913.0,0.0,0.0,985.0,985.0,13570.0,12722.0,486.0,943.0,11239.0,11045.0,178.0,178.0,7948287
NOUVELLE AQUITAINE,2014-11-13 16:30:00,2014,317,16:30:00,317.69,109.0,5745.0,201.0,55.0,216.0,155.0,0.0,-1327.0,0.0,0.0,427.0,427.0,6630.0,5720.0,459.0,1324.0,1773.0,1659.0,223.0,223.0,5879144
CENTRE VAL DE LOIRE,2013-05-22 14:30:00,2013,142,14:30:00,142.6,7.0,8096.0,94.0,90.0,62.0,30.0,0.0,-6123.0,0.0,0.0,162.0,162.0,11630.0,11630.0,662.0,209.0,91.0,91.0,49.0,49.0,2570548
OCCITANIE,2014-11-26 19:30:00,2014,330,19:30:00,330.81,58.0,1272.0,116.0,0.0,1448.0,96.0,0.0,2008.0,0.0,0.0,251.0,0.0,2620.0,2620.0,943.0,1316.0,5416.0,5416.0,132.0,132.0,5730753
CENTRE VAL DE LOIRE,2015-03-07 16:30:00,2015,66,16:30:00,66.69,74.0,11167.0,10.0,45.0,11.0,47.0,0.0,-9351.0,0.0,0.0,166.0,166.0,11630.0,11370.0,818.0,227.0,91.0,91.0,71.0,71.0,2578592
BRETAGNE,2018-11-18 15:30:00,2018,322,15:30:00,322.65,183.0,0.0,440.0,73.0,0.0,40.0,-28.0,1530.0,0.0,0.0,947.0,813.0,0.0,0.0,988.0,256.0,270.0,270.0,70.0,70.0,3335414
AUVERGNE RHONE ALPES,2021-02-22 16:30:00,2021,53,16:30:00,53.69,579.0,9214.0,266.0,82.0,3562.0,119.0,-8.0,-5982.0,0.0,0.0,1047.0,1047.0,13570.0,12684.0,723.0,1408.0,11766.0,11608.0,208.0,208.0,8114361
HAUTS DE FRANCE,2013-04-25 09:30:00,2013,115,09:30:00,115.4,304.0,3019.0,102.0,33.0,1.0,52.0,0.0,2542.0,0.0,0.0,2268.0,2268.0,5460.0,5460.0,2114.0,210.0,5.0,5.0,139.0,139.0,5987883
GRAND EST,2021-02-24 12:00:00,2021,55,12:00:00,55.5,284.0,6004.0,169.0,304.0,964.0,132.0,-170.0,-1934.0,0.0,0.0,3585.0,3172.0,10820.0,9785.0,3879.0,726.0,2305.0,2103.0,206.0,206.0,5561287
ILE DE FRANCE,2016-09-25 17:30:00,2016,269,17:30:00,269.73,-3.0,0.0,1.0,17.0,7.0,168.0,0.0,5692.0,0.0,0.0,2149.0,1651.0,0.0,0.0,61.0,115.0,19.0,19.0,300.0,300.0,12117132
PROVENCE ALPES COTE D AZUR,2018-12-11 02:30:00,2018,345,02:30:00,345.1,1162.0,0.0,26.0,0.0,1063.0,110.0,0.0,2899.0,0.0,0.0,2671.0,2293.0,0.0,0.0,48.0,1318.0,3235.0,3111.0,357.0,207.0,5052832
GRAND EST,2022-01-06 19:00:00,2022,6,19:00:00,6.79,1928.0,6986.0,350.0,0.0,1482.0,146.0,0.0,-3655.0,0.0,0.0,3590.0,3590.0,10820.0,10001.0,4189.0,968.0,2306.0,2104.0,211.0,211.0,5563889
AUVERGNE RHONE ALPES,2020-02-07 13:00:00,2020,38,13:00:00,38.54,586.0,12197.0,110.0,618.0,4249.0,133.0,-9.0,-8058.0,0.0,0.0,1032.0,1032.0,13570.0,12901.0,647.0,1239.0,11741.0,11565.0,191.0,191.0,8078652
HAUTS DE FRANCE,2013-07-18 17:00:00,2013,199,17:00:00,199.71,622.0,4093.0,550.0,55.0,1.0,64.0,0.0,75.0,0.0,0.0,2268.0,2268.0,5460.0,5460.0,2193.0,210.0,5.0,5.0,139.0,139.0,5987883
BRETAGNE,2019-08-26 22:30:00,2019,238,22:30:00,238.94,1.0,0.0,184.0,0.0,118.0,50.0,-1.0,1856.0,0.0,0.0,960.0,863.0,0.0,0.0,1021.0,268.0,270.0,270.0,74.0,74.0,3354854
HAUTS DE FRANCE,2020-03-24 08:30:00,2020,84,08:30:00,84.35,816.0,4568.0,1084.0,31.0,2.0,136.0,0.0,-764.0,0.0,0.0,2970.0,2970.0,5460.0,4550.0,5037.0,242.0,5.0,5.0,181.0,181.0,5997734
OCCITANIE,2021-07-11 15:30:00,2021,192,15:30:00,192.65,0.0,1240.0,57.0,1618.0,452.0,64.0,-454.0,427.0,0.0,0.0,325.0,325.0,2620.0,2620.0,1593.0,2603.0,5499.0,5332.0,172.0,172.0,6022176
NORMANDIE,2016-07-04 06:00:00,2016,186,06:00:00,186.25,433.0,6160.0,16.0,0.0,9.0,51.0,0.0,-4309.0,0.0,0.0,773.0,193.0,10640.0,9312.0,587.0,218.0,31.0,31.0,96.0,96.0,3335929
AUVERGNE RHONE ALPES,2014-03-10 13:00:00,2014,69,13:00:00,69.54,170.0,10240.0,114.0,343.0,3034.0,99.0,-3.0,-5481.0,0.0,0.0,938.0,938.0,13570.0,13570.0,347.0,794.0,11136.0,11136.0,140.0,140.0,7820966
PROVENCE ALPES COTE D AZUR,2017-09-08 19:30:00,2017,251,19:30:00,251.81,798.0,0.0,3.0,26.0,1162.0,118.0,0.0,2283.0,0.0,0.0,2630.0,2252.0,0.0,0.0,48.0,1153.0,3221.0,3221.0,354.0,354.0,5030890
AUVERGNE RHONE ALPES,2020-01-17 02:30:00,2020,17,02:30:00,17.1,197.0,11390.0,402.0,0.0,1923.0,139.0,-1702.0,-4087.0,0.0,0.0,1032.0,1032.0,13570.0,12658.0,647.0,1234.0,11741.0,11591.0,191.0,191.0,8078652
BRETAGNE,2020-09-23 04:30:00,2020,267,04:30:00,267.19,1.0,0.0,156.0,0.0,200.0,52.0,-1.0,1218.0,0.0,0.0,978.0,877.0,0.0,0.0,1028.0,289.0,272.0,272.0,80.0,80.0,3373835
HAUTS DE FRANCE,2013-06-13 06:30:00,2013,164,06:30:00,164.27,269.0,3581.0,558.0,0.0,1.0,55.0,0.0,330.0,0.0,0.0,2268.0,2268.0,5460.0,5460.0,2126.0,210.0,5.0,5.0,139.0,139.0,5987883
HAUTS DE FRANCE,2021-02-25 07:00:00,2021,56,07:00:00,56.29,1094.0,3626.0,732.0,0.0,2.0,140.0,0.0,349.0,0.0,0.0,2990.0,2990.0,5460.0,4550.0,5430.0,315.0,5.0,5.0,182.0,182.0,5995292
BRETAGNE,2021-05-18 07:00:00,2021,138,07:00:00,138.29,1.0,0.0,60.0,2.0,104.0,48.0,-1.0,2310.0,0.0,0.0,982.0,982.0,0.0,0.0,1086.0,320.0,272.0,272.0,81.0,81.0,3394567
PAYS DE LA LOIRE,2023-01-17 15:00:00,2023,17,15:00:00,17.62,559.0,0.0,615.0,72.0,4.0,54.0,0.0,2966.0,0.0,0.0,2068.0,1633.0,0.0,0.0,1707.0,941.0,10.0,10.0,80.0,80.0,3907426
BRETAGNE,2014-12-28 19:30:00,2014,362,19:30:00,362.81,102.0,0.0,334.0,0.0,202.0,37.0,-1.0,2793.0,0.0,0.0,719.0,719.0,0.0,0.0,791.0,218.0,272.0,272.0,53.0,53.0,3276543
NOUVELLE AQUITAINE,2013-02-26 18:00:00,2013,57,18:00:00,57.75,244.0,6547.0,140.0,26.0,989.0,138.0,0.0,-994.0,0.0,0.0,418.0,418.0,6630.0,6630.0,356.0,948.0,1759.0,1759.0,208.0,208.0,5844177
CENTRE VAL DE LOIRE,2019-08-29 18:30:00,2019,241,18:30:00,241.77,1.0,8152.0,4.0,78.0,0.0,57.0,0.0,-6064.0,0.0,0.0,229.0,229.0,11630.0,10638.0,1177.0,326.0,91.0,91.0,86.0,86.0,2573180
PROVENCE ALPES COTE D AZUR,2013-03-14 08:30:00,2013,73,08:30:00,73.35,1934.0,0.0,35.0,114.0,1728.0,40.0,0.0,2338.0,0.0,0.0,2590.0,2528.0,0.0,0.0,45.0,671.0,3158.0,3158.0,149.0,149.0,4953675
ILE DE FRANCE,2016-03-01 05:00:00,2016,61,05:00:00,61.21,402.0,0.0,0.0,0.0,2.0,140.0,0.0,8660.0,0.0,0.0,2149.0,2149.0,0.0,0.0,61.0,114.0,19.0,19.0,300.0,300.0,12117132
NORMANDIE,2014-01-31 07:30:00,2014,31,07:30:00,31.31,426.0,10067.0,56.0,0.0,20.0,70.0,0.0,-6010.0,0.0,0.0,761.0,761.0,10640.0,10640.0,444.0,211.0,24.0,24.0,89.0,89.0,3335645
ILE DE FRANCE,2016-03-09 19:00:00,2016,69,19:00:00,69.79,497.0,0.0,16.0,0.0,0.0,140.0,0.0,11137.0,0.0,0.0,2149.0,2149.0,0.0,0.0,61.0,114.0,19.0,19.0,300.0,300.0,12117132
ILE DE FRANCE,2016-01-25 01:30:00,2016,25,01:30:00,25.06,420.0,0.0,2.0,0.0,10.0,136.0,0.0,8129.0,0.0,0.0,2149.0,2149.0,0.0,0.0,61.0,114.0,19.0,19.0,300.0,300.0,12117132
NORMANDIE,2013-10-19 21:00:00,2013,292,21:00:00,292.88,736.0,8131.0,150.0,0.0,11.0,53.0,0.0,-6102.0,0.0,0.0,761.0,761.0,10640.0,9935.0,444.0,210.0,23.0,23.0,88.0,88.0,3328364
PAYS DE LA LOIRE,2015-11-18 04:30:00,2015,322,04:30:00,322.19,422.0,0.0,155.0,0.0,1.0,47.0,0.0,1812.0,0.0,0.0,1872.0,1448.0,0.0,0.0,577.0,456.0,7.0,7.0,61.0,61.0,3718512
OCCITANIE,2019-11-04 15:00:00,2019,308,15:00:00,308.62,65.0,1267.0,333.0,317.0,1422.0,82.0,-12.0,717.0,0.0,0.0,307.0,307.0,2620.0,1310.0,1570.0,2145.0,5489.0,5327.0,146.0,146.0,5933185
BOURGOGNE FRANCHE COMTE,2015-02-04 01:00:00,2015,35,01:00:00,35.04,191.0,0.0,98.0,0.0,236.0,22.0,0.0,2537.0,0.0,0.0,325.0,80.0,0.0,0.0,344.0,253.0,510.0,510.0,28.0,28.0,2820940
AUVERGNE RHONE ALPES,2020-05-02 09:00:00,2020,123,09:00:00,123.38,12.0,5786.0,94.0,110.0,3428.0,106.0,-469.0,-3709.0,0.0,0.0,1034.0,633.0,13570.0,12607.0,647.0,1260.0,11746.0,11558.0,192.0,192.0,8078652
BOURGOGNE FRANCHE COMTE,2018-04-01 18:30:00,2018,91,18:30:00,91.77,42.0,0.0,39.0,42.0,116.0,32.0,0.0,1907.0,0.0,0.0,386.0,386.0,0.0,0.0,676.0,306.0,520.0,443.0,36.0,36.0,2807807
AUVERGNE RHONE ALPES,2019-07-24 08:30:00,2019,205,08:30:00,205.35,344.0,10372.0,31.0,160.0,3589.0,97.0,-17.0,-7171.0,0.0,0.0,1027.0,1027.0,13570.0,12757.0,635.0,1163.0,11247.0,11078.0,190.0,190.0,8042936
BRETAGNE,2022-02-13 18:00:00,2022,44,18:00:00,44.75,465.0,0.0,895.0,0.0,8.0,59.0,-45.0,1605.0,0.0,0.0,1432.0,986.0,0.0,0.0,1149.0,360.0,272.0,272.0,82.0,82.0,3414637
NORMANDIE,2020-12-28 07:30:00,2020,363,07:30:00,363.31,318.0,7679.0,289.0,0.0,12.0,47.0,0.0,-4488.0,0.0,0.0,852.0,272.0,10640.0,9434.0,831.0,272.0,31.0,31.0,116.0,116.0,3325522
CENTRE VAL DE LOIRE,2017-10-25 12:00:00,2017,298,12:00:00,298.5,11.0,6144.0,13.0,104.0,0.0,62.0,0.0,-4034.0,0.0,0.0,210.0,210.0,11630.0,10655.0,963.0,276.0,91.0,91.0,76.0,76.0,2576252
GRAND EST,2018-03-24 04:30:00,2018,83,04:30:00,83.19,1001.0,7102.0,680.0,0.0,613.0,104.0,-536.0,-3581.0,0.0,0.0,3471.0,3471.0,10820.0,9691.0,3068.0,553.0,2300.0,1975.0,146.0,146.0,5550389
PROVENCE ALPES COTE D AZUR,2016-06-03 16:00:00,2016,155,16:00:00,155.67,771.0,0.0,2.0,422.0,1483.0,93.0,0.0,1306.0,0.0,0.0,2614.0,2290.0,0.0,0.0,48.0,1020.0,3187.0,3187.0,354.0,354.0,5021928
ILE DE FRANCE,2018-12-26 07:30:00,2018,360,07:30:00,360.31,437.0,0.0,1.0,0.0,9.0,152.0,0.0,9609.0,0.0,0.0,2169.0,2169.0,0.0,0.0,88.0,124.0,20.0,20.0,306.0,306.0,12213447
ILE DE FRANCE,2021-09-14 14:30:00,2021,257,14:30:00,257.6,0.0,0.0,11.0,89.0,7.0,168.0,0.0,7381.0,0.0,0.0,2171.0,2171.0,0.0,0.0,148.0,175.0,20.0,20.0,314.0,314.0,12317279
NORMANDIE,2020-11-22 16:00:00,2020,327,16:00:00,327.67,378.0,5491.0,72.0,6.0,13.0,67.0,0.0,-3122.0,0.0,0.0,852.0,852.0,10640.0,9451.0,831.0,271.0,31.0,31.0,116.0,116.0,3325522
NORMANDIE,2016-01-02 02:00:00,2016,2,02:00:00,2.08,339.0,5027.0,376.0,0.0,14.0,44.0,0.0,-2678.0,0.0,0.0,773.0,773.0,10640.0,9310.0,538.0,217.0,31.0,31.0,95.0,95.0,3335929
BOURGOGNE FRANCHE COMTE,2015-01-03 15:00:00,2015,3,15:00:00,3.62,112.0,0.0,261.0,6.0,65.0,22.0,0.0,2365.0,0.0,0.0,325.0,80.0,0.0,0.0,344.0,253.0,510.0,510.0,28.0,28.0,2820940
OCCITANIE,2021-11-02 00:00:00,2021,306,00:00:00,306.0,58.0,1216.0,487.0,0.0,539.0,86.0,-12.0,1484.0,0.0,0.0,326.0,326.0,2620.0,2620.0,1593.0,2735.0,5500.0,5465.0,173.0,173.0,6022176
NORMANDIE,2014-03-15 08:00:00,2014,74,08:00:00,74.33,335.0,6180.0,109.0,2.0,23.0,67.0,0.0,-3619.0,0.0,0.0,761.0,181.0,10640.0,10640.0,444.0,211.0,24.0,24.0,89.0,89.0,3335645
ILE DE FRANCE,2019-05-04 22:00:00,2019,124,22:00:00,124.92,-1.0,0.0,34.0,0.0,11.0,124.0,0.0,7912.0,0.0,0.0,2170.0,2047.0,0.0,0.0,88.0,126.0,20.0,20.0,306.0,306.0,12262544
ILE DE FRANCE,2021-12-27 20:00:00,2021,361,20:00:00,361.83,515.0,0.0,111.0,0.0,9.0,131.0,0.0,8700.0,0.0,0.0,2171.0,2171.0,0.0,0.0,148.0,195.0,20.0,20.0,314.0,314.0,12317279
NORMANDIE,2014-12-24 20:30:00,2014,358,20:30:00,358.85,344.0,10334.0,186.0,0.0,12.0,73.0,0.0,-7575.0,0.0,0.0,761.0,181.0,10640.0,10640.0,496.0,214.0,24.0,24.0,91.0,91.0,3335645
AUVERGNE RHONE ALPES,2020-06-07 04:30:00,2020,159,04:30:00,159.19,12.0,6302.0,63.0,0.0,2768.0,124.0,-1545.0,-3214.0,0.0,0.0,1034.0,1034.0,13570.0,12562.0,647.0,1266.0,11746.0,11531.0,192.0,192.0,8078652
CENTRE VAL DE LOIRE,2015-11-05 22:00:00,2015,309,22:00:00,309.92,75.0,7728.0,398.0,0.0,1.0,61.0,0.0,-6217.0,0.0,0.0,168.0,168.0,11630.0,10766.0,842.0,240.0,91.0,91.0,71.0,71.0,2578592
HAUTS DE FRANCE,2019-02-02 06:00:00,2019,33,06:00:00,33.25,1491.0,5392.0,1491.0,0.0,2.0,124.0,0.0,-2031.0,0.0,0.0,2969.0,2969.0,5460.0,5341.0,4371.0,235.0,5.0,5.0,177.0,177.0,6004947
ILE DE FRANCE,2022-04-15 02:00:00,2022,105,02:00:00,105.08,0.0,0.0,29.0,0.0,11.0,113.0,0.0,5616.0,0.0,0.0,2171.0,2036.0,0.0,0.0,148.0,217.0,20.0,20.0,314.0,314.0,12354286
ILE DE FRANCE,2020-11-17 04:00:00,2020,322,04:00:00,322.17,368.0,0.0,29.0,0.0,8.0,101.0,0.0,5755.0,0.0,0.0,2171.0,2078.0,0.0,0.0,125.0,169.0,20.0,20.0,314.0,314.0,12271794
PAYS DE LA LOIRE,2017-11-20 01:30:00,2017,324,01:30:00,324.06,1059.0,0.0,5.0,0.0,1.0,48.0,0.0,2108.0,0.0,0.0,1941.0,1361.0,0.0,0.0,766.0,508.0,8.0,8.0,68.0,68.0,3757600
OCCITANIE,2016-02-23 21:30:00,2016,54,21:30:00,54.9,52.0,2525.0,730.0,0.0,2402.0,93.0,0.0,-808.0,0.0,0.0,266.0,0.0,2620.0,2620.0,1098.0,1525.0,5462.0,5235.0,137.0,137.0,5808435
NOUVELLE AQUITAINE,2018-08-04 07:00:00,2018,216,07:00:00,216.29,25.0,5601.0,203.0,1.0,64.0,188.0,0.0,-2492.0,0.0,0.0,485.0,485.0,6630.0,5720.0,947.0,2383.0,1781.0,1667.0,316.0,316.0,5979778
HAUTS DE FRANCE,2017-05-04 06:30:00,2017,124,06:30:00,124.27,1705.0,3430.0,323.0,0.0,1.0,111.0,0.0,167.0,0.0,0.0,2900.0,2900.0,5460.0,4693.0,3405.0,214.0,5.0,5.0,165.0,165.0,6003815
ILE DE FRANCE,2016-06-02 16:30:00,2016,154,16:30:00,154.69,-3.0,0.0,10.0,6.0,0.0,93.0,0.0,8238.0,0.0,0.0,2149.0,1581.0,0.0,0.0,61.0,114.0,19.0,19.0,300.0,300.0,12117132
NORMANDIE,2019-09-11 02:00:00,2019,254,02:00:00,254.08,234.0,4934.0,77.0,0.0,4.0,46.0,0.0,-2827.0,0.0,0.0,833.0,253.0,10640.0,9310.0,806.0,258.0,31.0,31.0,108.0,108.0,3325032
BOURGOGNE FRANCHE COMTE,2022-11-03 00:30:00,2022,307,00:30:00,307.02,90.0,0.0,368.0,0.0,51.0,51.0,0.0,1364.0,0.0,0.0,401.0,401.0,0.0,0.0,1067.0,625.0,524.0,524.0,75.0,75.0,2797366
PAYS DE LA LOIRE,2018-12-08 19:30:00,2018,342,19:30:00,342.81,177.0,0.0,762.0,0.0,2.0,47.0,0.0,2480.0,0.0,0.0,2017.0,1851.0,0.0,0.0,869.0,559.0,8.0,8.0,70.0,70.0,3781423
NORMANDIE,2021-04-28 00:00:00,2021,118,00:00:00,118.0,303.0,4960.0,51.0,0.0,10.0,81.0,0.0,-2361.0,0.0,0.0,852.0,852.0,10640.0,9797.0,872.0,280.0,31.0,31.0,146.0,146.0,3327966
HAUTS DE FRANCE,2020-08-19 03:00:00,2020,232,03:00:00,232.12,1527.0,4343.0,277.0,0.0,0.0,138.0,0.0,-2412.0,0.0,0.0,2983.0,2398.0,5460.0,4550.0,5127.0,250.0,5.0,5.0,181.0,181.0,5997734
BRETAGNE,2013-04-28 07:00:00,2013,118,07:00:00,118.29,0.0,0.0,91.0,0.0,18.0,14.0,0.0,1934.0,0.0,0.0,658.0,658.0,0.0,0.0,716.0,204.0,11.0,11.0,37.0,37.0,3258707
OCCITANIE,2018-08-19 16:00:00,2018,231,16:00:00,231.67,0.0,336.0,354.0,1143.0,486.0,93.0,-866.0,1912.0,0.0,0.0,295.0,295.0,2620.0,1430.0,1425.0,1945.0,5485.0,5251.0,146.0,146.0,5885496
AUVERGNE RHONE ALPES,2013-12-29 22:00:00,2013,363,22:00:00,363.92,187.0,13168.0,71.0,0.0,3256.0,75.0,-328.0,-8116.0,0.0,0.0,930.0,930.0,13570.0,13570.0,335.0,761.0,11132.0,11132.0,125.0,125.0,7757595
PROVENCE ALPES COTE D AZUR,2016-02-28 15:30:00,2016,59,15:30:00,59.65,118.0,0.0,2.0,179.0,698.0,115.0,0.0,4336.0,0.0,0.0,2614.0,2268.0,0.0,0.0,48.0,995.0,3178.0,3056.0,204.0,204.0,5021928
GRAND EST,2013-01-01 21:00:00,2013,1,21:00:00,1.88,325.0,9042.0,393.0,0.0,1719.0,58.0,-5.0,-6470.0,0.0,0.0,3398.0,3398.0,10820.0,10820.0,1803.0,498.0,2280.0,2280.0,79.0,79.0,5552388
BOURGOGNE FRANCHE COMTE,2015-10-11 10:00:00,2015,284,10:00:00,284.42,20.0,0.0,81.0,30.0,17.0,14.0,0.0,1788.0,0.0,0.0,325.0,80.0,0.0,0.0,408.0,262.0,513.0,513.0,29.0,29.0,2820940
CENTRE VAL DE LOIRE,2017-02-22 16:00:00,2017,53,16:00:00,53.67,103.0,11468.0,587.0,26.0,6.0,47.0,0.0,-9620.0,0.0,0.0,198.0,198.0,11630.0,11630.0,937.0,264.0,91.0,91.0,76.0,76.0,2576252
OCCITANIE,2019-10-26 23:30:00,2019,299,23:30:00,299.98,1.0,1116.0,528.0,0.0,839.0,88.0,-36.0,1217.0,0.0,0.0,307.0,307.0,2620.0,1310.0,1570.0,2144.0,5489.0,5208.0,146.0,146.0,5933185
HAUTS DE FRANCE,2021-09-15 04:00:00,2021,258,04:00:00,258.17,489.0,2532.0,109.0,0.0,1.0,105.0,0.0,1045.0,0.0,0.0,2990.0,2990.0,5460.0,4550.0,5531.0,407.0,5.0,5.0,183.0,183.0,5995292
BOURGOGNE FRANCHE COMTE,2017-03-26 00:30:00,2017,85,00:30:00,85.02,100.0,0.0,42.0,0.0,180.0,20.0,0.0,1694.0,0.0,0.0,331.0,331.0,0.0,0.0,583.0,266.0,518.0,518.0,31.0,31.0,2811423
GRAND EST,2015-10-05 14:00:00,2015,278,14:00:00,278.58,2082.0,9424.0,158.0,210.0,534.0,66.0,0.0,-7095.0,0.0,0.0,3420.0,3199.0,10820.0,9415.0,2504.0,525.0,2285.0,2285.0,119.0,119.0,5559051
PROVENCE ALPES COTE D AZUR,2017-05-06 03:30:00,2017,126,03:30:00,126.15,99.0,0.0,0.0,0.0,806.0,168.0,0.0,2631.0,0.0,0.0,2630.0,2268.0,0.0,0.0,48.0,1077.0,3193.0,3071.0,354.0,354.0,5030890
NORMANDIE,2022-09-24 02:30:00,2022,267,02:30:00,267.1,216.0,3610.0,70.0,0.0,8.0,91.0,0.0,-1869.0,0.0,0.0,852.0,852.0,10640.0,9310.0,949.0,318.0,31.0,31.0,149.0,149.0,3327604
PAYS DE LA LOIRE,2014-05-16 19:00:00,2014,136,19:00:00,136.79,10.0,0.0,259.0,95.0,2.0,37.0,0.0,2324.0,0.0,0.0,1864.0,1429.0,0.0,0.0,518.0,412.0,7.0,7.0,58.0,58.0,3690833
ILE DE FRANCE,2020-05-06 09:30:00,2020,127,09:30:00,127.4,0.0,0.0,8.0,35.0,7.0,102.0,0.0,6149.0,0.0,0.0,2170.0,2070.0,0.0,0.0,108.0,144.0,20.0,20.0,314.0,314.0,12271794
HAUTS DE FRANCE,2020-10-23 07:30:00,2020,297,07:30:00,297.31,1669.0,2607.0,408.0,0.0,0.0,118.0,0.0,892.0,0.0,0.0,2984.0,2984.0,5460.0,4550.0,5222.0,272.0,5.0,5.0,181.0,181.0,5997734
ILE DE FRANCE,2014-04-02 23:00:00,2014,92,23:00:00,92.96,267.0,0.0,6.0,0.0,11.0,151.0,0.0,7823.0,0.0,0.0,2122.0,1872.0,0.0,0.0,37.0,111.0,19.0,19.0,282.0,282.0,12027565
NORMANDIE,2016-01-31 22:00:00,2016,31,22:00:00,31.92,357.0,6770.0,511.0,0.0,27.0,48.0,0.0,-4205.0,0.0,0.0,773.0,773.0,10640.0,9474.0,538.0,217.0,31.0,31.0,95.0,95.0,3335929
ILE DE FRANCE,2022-04-25 18:30:00,2022,115,18:30:00,115.77,0.0,0.0,8.0,40.0,7.0,122.0,0.0,7088.0,0.0,0.0,2171.0,2025.0,0.0,0.0,148.0,217.0,20.0,20.0,314.0,314.0,12354286
PROVENCE ALPES COTE D AZUR,2018-05-25 16:30:00,2018,145,16:30:00,145.69,20.0,0.0,0.0,716.0,1586.0,78.0,0.0,1714.0,0.0,0.0,2666.0,2253.0,0.0,0.0,48.0,1249.0,3233.0,3233.0,357.0,207.0,5052832
AUVERGNE RHONE ALPES,2020-11-11 14:00:00,2020,316,14:00:00,316.58,238.0,9697.0,14.0,471.0,2362.0,143.0,-6.0,-6090.0,0.0,0.0,1047.0,1047.0,13570.0,12709.0,700.0,1346.0,11752.0,11581.0,194.0,194.0,8078652
NOUVELLE AQUITAINE,2022-01-05 08:00:00,2022,5,08:00:00,5.33,186.0,3722.0,203.0,1.0,1304.0,187.0,0.0,1299.0,0.0,0.0,578.0,578.0,6630.0,5135.0,1368.0,3447.0,1784.0,1666.0,356.0,356.0,6098051
CENTRE VAL DE LOIRE,2019-10-06 23:00:00,2019,279,23:00:00,279.96,14.0,5556.0,649.0,0.0,0.0,53.0,0.0,-4547.0,0.0,0.0,229.0,229.0,11630.0,10666.0,1195.0,327.0,91.0,91.0,86.0,86.0,2573180
PAYS DE LA LOIRE,2013-06-03 15:00:00,2013,154,15:00:00,154.62,327.0,0.0,140.0,202.0,1.0,35.0,0.0,2213.0,0.0,0.0,1837.0,1837.0,0.0,0.0,473.0,391.0,5.0,5.0,57.0,57.0,3660852
ILE DE FRANCE,2022-03-22 14:30:00,2022,81,14:30:00,81.6,223.0,0.0,93.0,94.0,9.0,148.0,0.0,7686.0,0.0,0.0,2171.0,2044.0,0.0,0.0,148.0,217.0,20.0,20.0,314.0,314.0,12354286
PAYS DE LA LOIRE,2015-08-27 00:00:00,2015,239,00:00:00,239.0,354.0,0.0,103.0,0.0,1.0,34.0,0.0,2279.0,0.0,0.0,1867.0,1271.0,0.0,0.0,560.0,455.0,7.0,7.0,61.0,61.0,3718512
BOURGOGNE FRANCHE COMTE,2017-03-19 09:00:00,2017,78,09:00:00,78.38,100.0,0.0,176.0,10.0,103.0,22.0,0.0,1713.0,0.0,0.0,331.0,331.0,0.0,0.0,574.0,266.0,518.0,518.0,31.0,31.0,2811423
HAUTS DE FRANCE,2022-09-13 14:30:00,2022,256,14:30:00,256.6,1395.0,3404.0,188.0,57.0,0.0,89.0,0.0,-91.0,0.0,0.0,2996.0,2852.0,5460.0,4596.0,5912.0,458.0,6.0,6.0,197.0,197.0,5990765
NOUVELLE AQUITAINE,2016-06-28 09:30:00,2016,180,09:30:00,180.4,58.0,4712.0,25.0,577.0,796.0,171.0,0.0,-1759.0,0.0,0.0,429.0,429.0,6630.0,5720.0,579.0,1868.0,1778.0,1778.0,280.0,280.0,5935603
CENTRE VAL DE LOIRE,2020-04-12 08:30:00,2020,103,08:30:00,103.35,0.0,8336.0,226.0,35.0,3.0,61.0,0.0,-7409.0,0.0,0.0,229.0,229.0,11630.0,10726.0,1238.0,362.0,92.0,92.0,86.0,86.0,2574863
PAYS DE LA LOIRE,2019-04-12 13:30:00,2019,102,13:30:00,102.56,422.0,0.0,29.0,348.0,3.0,50.0,0.0,2667.0,0.0,0.0,2037.0,1892.0,0.0,0.0,909.0,572.0,8.0,8.0,70.0,70.0,3806461
OCCITANIE,2021-08-05 05:30:00,2021,217,05:30:00,217.23,0.0,1253.0,508.0,1.0,438.0,90.0,-464.0,940.0,0.0,0.0,325.0,325.0,2620.0,2620.0,1593.0,2637.0,5499.0,5332.0,172.0,172.0,6022176
GRAND EST,2013-03-05 07:30:00,2013,64,07:30:00,64.31,2716.0,9605.0,637.0,1.0,748.0,56.0,0.0,-6647.0,0.0,0.0,3398.0,3121.0,10820.0,10820.0,1831.0,501.0,2280.0,2280.0,86.0,86.0,5552388
NOUVELLE AQUITAINE,2014-12-14 00:30:00,2014,348,00:30:00,348.02,125.0,5727.0,56.0,0.0,552.0,152.0,0.0,-824.0,0.0,0.0,427.0,427.0,6630.0,5720.0,469.0,1333.0,1774.0,1774.0,229.0,229.0,5879144
BOURGOGNE FRANCHE COMTE,2018-10-07 04:30:00,2018,280,04:30:00,280.19,63.0,0.0,108.0,0.0,1.0,38.0,-1.0,1292.0,0.0,0.0,386.0,386.0,0.0,0.0,708.0,310.0,520.0,443.0,57.0,57.0,2807807
GRAND EST,2014-05-03 23:30:00,2014,123,23:30:00,123.98,41.0,7109.0,405.0,0.0,1528.0,61.0,0.0,-4514.0,0.0,0.0,3398.0,3198.0,10820.0,10820.0,2022.0,515.0,2283.0,2283.0,96.0,96.0,5554645
CENTRE VAL DE LOIRE,2013-07-01 08:00:00,2013,182,08:00:00,182.33,6.0,6731.0,19.0,16.0,11.0,30.0,0.0,-4980.0,0.0,0.0,162.0,162.0,11630.0,11630.0,687.0,211.0,91.0,91.0,49.0,49.0,2570548
GRAND EST,2013-05-10 10:00:00,2013,130,10:00:00,130.42,87.0,10152.0,481.0,169.0,1593.0,44.0,0.0,-7802.0,0.0,0.0,3398.0,3148.0,10820.0,10820.0,1877.0,502.0,2280.0,2078.0,86.0,86.0,5552388
NORMANDIE,2013-01-02 07:00:00,2013,2,07:00:00,2.29,445.0,10120.0,82.0,0.0,16.0,53.0,0.0,-6963.0,0.0,0.0,761.0,761.0,10640.0,10439.0,423.0,206.0,22.0,22.0,88.0,88.0,3328364
ILE DE FRANCE,2019-03-30 20:30:00,2019,89,20:30:00,89.85,277.0,0.0,1.0,0.0,11.0,126.0,0.0,7421.0,0.0,0.0,2170.0,2170.0,0.0,0.0,88.0,125.0,20.0,20.0,306.0,306.0,12262544
NORMANDIE,2018-10-18 13:30:00,2018,291,13:30:00,291.56,221.0,7621.0,202.0,80.0,12.0,51.0,0.0,-5098.0,0.0,0.0,821.0,241.0,10640.0,9601.0,736.0,251.0,31.0,31.0,104.0,104.0,3327477
CENTRE VAL DE LOIRE,2017-10-23 13:00:00,2017,296,13:00:00,296.54,14.0,6143.0,183.0,65.0,0.0,63.0,0.0,-4055.0,0.0,0.0,210.0,210.0,11630.0,10655.0,963.0,276.0,91.0,91.0,76.0,76.0,2576252
ILE DE FRANCE,2014-05-18 11:30:00,2014,138,11:30:00,138.48,-2.0,0.0,0.0,34.0,9.0,146.0,0.0,6496.0,0.0,0.0,2122.0,2122.0,0.0,0.0,37.0,111.0,19.0,19.0,282.0,282.0,12027565
BRETAGNE,2017-11-05 08:30:00,2017,309,08:30:00,309.35,126.0,0.0,347.0,2.0,3.0,43.0,-1.0,1757.0,0.0,0.0,877.0,877.0,0.0,0.0,934.0,246.0,270.0,270.0,67.0,67.0,3318904
OCCITANIE,2019-07-14 00:00:00,2019,195,00:00:00,195.0,0.0,2161.0,175.0,0.0,452.0,101.0,-34.0,1298.0,0.0,0.0,307.0,307.0,2620.0,2620.0,1559.0,2073.0,5489.0,5299.0,146.0,146.0,5933185
CENTRE VAL DE LOIRE,2016-09-30 00:30:00,2016,274,00:30:00,274.02,0.0,6790.0,127.0,0.0,0.0,53.0,0.0,-5221.0,0.0,0.0,170.0,170.0,11630.0,10736.0,896.0,260.0,91.0,91.0,71.0,71.0,2577866
AUVERGNE RHONE ALPES,2015-09-02 02:30:00,2015,245,02:30:00,245.1,25.0,9368.0,81.0,0.0,1222.0,102.0,-912.0,-4123.0,0.0,0.0,944.0,944.0,13570.0,12797.0,372.0,888.0,11183.0,10961.0,141.0,141.0,7877698
GRAND EST,2019-11-15 22:00:00,2019,319,22:00:00,319.92,2497.0,12219.0,1071.0,0.0,836.0,119.0,0.0,-10396.0,0.0,0.0,3532.0,3532.0,10820.0,9895.0,3479.0,604.0,2303.0,2090.0,175.0,175.0,5556219
ILE DE FRANCE,2022-12-14 12:00:00,2022,348,12:00:00,348.5,1319.0,0.0,2.0,40.0,7.0,103.0,0.0,11562.0,0.0,0.0,2171.0,2042.0,0.0,0.0,148.0,257.0,20.0,20.0,320.0,320.0,12354286
PAYS DE LA LOIRE,2015-09-14 15:00:00,2015,257,15:00:00,257.62,657.0,0.0,445.0,185.0,0.0,35.0,0.0,1527.0,0.0,0.0,1867.0,1217.0,0.0,0.0,560.0,455.0,7.0,7.0,61.0,61.0,3718512
HAUTS DE FRANCE,2022-07-27 14:00:00,2022,208,14:00:00,208.58,1369.0,1685.0,402.0,247.0,0.0,111.0,0.0,1078.0,0.0,0.0,2996.0,2840.0,5460.0,4550.0,5821.0,444.0,6.0,6.0,197.0,197.0,5990765
AUVERGNE RHONE ALPES,2017-05-28 17:30:00,2017,148,17:30:00,148.73,32.0,5823.0,135.0,352.0,2365.0,64.0,-504.0,-2817.0,0.0,0.0,985.0,584.0,13570.0,12598.0,486.0,950.0,11246.0,11038.0,178.0,178.0,7948287
ILE DE FRANCE,2017-06-06 10:30:00,2017,157,10:30:00,157.44,-1.0,0.0,41.0,25.0,6.0,123.0,0.0,7505.0,0.0,0.0,2149.0,1872.0,0.0,0.0,73.0,116.0,19.0,19.0,301.0,301.0,12174880
GRAND EST,2020-04-05 20:30:00,2020,96,20:30:00,96.85,55.0,2834.0,1198.0,0.0,763.0,118.0,-11.0,-1220.0,0.0,0.0,3535.0,3089.0,10820.0,9571.0,3606.0,618.0,2303.0,1903.0,182.0,182.0,5562651
AUVERGNE RHONE ALPES,2015-09-30 14:00:00,2015,273,14:00:00,273.58,30.0,6511.0,20.0,436.0,1719.0,105.0,-16.0,-1100.0,0.0,0.0,944.0,543.0,13570.0,12605.0,372.0,889.0,11183.0,10932.0,141.0,141.0,7877698
ILE DE FRANCE,2018-03-07 01:30:00,2018,66,01:30:00,66.06,483.0,0.0,13.0,0.0,0.0,150.0,0.0,7995.0,0.0,0.0,2157.0,2000.0,0.0,0.0,88.0,122.0,20.0,20.0,306.0,306.0,12213447
CENTRE VAL DE LOIRE,2018-05-22 03:30:00,2018,142,03:30:00,142.15,0.0,9098.0,44.0,0.0,3.0,62.0,0.0,-7810.0,0.0,0.0,216.0,216.0,11630.0,10871.0,1014.0,287.0,91.0,91.0,76.0,76.0,2572853
AUVERGNE RHONE ALPES,2015-03-28 14:00:00,2015,87,14:00:00,87.58,199.0,10482.0,189.0,168.0,1861.0,103.0,-987.0,-4190.0,0.0,0.0,944.0,944.0,13570.0,12730.0,372.0,862.0,11181.0,10784.0,141.0,141.0,7877698
PROVENCE ALPES COTE D AZUR,2013-07-20 05:00:00,2013,201,05:00:00,201.21,164.0,0.0,0.0,0.0,1104.0,42.0,0.0,1998.0,0.0,0.0,2590.0,2316.0,0.0,0.0,45.0,717.0,3158.0,3158.0,151.0,151.0,4953675
PROVENCE ALPES COTE D AZUR,2015-03-16 06:30:00,2015,75,06:30:00,75.27,984.0,0.0,13.0,0.0,977.0,44.0,-2.0,3261.0,0.0,0.0,2605.0,2202.0,0.0,0.0,45.0,884.0,3168.0,3168.0,183.0,183.0,5007977
NOUVELLE AQUITAINE,2020-06-01 10:00:00,2020,153,10:00:00,153.42,18.0,3929.0,50.0,1063.0,261.0,187.0,0.0,-1730.0,0.0,0.0,571.0,571.0,6630.0,5635.0,1100.0,2670.0,1783.0,1678.0,341.0,341.0,6033952
PROVENCE ALPES COTE D AZUR,2021-03-04 17:00:00,2021,63,17:00:00,63.71,1813.0,0.0,4.0,187.0,1012.0,104.0,0.0,2030.0,0.0,0.0,2715.0,2386.0,0.0,0.0,96.0,1566.0,3266.0,3235.0,357.0,357.0,5127840
AUVERGNE RHONE ALPES,2019-07-07 03:00:00,2019,188,03:00:00,188.12,38.0,10331.0,26.0,0.0,2892.0,116.0,-502.0,-7659.0,0.0,0.0,1027.0,1027.0,13570.0,12701.0,635.0,1157.0,11247.0,11083.0,190.0,190.0,8042936
ILE DE FRANCE,2017-05-23 00:30:00,2017,143,00:30:00,143.02,0.0,0.0,3.0,0.0,7.0,146.0,0.0,6312.0,0.0,0.0,2149.0,1892.0,0.0,0.0,73.0,116.0,19.0,19.0,301.0,301.0,12174880
HAUTS DE FRANCE,2013-10-03 23:30:00,2013,276,23:30:00,276.98,319.0,5035.0,636.0,0.0,0.0,67.0,0.0,-566.0,0.0,0.0,2270.0,2270.0,5460.0,5460.0,2205.0,210.0,5.0,5.0,139.0,139.0,5987883
BRETAGNE,2014-02-08 14:30:00,2014,39,14:30:00,39.6,82.0,0.0,643.0,33.0,19.0,28.0,-23.0,2378.0,0.0,0.0,684.0,684.0,0.0,0.0,747.0,209.0,251.0,251.0,50.0,50.0,3276543
OCCITANIE,2022-11-23 07:00:00,2022,327,07:00:00,327.29,62.0,1273.0,91.0,0.0,673.0,95.0,-12.0,2653.0,0.0,0.0,326.0,326.0,2620.0,1310.0,1621.0,3094.0,5505.0,5367.0,175.0,175.0,6067101
GRAND EST,2015-04-27 10:00:00,2015,117,10:00:00,117.42,40.0,9168.0,1042.0,39.0,1404.0,74.0,0.0,-6372.0,0.0,0.0,3420.0,3132.0,10820.0,9837.0,2386.0,524.0,2284.0,2284.0,110.0,110.0,5559051
NOUVELLE AQUITAINE,2021-10-20 01:00:00,2021,293,01:00:00,293.04,68.0,4133.0,879.0,0.0,54.0,141.0,0.0,-1398.0,0.0,0.0,578.0,578.0,6630.0,5135.0,1368.0,3296.0,1784.0,1784.0,354.0,354.0,6069352
OCCITANIE,2014-05-23 14:00:00,2014,143,14:00:00,143.58,-5.0,1274.0,242.0,461.0,1804.0,72.0,-42.0,169.0,0.0,0.0,251.0,251.0,2620.0,2620.0,906.0,1237.0,5409.0,5169.0,128.0,128.0,5730753
GRAND EST,2020-04-16 05:30:00,2020,107,05:30:00,107.23,53.0,6546.0,1161.0,0.0,630.0,117.0,-183.0,-4508.0,0.0,0.0,3535.0,3086.0,10820.0,9539.0,3606.0,619.0,2303.0,1928.0,183.0,183.0,5562651
BRETAGNE,2022-08-13 05:00:00,2022,225,05:00:00,225.21,414.0,0.0,93.0,0.0,167.0,53.0,-1.0,772.0,0.0,0.0,1432.0,1432.0,0.0,0.0,1197.0,378.0,272.0,272.0,83.0,83.0,3414637
PROVENCE ALPES COTE D AZUR,2018-10-30 12:00:00,2018,303,12:00:00,303.5,1822.0,0.0,9.0,482.0,696.0,78.0,0.0,2076.0,0.0,0.0,2666.0,2378.0,0.0,0.0,48.0,1301.0,3233.0,3109.0,357.0,207.0,5052832
OCCITANIE,2015-09-19 15:30:00,2015,262,15:30:00,262.65,-3.0,1189.0,429.0,550.0,877.0,70.0,-4.0,238.0,0.0,0.0,266.0,0.0,2620.0,1310.0,1039.0,1452.0,5455.0,4886.0,137.0,137.0,5774185
CENTRE VAL DE LOIRE,2019-12-07 07:30:00,2019,341,07:30:00,341.31,99.0,7275.0,270.0,0.0,18.0,51.0,0.0,-5329.0,0.0,0.0,229.0,229.0,11630.0,10790.0,1223.0,347.0,91.0,91.0,86.0,86.0,2573180
NORMANDIE,2021-08-05 02:00:00,2021,217,02:00:00,217.08,184.0,7406.0,9.0,0.0,8.0,79.0,0.0,-5493.0,0.0,0.0,852.0,852.0,10640.0,9602.0,878.0,296.0,31.0,31.0,147.0,147.0,3327966
AUVERGNE RHONE ALPES,2013-09-06 00:00:00,2013,249,00:00:00,249.0,47.0,8987.0,101.0,0.0,2588.0,59.0,-19.0,-5479.0,0.0,0.0,919.0,919.0,13570.0,13570.0,335.0,728.0,11122.0,11122.0,108.0,108.0,7757595
BOURGOGNE FRANCHE COMTE,2020-07-23 20:00:00,2020,205,20:00:00,205.83,23.0,0.0,9.0,24.0,11.0,50.0,0.0,2025.0,0.0,0.0,401.0,401.0,0.0,0.0,877.0,354.0,521.0,367.0,70.0,70.0,2801695
ILE DE FRANCE,2016-01-15 21:00:00,2016,15,21:00:00,15.88,561.0,0.0,11.0,0.0,11.0,136.0,0.0,11415.0,0.0,0.0,2149.0,2149.0,0.0,0.0,61.0,114.0,19.0,19.0,300.0,300.0,12117132
GRAND EST,2015-09-18 00:00:00,2015,261,00:00:00,261.0,297.0,8072.0,390.0,0.0,629.0,69.0,0.0,-4760.0,0.0,0.0,3420.0,3160.0,10820.0,9450.0,2504.0,525.0,2285.0,2083.0,119.0,119.0,5559051
OCCITANIE,2017-12-19 15:00:00,2017,353,15:00:00,353.62,87.0,2610.0,471.0,446.0,1408.0,77.0,0.0,1073.0,0.0,0.0,291.0,291.0,2620.0,2620.0,1365.0,1806.0,5481.0,5254.0,145.0,145.0,5845102
CENTRE VAL DE LOIRE,2020-11-01 19:30:00,2020,306,19:30:00,306.81,79.0,6679.0,1022.0,0.0,19.0,52.0,0.0,-5730.0,0.0,0.0,229.0,229.0,11630.0,10740.0,1256.0,400.0,92.0,92.0,88.0,88.0,2574863
PROVENCE ALPES COTE D AZUR,2021-05-13 23:00:00,2021,133,23:00:00,133.96,26.0,0.0,11.0,0.0,1438.0,99.0,0.0,2618.0,0.0,0.0,2715.0,2341.0,0.0,0.0,96.0,1595.0,3266.0,3235.0,357.0,357.0,5127840
BOURGOGNE FRANCHE COMTE,2019-02-03 12:30:00,2019,34,12:30:00,34.52,169.0,0.0,290.0,22.0,89.0,47.0,-1.0,2668.0,0.0,0.0,401.0,401.0,0.0,0.0,800.0,330.0,520.0,520.0,65.0,65.0,2805580
NORMANDIE,2013-09-15 10:30:00,2013,258,10:30:00,258.44,682.0,8756.0,10.0,31.0,22.0,41.0,0.0,-7036.0,0.0,0.0,761.0,761.0,10640.0,10640.0,444.0,209.0,23.0,23.0,88.0,88.0,3328364
OCCITANIE,2021-10-11 12:30:00,2021,284,12:30:00,284.52,9.0,1248.0,427.0,1593.0,410.0,68.0,0.0,387.0,0.0,0.0,325.0,325.0,2620.0,2620.0,1593.0,2692.0,5499.0,5464.0,173.0,173.0,6022176
NOUVELLE AQUITAINE,2019-10-02 11:00:00,2019,275,11:00:00,275.46,54.0,5750.0,62.0,703.0,207.0,145.0,0.0,-2116.0,0.0,0.0,538.0,538.0,6630.0,5720.0,1029.0,2582.0,1782.0,1677.0,320.0,320.0,6010289
PAYS DE LA LOIRE,2018-12-13 19:30:00,2018,347,19:30:00,347.81,662.0,0.0,244.0,0.0,2.0,43.0,0.0,4257.0,0.0,0.0,2017.0,1739.0,0.0,0.0,869.0,559.0,8.0,8.0,70.0,70.0,3781423
NORMANDIE,2022-06-01 14:30:00,2022,152,14:30:00,152.6,193.0,3752.0,56.0,176.0,12.0,94.0,0.0,-1489.0,0.0,0.0,852.0,852.0,10640.0,9391.0,933.0,312.0,31.0,31.0,149.0,149.0,3327604
CENTRE VAL DE LOIRE,2018-07-20 14:30:00,2018,201,14:30:00,201.6,0.0,8517.0,115.0,133.0,0.0,53.0,0.0,-6852.0,0.0,0.0,216.0,216.0,11630.0,10727.0,1036.0,297.0,91.0,91.0,76.0,76.0,2572853
ILE DE FRANCE,2013-10-11 15:00:00,2013,284,15:00:00,284.62,417.0,0.0,0.0,12.0,5.0,130.0,0.0,8526.0,0.0,0.0,2121.0,1936.0,0.0,0.0,37.0,109.0,19.0,19.0,282.0,282.0,11959807
BRETAGNE,2022-09-27 02:30:00,2022,270,02:30:00,270.1,482.0,0.0,244.0,0.0,207.0,59.0,-1.0,727.0,0.0,0.0,1432.0,1298.0,0.0,0.0,1209.0,399.0,272.0,272.0,83.0,83.0,3414637
NORMANDIE,2015-11-14 04:30:00,2015,318,04:30:00,318.19,695.0,6604.0,205.0,0.0,7.0,50.0,0.0,-4790.0,0.0,0.0,773.0,773.0,10640.0,9310.0,538.0,216.0,24.0,24.0,95.0,95.0,3339131
PROVENCE ALPES COTE D AZUR,2014-06-28 05:30:00,2014,179,05:30:00,179.23,101.0,0.0,4.0,0.0,671.0,63.0,-2.0,2365.0,0.0,0.0,2592.0,2268.0,0.0,0.0,45.0,838.0,3165.0,3165.0,170.0,170.0,4983438
PROVENCE ALPES COTE D AZUR,2015-04-07 21:30:00,2015,97,21:30:00,97.9,629.0,0.0,0.0,0.0,892.0,57.0,-2.0,3430.0,0.0,0.0,2605.0,2202.0,0.0,0.0,45.0,907.0,3168.0,3168.0,183.0,183.0,5007977
CENTRE VAL DE LOIRE,2014-01-23 00:00:00,2014,23,00:00:00,23.0,72.0,11412.0,49.0,0.0,21.0,54.0,0.0,-8604.0,0.0,0.0,162.0,162.0,11630.0,11630.0,739.0,214.0,91.0,91.0,56.0,56.0,2577435
GRAND EST,2015-12-31 20:30:00,2015,365,20:30:00,365.85,169.0,10937.0,673.0,0.0,436.0,73.0,0.0,-7193.0,0.0,0.0,3424.0,3153.0,10820.0,9510.0,2560.0,525.0,2285.0,2083.0,119.0,119.0,5559051
PAYS DE LA LOIRE,2017-12-24 16:00:00,2017,358,16:00:00,358.67,903.0,0.0,57.0,8.0,4.0,51.0,0.0,2067.0,0.0,0.0,1952.0,1372.0,0.0,0.0,786.0,532.0,8.0,8.0,69.0,69.0,3757600
NOUVELLE AQUITAINE,2015-03-24 11:30:00,2015,83,11:30:00,83.48,127.0,4635.0,82.0,223.0,745.0,143.0,0.0,273.0,0.0,0.0,427.0,427.0,6630.0,5922.0,479.0,1440.0,1774.0,1774.0,234.0,234.0,5911482
ILE DE FRANCE,2018-03-08 22:30:00,2018,67,22:30:00,67.94,502.0,0.0,2.0,0.0,0.0,145.0,0.0,9713.0,0.0,0.0,2157.0,2000.0,0.0,0.0,88.0,122.0,20.0,20.0,306.0,306.0,12213447
HAUTS DE FRANCE,2015-12-19 18:00:00,2015,353,18:00:00,353.75,401.0,5422.0,1224.0,0.0,2.0,130.0,0.0,-1190.0,0.0,0.0,2301.0,2051.0,5460.0,5460.0,2878.0,213.0,5.0,5.0,160.0,160.0,6009976
GRAND EST,2015-10-27 18:30:00,2015,300,18:30:00,300.77,2004.0,10984.0,891.0,0.0,873.0,70.0,0.0,-8719.0,0.0,0.0,3422.0,3198.0,10820.0,9510.0,2504.0,525.0,2285.0,2083.0,119.0,119.0,5559051
BOURGOGNE FRANCHE COMTE,2017-02-27 21:30:00,2017,58,21:30:00,58.9,108.0,0.0,447.0,0.0,60.0,20.0,0.0,2326.0,0.0,0.0,331.0,331.0,0.0,0.0,574.0,266.0,518.0,518.0,31.0,31.0,2811423
AUVERGNE RHONE ALPES,2021-12-13 17:30:00,2021,347,17:30:00,347.73,695.0,12596.0,69.0,0.0,4838.0,113.0,-5.0,-7995.0,0.0,0.0,1048.0,1048.0,13570.0,12669.0,723.0,1587.0,11779.0,11651.0,208.0,208.0,8114361
AUVERGNE RHONE ALPES,2021-01-12 00:30:00,2021,12,00:30:00,12.02,638.0,10663.0,161.0,0.0,3610.0,112.0,-3.0,-4663.0,0.0,0.0,1047.0,1047.0,13570.0,12674.0,723.0,1376.0,11753.0,11596.0,198.0,198.0,8114361
PROVENCE ALPES COTE D AZUR,2020-03-07 08:00:00,2020,67,08:00:00,67.33,1040.0,0.0,41.0,101.0,1608.0,107.0,0.0,2192.0,0.0,0.0,2710.0,2382.0,0.0,0.0,48.0,1453.0,3256.0,3256.0,357.0,207.0,5098666
PROVENCE ALPES COTE D AZUR,2022-05-29 18:00:00,2022,149,18:00:00,149.75,400.0,0.0,53.0,756.0,780.0,215.0,0.0,1519.0,0.0,0.0,2724.0,2340.0,0.0,0.0,96.0,1831.0,3266.0,3204.0,357.0,357.0,5150362
CENTRE VAL DE LOIRE,2022-10-27 01:00:00,2022,300,01:00:00,300.04,32.0,5511.0,682.0,0.0,1.0,60.0,0.0,-4665.0,0.0,0.0,229.0,229.0,11630.0,10687.0,1551.0,789.0,93.0,93.0,91.0,91.0,2572916
NORMANDIE,2022-02-07 04:30:00,2022,38,04:30:00,38.19,314.0,7449.0,440.0,0.0,15.0,93.0,0.0,-4893.0,0.0,0.0,852.0,852.0,10640.0,9526.0,920.0,306.0,31.0,31.0,148.0,148.0,3327604
AUVERGNE RHONE ALPES,2015-07-26 22:30:00,2015,207,22:30:00,207.94,53.0,10365.0,154.0,0.0,2498.0,96.0,-24.0,-7073.0,0.0,0.0,944.0,944.0,13570.0,12760.0,372.0,886.0,11183.0,10948.0,141.0,141.0,7877698
ILE DE FRANCE,2013-08-13 02:00:00,2013,225,02:00:00,225.08,0.0,0.0,4.0,0.0,9.0,121.0,0.0,4423.0,0.0,0.0,2121.0,2121.0,0.0,0.0,37.0,109.0,19.0,19.0,282.0,282.0,11959807
PROVENCE ALPES COTE D AZUR,2013-07-07 22:00:00,2013,188,22:00:00,188.92,164.0,0.0,3.0,0.0,1277.0,53.0,0.0,2661.0,0.0,0.0,2590.0,2316.0,0.0,0.0,45.0,708.0,3158.0,3158.0,151.0,151.0,4953675
ILE DE FRANCE,2020-02-29 23:30:00,2020,60,23:30:00,60.98,296.0,0.0,67.0,0.0,2.0,120.0,0.0,8993.0,0.0,0.0,2170.0,2170.0,0.0,0.0,108.0,144.0,20.0,20.0,314.0,314.0,12271794
PROVENCE ALPES COTE D AZUR,2019-12-04 09:00:00,2019,338,09:00:00,338.38,1964.0,0.0,4.0,56.0,1882.0,96.0,0.0,1949.0,0.0,0.0,2679.0,2301.0,0.0,0.0,48.0,1424.0,3249.0,3125.0,357.0,207.0,5081101
PROVENCE ALPES COTE D AZUR,2015-09-05 00:30:00,2015,248,00:30:00,248.02,106.0,0.0,16.0,0.0,799.0,84.0,0.0,3040.0,0.0,0.0,2610.0,2203.0,0.0,0.0,48.0,945.0,3168.0,3168.0,183.0,183.0,5007977
OCCITANIE,2019-05-10 12:00:00,2019,130,12:00:00,130.5,0.0,2518.0,47.0,1013.0,1368.0,90.0,-39.0,-772.0,0.0,0.0,307.0,307.0,2620.0,2620.0,1559.0,2031.0,5488.0,5311.0,146.0,146.0,5933185
BRETAGNE,2021-03-26 08:30:00,2021,85,08:30:00,85.35,238.0,0.0,536.0,15.0,9.0,51.0,-1.0,2411.0,0.0,0.0,982.0,982.0,0.0,0.0,1052.0,310.0,272.0,272.0,81.0,81.0,3394567
HAUTS DE FRANCE,2016-05-03 18:00:00,2016,124,18:00:00,124.75,293.0,3460.0,335.0,54.0,3.0,106.0,0.0,1150.0,0.0,0.0,2864.0,2452.0,5460.0,4550.0,2929.0,213.0,5.0,5.0,160.0,160.0,6006870
BRETAGNE,2022-10-29 22:00:00,2022,302,22:00:00,302.92,424.0,0.0,275.0,0.0,0.0,57.0,-1.0,1096.0,0.0,0.0,1432.0,1432.0,0.0,0.0,1220.0,405.0,272.0,272.0,83.0,83.0,3414637
BRETAGNE,2018-12-27 15:00:00,2018,361,15:00:00,361.62,204.0,0.0,8.0,16.0,179.0,42.0,-1.0,2966.0,0.0,0.0,956.0,822.0,0.0,0.0,988.0,261.0,270.0,270.0,70.0,70.0,3335414
CENTRE VAL DE LOIRE,2019-01-10 15:00:00,2019,10,15:00:00,10.62,123.0,10359.0,246.0,53.0,1.0,57.0,0.0,-7637.0,0.0,0.0,228.0,228.0,11630.0,10320.0,1112.0,305.0,91.0,91.0,84.0,84.0,2573180
CENTRE VAL DE LOIRE,2017-06-20 23:30:00,2017,171,23:30:00,171.98,0.0,6020.0,242.0,0.0,0.0,46.0,0.0,-4162.0,0.0,0.0,198.0,198.0,11630.0,10648.0,947.0,268.0,91.0,91.0,76.0,76.0,2576252
GRAND EST,2022-04-14 07:00:00,2022,104,07:00:00,104.29,1676.0,5072.0,204.0,1.0,1433.0,153.0,0.0,-3759.0,0.0,0.0,3590.0,3168.0,10820.0,9727.0,4254.0,1003.0,2306.0,2104.0,235.0,235.0,5563889
HAUTS DE FRANCE,2019-05-25 17:30:00,2019,145,17:30:00,145.73,257.0,2580.0,671.0,43.0,1.0,116.0,0.0,913.0,0.0,0.0,2969.0,2715.0,5460.0,4585.0,4467.0,236.0,5.0,5.0,178.0,178.0,6004947
OCCITANIE,2020-07-24 00:30:00,2020,206,00:30:00,206.02,0.0,2179.0,168.0,0.0,1273.0,84.0,-36.0,215.0,0.0,0.0,314.0,314.0,2620.0,1365.0,1593.0,2261.0,5494.0,5252.0,171.0,171.0,5973969
GRAND EST,2016-07-05 06:30:00,2016,187,06:30:00,187.27,333.0,9811.0,129.0,5.0,1312.0,79.0,-176.0,-7051.0,0.0,0.0,3424.0,2829.0,10820.0,9772.0,2621.0,527.0,2295.0,2093.0,123.0,123.0,5555186
BOURGOGNE FRANCHE COMTE,2017-04-26 07:30:00,2017,116,07:30:00,116.31,26.0,0.0,58.0,1.0,38.0,23.0,0.0,2641.0,0.0,0.0,331.0,331.0,0.0,0.0,605.0,268.0,519.0,519.0,31.0,31.0,2811423
GRAND EST,2019-05-19 06:30:00,2019,139,06:30:00,139.27,43.0,5545.0,119.0,1.0,760.0,113.0,-180.0,-2979.0,0.0,0.0,3531.0,3199.0,10820.0,9531.0,3382.0,580.0,2302.0,2000.0,170.0,170.0,5556219
ILE DE FRANCE,2017-01-17 22:00:00,2017,17,22:00:00,17.92,1281.0,0.0,19.0,0.0,12.0,146.0,0.0,11495.0,0.0,0.0,2149.0,1564.0,0.0,0.0,61.0,116.0,19.0,19.0,301.0,301.0,12174880
BOURGOGNE FRANCHE COMTE,2017-12-14 19:30:00,2017,348,19:30:00,348.81,171.0,0.0,472.0,0.0,142.0,26.0,0.0,2755.0,0.0,0.0,356.0,356.0,0.0,0.0,676.0,304.0,520.0,520.0,35.0,35.0,2811423
BOURGOGNE FRANCHE COMTE,2016-05-15 20:30:00,2016,136,20:30:00,136.85,23.0,0.0,4.0,5.0,143.0,16.0,0.0,1677.0,0.0,0.0,329.0,329.0,0.0,0.0,426.0,264.0,513.0,513.0,30.0,30.0,2818338
NOUVELLE AQUITAINE,2020-04-28 08:30:00,2020,119,08:30:00,119.35,25.0,4984.0,262.0,218.0,600.0,194.0,0.0,-2255.0,0.0,0.0,571.0,571.0,6630.0,5369.0,1089.0,2645.0,1783.0,1678.0,341.0,341.0,6033952
CENTRE VAL DE LOIRE,2018-08-16 10:30:00,2018,228,10:30:00,228.44,0.0,8445.0,11.0,128.0,0.0,54.0,0.0,-6861.0,0.0,0.0,216.0,216.0,11630.0,10796.0,1036.0,298.0,91.0,91.0,76.0,76.0,2572853
NORMANDIE,2019-11-21 11:30:00,2019,325,11:30:00,325.48,977.0,3802.0,194.0,34.0,23.0,58.0,0.0,-379.0,0.0,0.0,833.0,833.0,10640.0,9310.0,806.0,260.0,31.0,31.0,108.0,108.0,3325032
PROVENCE ALPES COTE D AZUR,2014-04-23 10:00:00,2014,113,10:00:00,113.42,150.0,0.0,2.0,326.0,1866.0,52.0,0.0,2220.0,0.0,0.0,2592.0,2318.0,0.0,0.0,45.0,818.0,3160.0,3160.0,170.0,170.0,4983438
PROVENCE ALPES COTE D AZUR,2018-08-27 03:00:00,2018,239,03:00:00,239.12,42.0,0.0,5.0,0.0,786.0,109.0,0.0,2246.0,0.0,0.0,2666.0,2253.0,0.0,0.0,48.0,1295.0,3233.0,3091.0,357.0,207.0,5052832
AUVERGNE RHONE ALPES,2022-05-16 13:00:00,2022,136,13:00:00,136.54,357.0,6113.0,16.0,1049.0,3024.0,113.0,-13.0,-3483.0,0.0,0.0,1048.0,1048.0,13570.0,12673.0,723.0,1684.0,11781.0,11621.0,208.0,208.0,8155762
NOUVELLE AQUITAINE,2015-02-15 13:00:00,2015,46,13:00:00,46.54,145.0,4771.0,14.0,397.0,605.0,163.0,0.0,136.0,0.0,0.0,427.0,427.0,6630.0,5720.0,469.0,1397.0,1774.0,1774.0,234.0,234.0,5911482
AUVERGNE RHONE ALPES,2018-03-17 10:30:00,2018,76,10:30:00,76.44,162.0,10277.0,24.0,230.0,3921.0,131.0,-3.0,-5957.0,0.0,0.0,1000.0,1000.0,13570.0,12548.0,578.0,1026.0,11254.0,11064.0,179.0,179.0,7994459
NORMANDIE,2021-03-09 21:30:00,2021,68,21:30:00,68.9,691.0,7893.0,47.0,0.0,14.0,86.0,0.0,-4813.0,0.0,0.0,852.0,852.0,10640.0,9797.0,842.0,279.0,31.0,31.0,146.0,146.0,3327966
GRAND EST,2014-12-23 04:00:00,2014,357,04:00:00,357.17,199.0,9616.0,982.0,0.0,704.0,85.0,-529.0,-6294.0,0.0,0.0,3400.0,3200.0,10820.0,10510.0,2327.0,522.0,2284.0,2082.0,107.0,107.0,5554645
OCCITANIE,2014-02-27 00:00:00,2014,58,00:00:00,58.0,66.0,2267.0,346.0,0.0,2051.0,94.0,-1.0,689.0,0.0,0.0,251.0,251.0,2620.0,2620.0,889.0,1214.0,5398.0,5398.0,127.0,127.0,5730753
BOURGOGNE FRANCHE COMTE,2016-03-27 20:00:00,2016,87,20:00:00,87.83,106.0,0.0,186.0,0.0,141.0,22.0,0.0,1776.0,0.0,0.0,329.0,329.0,0.0,0.0,414.0,264.0,513.0,513.0,30.0,30.0,2818338
BOURGOGNE FRANCHE COMTE,2019-07-07 08:00:00,2019,188,08:00:00,188.33,24.0,0.0,77.0,34.0,20.0,27.0,0.0,1288.0,0.0,0.0,401.0,401.0,0.0,0.0,831.0,337.0,520.0,520.0,67.0,67.0,2805580
NORMANDIE,2022-05-19 03:00:00,2022,139,03:00:00,139.12,232.0,3688.0,170.0,0.0,10.0,86.0,0.0,-1921.0,0.0,0.0,852.0,852.0,10640.0,9396.0,933.0,311.0,31.0,31.0,148.0,148.0,3327604
PAYS DE LA LOIRE,2021-01-27 20:00:00,2021,27,20:00:00,27.83,811.0,0.0,394.0,0.0,6.0,47.0,0.0,3023.0,0.0,0.0,2055.0,2055.0,0.0,0.0,1046.0,690.0,10.0,10.0,78.0,78.0,3853999
OCCITANIE,2018-07-29 18:00:00,2018,210,18:00:00,210.75,0.0,403.0,36.0,656.0,551.0,84.0,-460.0,2557.0,0.0,0.0,295.0,295.0,2620.0,1310.0,1425.0,1925.0,5485.0,5259.0,146.0,146.0,5885496
OCCITANIE,2018-03-16 18:00:00,2018,75,18:00:00,75.75,78.0,2548.0,90.0,76.0,2678.0,78.0,-17.0,-1037.0,0.0,0.0,291.0,291.0,2620.0,2620.0,1365.0,1851.0,5482.0,5302.0,145.0,145.0,5885496
OCCITANIE,2020-04-13 16:30:00,2020,104,16:30:00,104.69,1.0,1227.0,407.0,269.0,625.0,74.0,-714.0,1412.0,0.0,0.0,314.0,314.0,2620.0,1310.0,1579.0,2201.0,5492.0,5315.0,171.0,171.0,5973969
NOUVELLE AQUITAINE,2013-03-05 20:30:00,2013,64,20:30:00,64.85,215.0,6482.0,137.0,0.0,894.0,143.0,0.0,-1999.0,0.0,0.0,418.0,418.0,6630.0,6630.0,356.0,948.0,1759.0,1759.0,208.0,208.0,5844177
BOURGOGNE FRANCHE COMTE,2021-04-11 06:00:00,2021,101,06:00:00,101.25,24.0,0.0,270.0,0.0,29.0,51.0,-67.0,1521.0,0.0,0.0,401.0,401.0,0.0,0.0,955.0,415.0,523.0,523.0,71.0,71.0,2800194
CENTRE VAL DE LOIRE,2021-09-02 19:30:00,2021,245,19:30:00,245.81,10.0,8675.0,282.0,35.0,9.0,52.0,0.0,-7225.0,0.0,0.0,229.0,229.0,11630.0,10740.0,1360.0,593.0,92.0,92.0,89.0,89.0,2573303
CENTRE VAL DE LOIRE,2022-07-07 08:00:00,2022,188,08:00:00,188.33,12.0,6914.0,108.0,83.0,10.0,60.0,0.0,-5413.0,0.0,0.0,229.0,229.0,11630.0,10769.0,1455.0,755.0,92.0,92.0,90.0,90.0,2572916
BRETAGNE,2013-02-07 07:00:00,2013,38,07:00:00,38.29,62.0,0.0,132.0,0.0,22.0,20.0,0.0,3727.0,0.0,0.0,658.0,658.0,0.0,0.0,716.0,201.0,11.0,11.0,36.0,36.0,3258707
BRETAGNE,2013-08-05 23:30:00,2013,217,23:30:00,217.98,0.0,0.0,53.0,0.0,97.0,32.0,0.0,1974.0,0.0,0.0,665.0,665.0,0.0,0.0,722.0,205.0,11.0,11.0,47.0,47.0,3258707
BRETAGNE,2016-01-17 23:30:00,2016,17,23:30:00,17.98,151.0,0.0,383.0,0.0,14.0,36.0,-1.0,2719.0,0.0,0.0,768.0,768.0,0.0,0.0,819.0,224.0,275.0,275.0,56.0,56.0,3306529
PROVENCE ALPES COTE D AZUR,2017-07-05 03:00:00,2017,186,03:00:00,186.12,1406.0,0.0,1.0,0.0,630.0,197.0,-51.0,1321.0,0.0,0.0,2630.0,2291.0,0.0,0.0,48.0,1140.0,3220.0,3096.0,354.0,354.0,5030890
GRAND EST,2022-03-21 00:00:00,2022,80,00:00:00,80.0,2075.0,5125.0,597.0,0.0,831.0,160.0,0.0,-3895.0,0.0,0.0,3590.0,3590.0,10820.0,9791.0,4228.0,1000.0,2306.0,2104.0,212.0,212.0,5563889
BRETAGNE,2018-01-08 21:00:00,2018,8,21:00:00,8.88,233.0,0.0,73.0,0.0,24.0,40.0,-1.0,3173.0,0.0,0.0,904.0,904.0,0.0,0.0,942.0,249.0,270.0,270.0,67.0,67.0,3335414
PAYS DE LA LOIRE,2022-06-11 22:30:00,2022,162,22:30:00,162.94,3.0,0.0,275.0,0.0,1.0,60.0,0.0,2158.0,0.0,0.0,2068.0,1609.0,0.0,0.0,1644.0,851.0,10.0,10.0,80.0,80.0,3878839
PAYS DE LA LOIRE,2015-11-23 22:30:00,2015,327,22:30:00,327.94,689.0,0.0,42.0,0.0,2.0,45.0,0.0,2949.0,0.0,0.0,1876.0,1244.0,0.0,0.0,591.0,456.0,7.0,7.0,61.0,61.0,3718512
HAUTS DE FRANCE,2013-09-04 03:30:00,2013,247,03:30:00,247.15,505.0,3531.0,97.0,0.0,0.0,76.0,0.0,414.0,0.0,0.0,2268.0,2268.0,5460.0,5460.0,2205.0,210.0,5.0,5.0,139.0,139.0,5987883
NORMANDIE,2022-02-04 07:00:00,2022,35,07:00:00,35.29,315.0,8853.0,414.0,0.0,9.0,93.0,0.0,-5676.0,0.0,0.0,852.0,852.0,10640.0,9501.0,920.0,306.0,31.0,31.0,148.0,148.0,3327604
AUVERGNE RHONE ALPES,2019-10-04 17:30:00,2019,277,17:30:00,277.73,396.0,10249.0,113.0,143.0,2305.0,103.0,-5.0,-6481.0,0.0,0.0,1027.0,1027.0,13570.0,12540.0,635.0,1197.0,11632.0,11432.0,191.0,191.0,8042936
HAUTS DE FRANCE,2016-10-04 10:30:00,2016,278,10:30:00,278.44,1020.0,2723.0,379.0,46.0,1.0,100.0,0.0,1729.0,0.0,0.0,2872.0,2633.0,5460.0,4550.0,3122.0,213.0,5.0,5.0,164.0,164.0,6006870
NOUVELLE AQUITAINE,2020-04-17 02:30:00,2020,108,02:30:00,108.1,17.0,4761.0,216.0,0.0,230.0,193.0,0.0,-1837.0,0.0,0.0,571.0,571.0,6630.0,5428.0,1089.0,2644.0,1783.0,1678.0,341.0,341.0,6033952
PAYS DE LA LOIRE,2019-10-21 14:00:00,2019,294,14:00:00,294.58,434.0,0.0,8.0,305.0,1.0,53.0,0.0,2471.0,0.0,0.0,2037.0,2037.0,0.0,0.0,926.0,601.0,10.0,10.0,75.0,75.0,3806461
NORMANDIE,2017-05-03 23:30:00,2017,123,23:30:00,123.98,326.0,6140.0,61.0,0.0,14.0,58.0,0.0,-3133.0,0.0,0.0,785.0,205.0,10640.0,9475.0,622.0,222.0,31.0,31.0,98.0,98.0,3330478
NORMANDIE,2021-07-25 06:30:00,2021,206,06:30:00,206.27,187.0,6782.0,43.0,0.0,6.0,78.0,0.0,-5275.0,0.0,0.0,852.0,852.0,10640.0,9675.0,878.0,295.0,31.0,31.0,147.0,147.0,3327966
BRETAGNE,2022-10-06 03:00:00,2022,279,03:00:00,279.12,277.0,0.0,134.0,0.0,11.0,58.0,-1.0,1269.0,0.0,0.0,1432.0,1298.0,0.0,0.0,1209.0,399.0,272.0,272.0,83.0,83.0,3414637
GRAND EST,2015-11-20 16:30:00,2015,324,16:30:00,324.69,1852.0,12048.0,336.0,0.0,751.0,88.0,0.0,-9082.0,0.0,0.0,3424.0,3203.0,10820.0,10790.0,2538.0,525.0,2285.0,2083.0,119.0,119.0,5559051
BOURGOGNE FRANCHE COMTE,2019-11-09 18:00:00,2019,313,18:00:00,313.75,154.0,0.0,112.0,1.0,275.0,26.0,0.0,2058.0,0.0,0.0,401.0,401.0,0.0,0.0,849.0,342.0,521.0,521.0,68.0,68.0,2805580
ILE DE FRANCE,2018-04-08 17:00:00,2018,98,17:00:00,98.71,0.0,0.0,52.0,17.0,0.0,128.0,0.0,5972.0,0.0,0.0,2157.0,2095.0,0.0,0.0,88.0,122.0,20.0,20.0,306.0,306.0,12213447
GRAND EST,2021-02-11 06:30:00,2021,42,06:30:00,42.27,1990.0,8700.0,1197.0,0.0,1054.0,133.0,-175.0,-5324.0,0.0,0.0,3585.0,3172.0,10820.0,9785.0,3879.0,698.0,2305.0,2103.0,199.0,199.0,5561287
NORMANDIE,2020-01-26 17:00:00,2020,26,17:00:00,26.71,408.0,6091.0,488.0,3.0,21.0,61.0,0.0,-3646.0,0.0,0.0,833.0,253.0,10640.0,9500.0,806.0,262.0,31.0,31.0,109.0,109.0,3325522
GRAND EST,2013-06-17 11:00:00,2013,168,11:00:00,168.46,813.0,8688.0,393.0,225.0,1647.0,44.0,0.0,-6622.0,0.0,0.0,3398.0,3163.0,10820.0,9520.0,1896.0,504.0,2280.0,2280.0,86.0,86.0,5552388
NORMANDIE,2016-11-19 02:00:00,2016,324,02:00:00,324.08,678.0,7681.0,293.0,0.0,14.0,45.0,0.0,-5160.0,0.0,0.0,785.0,785.0,10640.0,9310.0,616.0,219.0,31.0,31.0,96.0,96.0,3335929
PAYS DE LA LOIRE,2018-06-06 13:00:00,2018,157,13:00:00,157.54,341.0,0.0,21.0,91.0,3.0,38.0,0.0,2730.0,0.0,0.0,1968.0,1702.0,0.0,0.0,804.0,544.0,8.0,8.0,69.0,69.0,3781423
ILE DE FRANCE,2018-08-21 06:00:00,2018,233,06:00:00,233.25,-2.0,0.0,1.0,0.0,7.0,141.0,0.0,4820.0,0.0,0.0,2157.0,2116.0,0.0,0.0,88.0,123.0,20.0,20.0,306.0,306.0,12213447
BOURGOGNE FRANCHE COMTE,2021-05-06 16:00:00,2021,126,16:00:00,126.67,59.0,0.0,745.0,75.0,77.0,43.0,0.0,1717.0,0.0,0.0,401.0,401.0,0.0,0.0,955.0,419.0,523.0,523.0,71.0,71.0,2800194
PROVENCE ALPES COTE D AZUR,2019-05-07 14:00:00,2019,127,14:00:00,127.58,1058.0,0.0,3.0,911.0,1509.0,89.0,0.0,1018.0,0.0,0.0,2674.0,2264.0,0.0,0.0,48.0,1362.0,3241.0,3039.0,357.0,207.0,5081101
OCCITANIE,2021-05-15 20:30:00,2021,135,20:30:00,135.85,0.0,1264.0,182.0,29.0,1564.0,72.0,-14.0,391.0,0.0,0.0,318.0,318.0,2620.0,2620.0,1593.0,2546.0,5499.0,5266.0,172.0,172.0,6022176
GRAND EST,2021-04-17 16:00:00,2021,107,16:00:00,107.67,1231.0,5025.0,837.0,332.0,482.0,143.0,0.0,-3489.0,0.0,0.0,3585.0,3172.0,10820.0,9940.0,3900.0,883.0,2305.0,2103.0,206.0,206.0,5561287
NOUVELLE AQUITAINE,2020-10-07 10:30:00,2020,281,10:30:00,281.44,45.0,3198.0,108.0,537.0,484.0,117.0,0.0,728.0,0.0,0.0,576.0,576.0,6630.0,5379.0,1183.0,2752.0,1783.0,1657.0,347.0,347.0,6033952
BOURGOGNE FRANCHE COMTE,2019-01-18 03:00:00,2019,18,03:00:00,18.12,176.0,0.0,24.0,0.0,95.0,30.0,-1.0,2608.0,0.0,0.0,401.0,401.0,0.0,0.0,800.0,330.0,520.0,520.0,65.0,65.0,2805580
OCCITANIE,2015-01-11 20:00:00,2015,11,20:00:00,11.83,64.0,2427.0,557.0,0.0,1511.0,86.0,0.0,767.0,0.0,0.0,266.0,266.0,2620.0,2620.0,943.0,1350.0,5434.0,5434.0,133.0,133.0,5774185
PAYS DE LA LOIRE,2021-03-16 01:30:00,2021,75,01:30:00,75.06,1071.0,0.0,141.0,0.0,6.0,48.0,0.0,2210.0,0.0,0.0,2055.0,2055.0,0.0,0.0,1065.0,702.0,10.0,10.0,78.0,78.0,3853999
NOUVELLE AQUITAINE,2018-08-09 20:30:00,2018,221,20:30:00,221.85,22.0,5589.0,182.0,91.0,67.0,188.0,0.0,-2009.0,0.0,0.0,485.0,485.0,6630.0,6179.0,947.0,2384.0,1781.0,1667.0,316.0,316.0,5979778
ILE DE FRANCE,2013-11-10 18:00:00,2013,314,18:00:00,314.75,261.0,0.0,6.0,0.0,0.0,115.0,0.0,8658.0,0.0,0.0,2122.0,2122.0,0.0,0.0,37.0,109.0,19.0,19.0,282.0,282.0,11959807
CENTRE VAL DE LOIRE,2017-02-03 05:00:00,2017,34,05:00:00,34.21,103.0,11440.0,590.0,0.0,3.0,52.0,0.0,-9993.0,0.0,0.0,198.0,198.0,11630.0,10962.0,937.0,263.0,91.0,91.0,76.0,76.0,2576252
NOUVELLE AQUITAINE,2014-01-06 22:00:00,2014,6,22:00:00,6.92,94.0,4063.0,219.0,0.0,600.0,124.0,0.0,234.0,0.0,0.0,421.0,421.0,6630.0,6630.0,381.0,1024.0,1760.0,1760.0,214.0,214.0,5879144
NORMANDIE,2015-08-24 07:00:00,2015,236,07:00:00,236.29,220.0,5278.0,121.0,0.0,12.0,51.0,0.0,-3365.0,0.0,0.0,761.0,181.0,10640.0,9310.0,538.0,215.0,24.0,24.0,94.0,94.0,3339131
BRETAGNE,2014-02-13 15:30:00,2014,44,15:30:00,44.65,81.0,0.0,459.0,44.0,26.0,30.0,-1.0,2849.0,0.0,0.0,684.0,684.0,0.0,0.0,747.0,209.0,251.0,251.0,50.0,50.0,3276543
PAYS DE LA LOIRE,2014-06-24 20:30:00,2014,175,20:30:00,175.85,501.0,0.0,126.0,27.0,1.0,35.0,0.0,2011.0,0.0,0.0,1864.0,1356.0,0.0,0.0,518.0,415.0,7.0,7.0,58.0,58.0,3690833
HAUTS DE FRANCE,2014-10-06 17:30:00,2014,279,17:30:00,279.73,509.0,3553.0,825.0,5.0,1.0,81.0,0.0,976.0,0.0,0.0,2301.0,1901.0,5460.0,5460.0,2449.0,212.0,5.0,5.0,142.0,142.0,6006156
ILE DE FRANCE,2014-04-28 13:30:00,2014,118,13:30:00,118.56,113.0,0.0,1.0,22.0,11.0,137.0,0.0,8721.0,0.0,0.0,2122.0,2122.0,0.0,0.0,37.0,111.0,19.0,19.0,282.0,282.0,12027565
AUVERGNE RHONE ALPES,2019-07-07 04:00:00,2019,188,04:00:00,188.17,38.0,10428.0,25.0,0.0,2922.0,116.0,-827.0,-7666.0,0.0,0.0,1027.0,1027.0,13570.0,12701.0,635.0,1157.0,11247.0,11083.0,190.0,190.0,8042936
HAUTS DE FRANCE,2018-07-10 22:30:00,2018,191,22:30:00,191.94,1121.0,3467.0,411.0,0.0,1.0,135.0,0.0,-177.0,0.0,0.0,2922.0,2754.0,5460.0,4550.0,3928.0,221.0,5.0,5.0,170.0,170.0,6004108
NORMANDIE,2017-05-01 00:30:00,2017,121,00:30:00,121.02,281.0,5410.0,245.0,0.0,15.0,55.0,0.0,-2922.0,0.0,0.0,785.0,205.0,10640.0,9475.0,622.0,222.0,31.0,31.0,98.0,98.0,3330478
NORMANDIE,2018-08-13 05:30:00,2018,225,05:30:00,225.23,666.0,6209.0,92.0,0.0,13.0,54.0,0.0,-5046.0,0.0,0.0,813.0,233.0,10640.0,9311.0,722.0,250.0,31.0,31.0,104.0,104.0,3327477
ILE DE FRANCE,2015-01-21 08:00:00,2015,21,08:00:00,21.33,1035.0,0.0,2.0,0.0,0.0,116.0,0.0,12012.0,0.0,0.0,2144.0,1559.0,0.0,0.0,37.0,112.0,19.0,19.0,286.0,286.0,12082144
OCCITANIE,2018-06-20 08:30:00,2018,171,08:30:00,171.35,7.0,1157.0,87.0,355.0,2919.0,129.0,-35.0,-840.0,0.0,0.0,295.0,295.0,2620.0,1310.0,1414.0,1905.0,5485.0,5277.0,146.0,146.0,5885496
NORMANDIE,2016-12-17 06:30:00,2016,352,06:30:00,352.27,747.0,9019.0,1.0,0.0,10.0,56.0,0.0,-6109.0,0.0,0.0,785.0,785.0,10640.0,9310.0,616.0,220.0,31.0,31.0,96.0,96.0,3335929
AUVERGNE RHONE ALPES,2015-01-10 11:30:00,2015,10,11:30:00,10.48,194.0,13196.0,100.0,202.0,2186.0,106.0,-971.0,-6841.0,0.0,0.0,940.0,940.0,13570.0,13538.0,357.0,855.0,11166.0,10926.0,141.0,141.0,7877698
CENTRE VAL DE LOIRE,2020-12-30 05:00:00,2020,365,05:00:00,365.21,82.0,9175.0,208.0,0.0,20.0,56.0,0.0,-7091.0,0.0,0.0,229.0,229.0,11630.0,10587.0,1278.0,417.0,92.0,92.0,88.0,88.0,2574863
BRETAGNE,2015-04-16 05:30:00,2015,106,05:30:00,106.23,0.0,0.0,50.0,0.0,3.0,38.0,-1.0,1580.0,0.0,0.0,724.0,639.0,0.0,0.0,801.0,220.0,272.0,272.0,55.0,55.0,3293850
NOUVELLE AQUITAINE,2017-10-05 01:30:00,2017,278,01:30:00,278.06,80.0,6113.0,12.0,-1.0,108.0,184.0,0.0,-2324.0,0.0,0.0,465.0,465.0,6630.0,6122.0,842.0,2043.0,1780.0,1670.0,307.0,307.0,5956978
OCCITANIE,2019-08-31 10:30:00,2019,243,10:30:00,243.44,0.0,2441.0,39.0,876.0,411.0,88.0,-423.0,488.0,0.0,0.0,307.0,307.0,2620.0,2620.0,1559.0,2117.0,5489.0,5299.0,146.0,146.0,5933185
PROVENCE ALPES COTE D AZUR,2017-06-25 09:30:00,2017,176,09:30:00,176.4,84.0,0.0,10.0,310.0,1120.0,231.0,-51.0,2266.0,0.0,0.0,2630.0,2290.0,0.0,0.0,48.0,1137.0,3193.0,3193.0,354.0,354.0,5030890
PAYS DE LA LOIRE,2018-04-11 02:00:00,2018,101,02:00:00,101.08,953.0,0.0,196.0,0.0,4.0,40.0,0.0,2049.0,0.0,0.0,1968.0,1775.0,0.0,0.0,796.0,541.0,8.0,8.0,69.0,69.0,3781423
BRETAGNE,2019-08-05 03:00:00,2019,217,03:00:00,217.12,1.0,0.0,210.0,0.0,193.0,51.0,-1.0,993.0,0.0,0.0,960.0,960.0,0.0,0.0,1021.0,268.0,270.0,270.0,74.0,74.0,3354854
NORMANDIE,2019-05-16 03:00:00,2019,136,03:00:00,136.12,267.0,7704.0,143.0,0.0,11.0,53.0,0.0,-5587.0,0.0,0.0,833.0,253.0,10640.0,9310.0,801.0,255.0,31.0,31.0,106.0,106.0,3325032
HAUTS DE FRANCE,2015-05-11 01:30:00,2015,131,01:30:00,131.06,352.0,3306.0,656.0,0.0,2.0,108.0,0.0,456.0,0.0,0.0,2301.0,1970.0,5460.0,4550.0,2728.0,213.0,5.0,5.0,159.0,159.0,6009976
HAUTS DE FRANCE,2015-05-12 07:30:00,2015,132,07:30:00,132.31,381.0,3482.0,85.0,6.0,2.0,107.0,0.0,1400.0,0.0,0.0,2301.0,1970.0,5460.0,4550.0,2728.0,213.0,5.0,5.0,159.0,159.0,6009976
NOUVELLE AQUITAINE,2020-05-26 07:30:00,2020,147,07:30:00,147.31,11.0,2458.0,408.0,124.0,352.0,177.0,0.0,83.0,0.0,0.0,571.0,571.0,6630.0,5573.0,1100.0,2669.0,1783.0,1678.0,341.0,341.0,6033952
CENTRE VAL DE LOIRE,2014-08-14 05:00:00,2014,226,05:00:00,226.21,1.0,5782.0,106.0,0.0,4.0,47.0,0.0,-4742.0,0.0,0.0,162.0,162.0,11630.0,11630.0,801.0,220.0,91.0,91.0,57.0,57.0,2577435
AUVERGNE RHONE ALPES,2021-10-17 19:00:00,2021,290,19:00:00,290.79,21.0,11631.0,11.0,3.0,2578.0,95.0,-4.0,-6936.0,0.0,0.0,1048.0,1048.0,13570.0,12669.0,723.0,1553.0,11776.0,11644.0,208.0,208.0,8114361
NORMANDIE,2017-02-12 07:00:00,2017,43,07:00:00,43.29,637.0,6314.0,43.0,0.0,18.0,46.0,0.0,-3069.0,0.0,0.0,785.0,509.0,10640.0,9557.0,622.0,220.0,31.0,31.0,97.0,97.0,3330478
AUVERGNE RHONE ALPES,2016-04-19 01:30:00,2016,110,01:30:00,110.06,32.0,8594.0,168.0,0.0,3626.0,112.0,-496.0,-4532.0,0.0,0.0,959.0,959.0,13570.0,12696.0,384.0,914.0,11209.0,11038.0,170.0,170.0,7916889
HAUTS DE FRANCE,2020-11-18 00:00:00,2020,323,00:00:00,323.0,1376.0,4029.0,799.0,0.0,1.0,123.0,0.0,-489.0,0.0,0.0,2984.0,2984.0,5460.0,4586.0,5285.0,272.0,5.0,5.0,181.0,181.0,5997734
BOURGOGNE FRANCHE COMTE,2020-06-13 07:00:00,2020,165,07:00:00,165.29,57.0,0.0,181.0,12.0,45.0,54.0,-65.0,1425.0,0.0,0.0,401.0,401.0,0.0,0.0,877.0,350.0,521.0,521.0,69.0,69.0,2801695
BRETAGNE,2016-10-22 17:30:00,2016,296,17:30:00,296.73,1.0,0.0,138.0,48.0,169.0,32.0,-1.0,1607.0,0.0,0.0,790.0,790.0,0.0,0.0,877.0,231.0,275.0,275.0,57.0,57.0,3306529
OCCITANIE,2015-07-10 13:00:00,2015,191,13:00:00,191.54,-3.0,2332.0,134.0,896.0,1347.0,69.0,0.0,-46.0,0.0,0.0,266.0,0.0,2620.0,2620.0,1039.0,1411.0,5454.0,5255.0,133.0,133.0,5774185
OCCITANIE,2018-04-25 00:00:00,2018,115,00:00:00,115.0,0.0,2538.0,27.0,0.0,2487.0,66.0,-68.0,-1175.0,0.0,0.0,291.0,291.0,2620.0,2620.0,1386.0,1888.0,5482.0,5280.0,146.0,146.0,5885496
ILE DE FRANCE,2014-04-16 01:30:00,2014,106,01:30:00,106.06,-8.0,0.0,8.0,0.0,10.0,144.0,0.0,6630.0,0.0,0.0,2122.0,2122.0,0.0,0.0,37.0,111.0,19.0,19.0,282.0,282.0,12027565
HAUTS DE FRANCE,2016-05-30 15:00:00,2016,151,15:00:00,151.62,526.0,4476.0,1910.0,8.0,2.0,96.0,0.0,-1155.0,0.0,0.0,2864.0,2748.0,5460.0,4550.0,2974.0,213.0,5.0,5.0,163.0,163.0,6006870
ILE DE FRANCE,2022-09-27 15:30:00,2022,270,15:30:00,270.65,150.0,0.0,87.0,50.0,6.0,182.0,0.0,6858.0,0.0,0.0,2171.0,2006.0,0.0,0.0,148.0,235.0,20.0,20.0,314.0,314.0,12354286
NOUVELLE AQUITAINE,2019-01-15 04:00:00,2019,15,04:00:00,15.17,289.0,4541.0,150.0,-1.0,81.0,201.0,0.0,386.0,0.0,0.0,533.0,533.0,6630.0,5720.0,965.0,2433.0,1781.0,1781.0,318.0,318.0,6010289
BOURGOGNE FRANCHE COMTE,2014-08-26 18:30:00,2014,238,18:30:00,238.77,16.0,0.0,93.0,34.0,175.0,21.0,0.0,1872.0,0.0,0.0,313.0,68.0,0.0,0.0,254.0,251.0,508.0,508.0,28.0,28.0,2820623
PROVENCE ALPES COTE D AZUR,2015-06-22 13:00:00,2015,173,13:00:00,173.54,147.0,0.0,0.0,588.0,1649.0,69.0,0.0,2168.0,0.0,0.0,2610.0,2265.0,0.0,0.0,45.0,917.0,3168.0,3168.0,183.0,183.0,5007977
PROVENCE ALPES COTE D AZUR,2022-07-19 01:00:00,2022,200,01:00:00,200.04,1250.0,0.0,3.0,0.0,552.0,83.0,0.0,2424.0,0.0,0.0,2724.0,2516.0,0.0,0.0,96.0,1856.0,3267.0,3189.0,357.0,357.0,5150362
PROVENCE ALPES COTE D AZUR,2018-04-09 10:30:00,2018,99,10:30:00,99.44,53.0,0.0,26.0,106.0,1774.0,194.0,0.0,2738.0,0.0,0.0,2666.0,2304.0,0.0,0.0,48.0,1243.0,3233.0,3059.0,357.0,357.0,5052832
HAUTS DE FRANCE,2017-03-08 07:00:00,2017,67,07:00:00,67.29,1708.0,3658.0,1828.0,0.0,2.0,116.0,0.0,-204.0,0.0,0.0,2900.0,2900.0,5460.0,4550.0,3338.0,214.0,5.0,5.0,164.0,164.0,6003815
PROVENCE ALPES COTE D AZUR,2016-12-27 16:00:00,2016,362,16:00:00,362.67,1458.0,0.0,24.0,153.0,1053.0,117.0,0.0,2279.0,0.0,0.0,2628.0,2283.0,0.0,0.0,48.0,1055.0,3192.0,3068.0,354.0,354.0,5021928
AUVERGNE RHONE ALPES,2022-06-30 12:30:00,2022,181,12:30:00,181.52,409.0,9196.0,148.0,719.0,3141.0,116.0,-6.0,-6136.0,0.0,0.0,1048.0,1048.0,13570.0,12731.0,723.0,1720.0,11787.0,11631.0,208.0,208.0,8155762
ILE DE FRANCE,2020-01-04 20:30:00,2020,4,20:30:00,4.85,319.0,0.0,9.0,0.0,1.0,136.0,0.0,9623.0,0.0,0.0,2170.0,2170.0,0.0,0.0,108.0,143.0,20.0,20.0,314.0,314.0,12271794
NOUVELLE AQUITAINE,2020-05-04 16:00:00,2020,125,16:00:00,125.67,18.0,4904.0,74.0,1743.0,450.0,181.0,0.0,-3154.0,0.0,0.0,571.0,571.0,6630.0,5428.0,1089.0,2646.0,1783.0,1678.0,341.0,341.0,6033952
BOURGOGNE FRANCHE COMTE,2014-12-09 19:30:00,2014,343,19:30:00,343.81,94.0,0.0,11.0,0.0,99.0,19.0,0.0,3341.0,0.0,0.0,325.0,80.0,0.0,0.0,334.0,253.0,509.0,509.0,28.0,28.0,2820623
HAUTS DE FRANCE,2013-12-20 05:30:00,2013,354,05:30:00,354.23,752.0,5471.0,348.0,0.0,1.0,71.0,0.0,-212.0,0.0,0.0,2278.0,2278.0,5460.0,5460.0,2245.0,210.0,5.0,5.0,139.0,139.0,5987883
ILE DE FRANCE,2021-06-11 05:30:00,2021,162,05:30:00,162.23,0.0,0.0,23.0,0.0,12.0,130.0,0.0,4740.0,0.0,0.0,2171.0,2171.0,0.0,0.0,125.0,173.0,20.0,20.0,314.0,314.0,12317279
ILE DE FRANCE,2021-11-26 19:30:00,2021,330,19:30:00,330.81,540.0,0.0,116.0,0.0,7.0,149.0,0.0,11176.0,0.0,0.0,2171.0,2171.0,0.0,0.0,148.0,194.0,20.0,20.0,314.0,314.0,12317279
BOURGOGNE FRANCHE COMTE,2013-10-23 04:30:00,2013,296,04:30:00,296.19,29.0,0.0,87.0,0.0,60.0,14.0,0.0,1684.0,0.0,0.0,301.0,301.0,0.0,0.0,204.0,240.0,490.0,490.0,25.0,25.0,2819783
OCCITANIE,2020-02-15 08:00:00,2020,46,08:00:00,46.33,95.0,2386.0,134.0,5.0,1693.0,98.0,0.0,363.0,0.0,0.0,308.0,308.0,2620.0,2620.0,1579.0,2172.0,5491.0,5336.0,171.0,171.0,5973969
NORMANDIE,2021-06-07 06:30:00,2021,158,06:30:00,158.27,150.0,8780.0,9.0,1.0,11.0,88.0,0.0,-6647.0,0.0,0.0,852.0,852.0,10640.0,10040.0,878.0,282.0,31.0,31.0,147.0,147.0,3327966
BOURGOGNE FRANCHE COMTE,2022-07-03 11:00:00,2022,184,11:00:00,184.46,0.0,0.0,7.0,302.0,65.0,53.0,0.0,1346.0,0.0,0.0,401.0,401.0,0.0,0.0,1049.0,561.0,524.0,524.0,75.0,75.0,2797366
HAUTS DE FRANCE,2022-08-28 22:30:00,2022,240,22:30:00,240.94,1391.0,1632.0,2376.0,0.0,0.0,94.0,0.0,-1402.0,0.0,0.0,2996.0,2885.0,5460.0,4550.0,5912.0,449.0,6.0,6.0,197.0,197.0,5990765
AUVERGNE RHONE ALPES,2022-12-13 22:30:00,2022,347,22:30:00,347.94,621.0,11680.0,291.0,0.0,2548.0,110.0,-746.0,-5331.0,0.0,0.0,1050.0,1050.0,13570.0,12736.0,723.0,1846.0,11791.0,11675.0,208.0,208.0,8155762
NORMANDIE,2019-04-25 07:00:00,2019,115,07:00:00,115.29,299.0,7699.0,307.0,0.0,15.0,40.0,0.0,-5347.0,0.0,0.0,833.0,833.0,10640.0,9310.0,801.0,254.0,31.0,31.0,106.0,106.0,3325032
PROVENCE ALPES COTE D AZUR,2017-03-23 10:30:00,2017,82,10:30:00,82.44,1650.0,0.0,39.0,242.0,1056.0,112.0,0.0,1677.0,0.0,0.0,2630.0,2268.0,0.0,0.0,48.0,1060.0,3193.0,2979.0,354.0,354.0,5030890
HAUTS DE FRANCE,2018-03-26 06:30:00,2018,85,06:30:00,85.27,1956.0,4448.0,330.0,0.0,2.0,108.0,0.0,-596.0,0.0,0.0,2922.0,2922.0,5460.0,4550.0,3819.0,218.0,5.0,5.0,170.0,170.0,6004108
PAYS DE LA LOIRE,2020-12-10 06:00:00,2020,345,06:00:00,345.25,1044.0,0.0,459.0,0.0,4.0,44.0,0.0,2206.0,0.0,0.0,2054.0,1861.0,0.0,0.0,1046.0,681.0,10.0,10.0,77.0,77.0,3832120
GRAND EST,2017-03-07 03:30:00,2017,66,03:30:00,66.15,1306.0,7334.0,897.0,0.0,840.0,88.0,-366.0,-4673.0,0.0,0.0,3453.0,2858.0,10820.0,9497.0,2879.0,535.0,2297.0,2095.0,140.0,140.0,5549586
HAUTS DE FRANCE,2015-05-30 23:00:00,2015,150,23:00:00,150.96,237.0,4543.0,58.0,0.0,2.0,113.0,0.0,-124.0,0.0,0.0,2301.0,2036.0,5460.0,4550.0,2734.0,213.0,5.0,5.0,159.0,159.0,6009976
BOURGOGNE FRANCHE COMTE,2019-05-12 09:30:00,2019,132,09:30:00,132.4,20.0,0.0,106.0,79.0,157.0,44.0,-2.0,1650.0,0.0,0.0,401.0,401.0,0.0,0.0,821.0,334.0,520.0,520.0,67.0,67.0,2805580
OCCITANIE,2022-05-22 03:30:00,2022,142,03:30:00,142.15,0.0,1237.0,135.0,0.0,1225.0,85.0,-75.0,237.0,0.0,0.0,326.0,326.0,2620.0,1310.0,1593.0,2927.0,5503.0,5328.0,174.0,174.0,6067101
CENTRE VAL DE LOIRE,2021-03-06 08:00:00,2021,65,08:00:00,65.33,88.0,8817.0,594.0,15.0,16.0,59.0,0.0,-6889.0,0.0,0.0,229.0,229.0,11630.0,11630.0,1278.0,482.0,92.0,92.0,88.0,88.0,2573303
BOURGOGNE FRANCHE COMTE,2015-01-16 14:00:00,2015,16,14:00:00,16.58,112.0,0.0,25.0,7.0,279.0,22.0,0.0,2832.0,0.0,0.0,325.0,80.0,0.0,0.0,344.0,253.0,510.0,510.0,28.0,28.0,2820940
NOUVELLE AQUITAINE,2020-01-09 16:30:00,2020,9,16:30:00,9.69,231.0,5799.0,620.0,144.0,471.0,176.0,0.0,-1638.0,0.0,0.0,571.0,571.0,6630.0,6077.0,1089.0,2616.0,1783.0,1678.0,340.0,340.0,6033952
AUVERGNE RHONE ALPES,2018-03-24 18:30:00,2018,83,18:30:00,83.77,357.0,7927.0,48.0,13.0,3085.0,138.0,-144.0,-3599.0,0.0,0.0,1000.0,1000.0,13570.0,12538.0,578.0,1026.0,11254.0,11017.0,179.0,179.0,7994459
ILE DE FRANCE,2022-09-24 01:30:00,2022,267,01:30:00,267.06,0.0,0.0,9.0,0.0,7.0,194.0,0.0,4917.0,0.0,0.0,2171.0,2006.0,0.0,0.0,148.0,235.0,20.0,20.0,314.0,314.0,12354286
CENTRE VAL DE LOIRE,2019-01-12 15:00:00,2019,12,15:00:00,12.62,117.0,9228.0,408.0,22.0,1.0,54.0,0.0,-7033.0,0.0,0.0,228.0,228.0,11630.0,10600.0,1112.0,305.0,91.0,91.0,84.0,84.0,2573180
GRAND EST,2013-06-14 05:30:00,2013,165,05:30:00,165.23,80.0,7641.0,67.0,0.0,1211.0,45.0,-344.0,-4566.0,0.0,0.0,3398.0,3163.0,10820.0,9520.0,1896.0,504.0,2280.0,2280.0,86.0,86.0,5552388
OCCITANIE,2019-03-05 13:00:00,2019,64,13:00:00,64.54,82.0,1285.0,28.0,1236.0,843.0,95.0,0.0,1214.0,0.0,0.0,307.0,307.0,2620.0,1310.0,1499.0,2006.0,5485.0,5318.0,146.0,146.0,5933185
BOURGOGNE FRANCHE COMTE,2016-03-03 10:00:00,2016,63,10:00:00,63.42,150.0,0.0,283.0,15.0,213.0,20.0,0.0,2892.0,0.0,0.0,329.0,329.0,0.0,0.0,414.0,264.0,513.0,513.0,30.0,30.0,2818338
BRETAGNE,2013-12-30 15:00:00,2013,364,15:00:00,364.62,76.0,0.0,183.0,25.0,17.0,25.0,0.0,2842.0,0.0,0.0,684.0,684.0,0.0,0.0,747.0,208.0,251.0,251.0,49.0,49.0,3258707
CENTRE VAL DE LOIRE,2022-08-12 05:30:00,2022,224,05:30:00,224.23,22.0,6197.0,294.0,0.0,0.0,67.0,0.0,-5295.0,0.0,0.0,229.0,229.0,11630.0,10752.0,1482.0,767.0,92.0,92.0,90.0,90.0,2572916
BOURGOGNE FRANCHE COMTE,2022-01-15 04:00:00,2022,15,04:00:00,15.17,148.0,0.0,192.0,0.0,148.0,53.0,0.0,2449.0,0.0,0.0,401.0,401.0,0.0,0.0,992.0,495.0,524.0,524.0,74.0,74.0,2797366
CENTRE VAL DE LOIRE,2022-12-26 16:30:00,2022,360,16:30:00,360.69,63.0,8342.0,665.0,22.0,2.0,58.0,0.0,-7159.0,0.0,0.0,229.0,229.0,11630.0,10761.0,1599.0,807.0,93.0,93.0,91.0,91.0,2572916
OCCITANIE,2017-03-23 14:30:00,2017,82,14:30:00,82.6,59.0,1295.0,146.0,554.0,2719.0,93.0,0.0,-45.0,0.0,0.0,282.0,282.0,2620.0,1310.0,1194.0,1702.0,5474.0,5019.0,140.0,140.0,5845102
BOURGOGNE FRANCHE COMTE,2014-12-21 09:00:00,2014,355,09:00:00,355.38,103.0,0.0,8.0,3.0,72.0,22.0,0.0,1877.0,0.0,0.0,325.0,80.0,0.0,0.0,344.0,253.0,510.0,510.0,28.0,28.0,2820623
NOUVELLE AQUITAINE,2019-01-04 13:00:00,2019,4,13:00:00,4.54,274.0,6769.0,338.0,988.0,222.0,192.0,0.0,-678.0,0.0,0.0,533.0,533.0,6630.0,6630.0,965.0,2424.0,1781.0,1781.0,318.0,318.0,6010289
AUVERGNE RHONE ALPES,2017-05-05 20:30:00,2017,125,20:30:00,125.85,421.0,8675.0,139.0,10.0,2857.0,96.0,-501.0,-4641.0,0.0,0.0,985.0,985.0,13570.0,12523.0,486.0,946.0,11239.0,11045.0,178.0,178.0,7948287
OCCITANIE,2023-01-19 19:00:00,2023,19,19:00:00,19.79,80.0,1289.0,86.0,0.0,2785.0,84.0,0.0,2374.0,0.0,0.0,326.0,326.0,2620.0,1310.0,1667.0,3139.0,5505.0,5470.0,175.0,175.0,6101005
NORMANDIE,2013-01-06 02:00:00,2013,6,02:00:00,6.08,342.0,8634.0,12.0,0.0,13.0,55.0,0.0,-5427.0,0.0,0.0,761.0,181.0,10640.0,10640.0,423.0,206.0,22.0,22.0,88.0,88.0,3328364
AUVERGNE RHONE ALPES,2021-01-26 17:30:00,2021,26,17:30:00,26.73,687.0,10689.0,98.0,4.0,6143.0,121.0,-3.0,-7842.0,0.0,0.0,1047.0,1047.0,13570.0,12680.0,723.0,1381.0,11753.0,11596.0,198.0,198.0,8114361
PROVENCE ALPES COTE D AZUR,2014-03-21 03:30:00,2014,80,03:30:00,80.15,229.0,0.0,1.0,0.0,1233.0,70.0,-51.0,2476.0,0.0,0.0,2592.0,2318.0,0.0,0.0,45.0,813.0,3160.0,3160.0,169.0,169.0,4983438
GRAND EST,2014-07-26 14:30:00,2014,207,14:30:00,207.6,41.0,8740.0,68.0,234.0,1271.0,56.0,0.0,-6343.0,0.0,0.0,3398.0,3198.0,10820.0,10330.0,2112.0,515.0,2283.0,2283.0,97.0,97.0,5554645
PROVENCE ALPES COTE D AZUR,2022-01-10 06:00:00,2022,10,06:00:00,10.25,1196.0,0.0,53.0,0.0,676.0,71.0,0.0,3364.0,0.0,0.0,2724.0,2460.0,0.0,0.0,96.0,1750.0,3266.0,3222.0,357.0,357.0,5150362
NOUVELLE AQUITAINE,2017-11-28 11:00:00,2017,332,11:00:00,332.46,217.0,6714.0,134.0,194.0,556.0,189.0,0.0,-772.0,0.0,0.0,478.0,478.0,6630.0,6630.0,882.0,2198.0,1780.0,1780.0,307.0,307.0,5956978
PAYS DE LA LOIRE,2022-04-06 13:00:00,2022,96,13:00:00,96.54,93.0,0.0,528.0,219.0,3.0,52.0,0.0,2983.0,0.0,0.0,2068.0,1633.0,0.0,0.0,1137.0,831.0,10.0,10.0,80.0,80.0,3878839
ILE DE FRANCE,2021-04-17 01:30:00,2021,107,01:30:00,107.06,0.0,0.0,30.0,0.0,12.0,148.0,0.0,7535.0,0.0,0.0,2171.0,2171.0,0.0,0.0,125.0,172.0,20.0,20.0,314.0,314.0,12317279
HAUTS DE FRANCE,2018-07-22 05:30:00,2018,203,05:30:00,203.23,710.0,3419.0,136.0,0.0,1.0,132.0,0.0,-552.0,0.0,0.0,2922.0,2922.0,5460.0,4550.0,3945.0,221.0,5.0,5.0,170.0,170.0,6004108
HAUTS DE FRANCE,2019-02-27 05:30:00,2019,58,05:30:00,58.23,1685.0,4598.0,623.0,0.0,1.0,124.0,0.0,-1271.0,0.0,0.0,2969.0,2969.0,5460.0,4550.0,4414.0,235.0,5.0,5.0,177.0,177.0,6004947
PAYS DE LA LOIRE,2021-01-25 09:30:00,2021,25,09:30:00,25.4,1082.0,0.0,190.0,41.0,6.0,46.0,0.0,3907.0,0.0,0.0,2054.0,2054.0,0.0,0.0,1046.0,689.0,10.0,10.0,78.0,78.0,3853999
OCCITANIE,2013-11-26 06:30:00,2013,330,06:30:00,330.27,58.0,2541.0,357.0,0.0,1366.0,66.0,-407.0,2008.0,0.0,0.0,251.0,251.0,2620.0,2620.0,889.0,1175.0,5391.0,5391.0,126.0,126.0,5683878
NORMANDIE,2013-05-08 15:30:00,2013,128,15:30:00,128.65,260.0,5095.0,105.0,31.0,4.0,43.0,0.0,-3066.0,0.0,0.0,761.0,761.0,10640.0,10640.0,423.0,208.0,23.0,23.0,88.0,88.0,3328364
PROVENCE ALPES COTE D AZUR,2017-11-12 11:00:00,2017,316,11:00:00,316.46,213.0,0.0,12.0,596.0,278.0,254.0,0.0,3122.0,0.0,0.0,2643.0,2247.0,0.0,0.0,48.0,1180.0,3224.0,3224.0,357.0,357.0,5030890
PAYS DE LA LOIRE,2016-12-30 23:30:00,2016,365,23:30:00,365.98,1080.0,0.0,3.0,0.0,1.0,45.0,0.0,3674.0,0.0,0.0,1905.0,1448.0,0.0,0.0,697.0,491.0,8.0,8.0,63.0,63.0,3737632
NOUVELLE AQUITAINE,2020-02-07 23:00:00,2020,38,23:00:00,38.96,235.0,6690.0,404.0,0.0,456.0,210.0,0.0,-2038.0,0.0,0.0,571.0,571.0,6630.0,6630.0,1089.0,2622.0,1783.0,1678.0,340.0,340.0,6033952
NORMANDIE,2016-03-22 06:30:00,2016,82,06:30:00,82.27,1007.0,7618.0,12.0,0.0,17.0,55.0,0.0,-4781.0,0.0,0.0,773.0,773.0,10640.0,9596.0,553.0,217.0,31.0,31.0,95.0,95.0,3335929
HAUTS DE FRANCE,2019-10-23 22:30:00,2019,296,22:30:00,296.94,1602.0,2717.0,504.0,0.0,2.0,121.0,0.0,418.0,0.0,0.0,2969.0,2802.0,5460.0,4550.0,4636.0,239.0,5.0,5.0,180.0,180.0,6004947
BOURGOGNE FRANCHE COMTE,2020-10-24 15:30:00,2020,298,15:30:00,298.65,59.0,0.0,310.0,61.0,80.0,42.0,-67.0,1545.0,0.0,0.0,401.0,401.0,0.0,0.0,889.0,386.0,522.0,522.0,71.0,71.0,2801695
NORMANDIE,2016-01-19 22:30:00,2016,19,22:30:00,19.94,1019.0,7649.0,20.0,0.0,14.0,49.0,0.0,-3791.0,0.0,0.0,773.0,616.0,10640.0,9310.0,538.0,217.0,31.0,31.0,95.0,95.0,3335929
CENTRE VAL DE LOIRE,2018-07-15 09:30:00,2018,196,09:30:00,196.4,0.0,8966.0,11.0,72.0,0.0,56.0,0.0,-7649.0,0.0,0.0,216.0,216.0,11630.0,10768.0,1036.0,297.0,91.0,91.0,76.0,76.0,2572853
BRETAGNE,2015-05-25 03:30:00,2015,145,03:30:00,145.15,0.0,0.0,75.0,0.0,2.0,41.0,-1.0,1338.0,0.0,0.0,724.0,639.0,0.0,0.0,801.0,220.0,272.0,272.0,55.0,55.0,3293850
NORMANDIE,2019-04-24 13:30:00,2019,114,13:30:00,114.56,285.0,7807.0,203.0,32.0,14.0,40.0,0.0,-5277.0,0.0,0.0,833.0,833.0,10640.0,9310.0,801.0,254.0,31.0,31.0,106.0,106.0,3325032
ILE DE FRANCE,2018-01-01 00:00:00,2018,1,00:00:00,1.0,274.0,0.0,51.0,0.0,4.0,160.0,0.0,7875.0,0.0,0.0,2157.0,2057.0,0.0,0.0,88.0,119.0,19.0,19.0,306.0,306.0,12213447
GRAND EST,2018-07-08 10:00:00,2018,189,10:00:00,189.42,34.0,6814.0,142.0,349.0,848.0,112.0,-356.0,-3969.0,0.0,0.0,3471.0,2962.0,10820.0,9518.0,3124.0,556.0,2300.0,1986.0,158.0,158.0,5550389
PROVENCE ALPES COTE D AZUR,2022-09-25 05:00:00,2022,268,05:00:00,268.21,794.0,0.0,0.0,0.0,196.0,208.0,-52.0,1733.0,0.0,0.0,2724.0,2360.0,0.0,0.0,96.0,1872.0,3267.0,3236.0,357.0,357.0,5150362
HAUTS DE FRANCE,2018-12-06 04:00:00,2018,340,04:00:00,340.17,1139.0,5085.0,1054.0,0.0,2.0,109.0,0.0,-1926.0,0.0,0.0,2969.0,2969.0,5460.0,5460.0,4214.0,234.0,5.0,5.0,177.0,177.0,6004108
GRAND EST,2019-07-31 06:30:00,2019,212,06:30:00,212.27,434.0,5071.0,872.0,1.0,1026.0,111.0,-164.0,-3435.0,0.0,0.0,3531.0,3111.0,10820.0,9609.0,3434.0,590.0,2302.0,2030.0,172.0,172.0,5556219
CENTRE VAL DE LOIRE,2013-04-01 02:30:00,2013,91,02:30:00,91.1,47.0,8558.0,471.0,0.0,54.0,23.0,0.0,-6482.0,0.0,0.0,157.0,157.0,11630.0,11630.0,662.0,209.0,91.0,91.0,49.0,49.0,2570548
OCCITANIE,2022-11-15 12:30:00,2022,319,12:30:00,319.52,71.0,1265.0,245.0,632.0,1685.0,103.0,0.0,241.0,0.0,0.0,326.0,326.0,2620.0,1310.0,1621.0,3088.0,5505.0,5370.0,175.0,175.0,6067101
CENTRE VAL DE LOIRE,2021-08-24 13:00:00,2021,236,13:00:00,236.54,11.0,8306.0,477.0,280.0,0.0,58.0,0.0,-7153.0,0.0,0.0,229.0,229.0,11630.0,10740.0,1360.0,592.0,92.0,92.0,89.0,89.0,2573303
BRETAGNE,2016-04-25 12:00:00,2016,116,12:00:00,116.5,6.0,0.0,197.0,58.0,7.0,30.0,-1.0,2936.0,0.0,0.0,771.0,637.0,0.0,0.0,853.0,226.0,275.0,275.0,56.0,56.0,3306529
CENTRE VAL DE LOIRE,2022-07-28 01:30:00,2022,209,01:30:00,209.06,12.0,5927.0,461.0,0.0,1.0,57.0,0.0,-4795.0,0.0,0.0,229.0,229.0,11630.0,10660.0,1473.0,766.0,92.0,92.0,90.0,90.0,2572916
PAYS DE LA LOIRE,2019-06-30 10:00:00,2019,181,10:00:00,181.42,8.0,0.0,53.0,149.0,0.0,54.0,0.0,1786.0,0.0,0.0,2037.0,1664.0,0.0,0.0,926.0,588.0,8.0,8.0,71.0,71.0,3806461
NOUVELLE AQUITAINE,2022-05-07 01:30:00,2022,127,01:30:00,127.06,33.0,2697.0,273.0,0.0,315.0,185.0,0.0,606.0,0.0,0.0,579.0,579.0,6630.0,5428.0,1441.0,3605.0,1785.0,1673.0,356.0,356.0,6098051
BOURGOGNE FRANCHE COMTE,2014-05-08 22:00:00,2014,128,22:00:00,128.92,29.0,0.0,93.0,0.0,53.0,16.0,0.0,1929.0,0.0,0.0,313.0,68.0,0.0,0.0,254.0,246.0,508.0,508.0,25.0,25.0,2820623
BOURGOGNE FRANCHE COMTE,2019-02-16 00:00:00,2019,47,00:00:00,47.0,176.0,0.0,113.0,0.0,268.0,53.0,-12.0,2270.0,0.0,0.0,401.0,401.0,0.0,0.0,800.0,330.0,520.0,520.0,66.0,66.0,2805580
CENTRE VAL DE LOIRE,2013-06-05 08:00:00,2013,156,08:00:00,156.33,8.0,7324.0,80.0,13.0,28.0,29.0,0.0,-5484.0,0.0,0.0,162.0,162.0,11630.0,11630.0,662.0,210.0,91.0,91.0,49.0,49.0,2570548
OCCITANIE,2020-02-03 00:30:00,2020,34,00:30:00,34.02,82.0,1513.0,331.0,0.0,839.0,96.0,-564.0,1953.0,0.0,0.0,308.0,308.0,2620.0,2620.0,1570.0,2167.0,5491.0,5314.0,171.0,171.0,5973969
GRAND EST,2013-08-30 12:30:00,2013,242,12:30:00,242.52,1957.0,8508.0,11.0,282.0,918.0,44.0,0.0,-6251.0,0.0,0.0,3398.0,3130.0,10820.0,9520.0,1943.0,506.0,2280.0,2280.0,93.0,93.0,5552388
NOUVELLE AQUITAINE,2017-08-09 12:00:00,2017,221,12:00:00,221.5,46.0,4217.0,96.0,756.0,89.0,191.0,0.0,-784.0,0.0,0.0,465.0,465.0,6630.0,5574.0,772.0,1986.0,1780.0,1669.0,306.0,306.0,5956978
GRAND EST,2019-10-06 23:30:00,2019,279,23:30:00,279.98,782.0,10951.0,1605.0,0.0,809.0,116.0,-345.0,-9437.0,0.0,0.0,3531.0,3531.0,10820.0,9686.0,3477.0,603.0,2303.0,2066.0,173.0,173.0,5556219
AUVERGNE RHONE ALPES,2022-02-23 18:30:00,2022,54,18:30:00,54.77,613.0,10727.0,37.0,0.0,4536.0,132.0,-8.0,-7116.0,0.0,0.0,1048.0,1048.0,13570.0,12659.0,723.0,1645.0,11780.0,11643.0,208.0,208.0,8155762
BOURGOGNE FRANCHE COMTE,2020-07-15 03:00:00,2020,197,03:00:00,197.12,23.0,0.0,10.0,0.0,8.0,54.0,0.0,1768.0,0.0,0.0,401.0,401.0,0.0,0.0,877.0,353.0,521.0,367.0,69.0,69.0,2801695
OCCITANIE,2018-03-08 08:00:00,2018,67,08:00:00,67.33,83.0,2494.0,431.0,66.0,2857.0,94.0,0.0,232.0,0.0,0.0,291.0,291.0,2620.0,2620.0,1365.0,1837.0,5482.0,4914.0,145.0,145.0,5885496
HAUTS DE FRANCE,2014-10-27 11:30:00,2014,300,11:30:00,300.48,291.0,4521.0,92.0,44.0,1.0,75.0,0.0,1302.0,0.0,0.0,2301.0,2301.0,5460.0,5460.0,2476.0,212.0,5.0,5.0,142.0,142.0,6006156
HAUTS DE FRANCE,2016-01-28 23:00:00,2016,28,23:00:00,28.96,1011.0,4493.0,1034.0,0.0,2.0,124.0,0.0,189.0,0.0,0.0,2864.0,2864.0,5460.0,4550.0,2886.0,213.0,5.0,5.0,160.0,160.0,6006870
OCCITANIE,2019-12-28 14:30:00,2019,362,14:30:00,362.6,93.0,2386.0,60.0,735.0,2691.0,99.0,-17.0,-1510.0,0.0,0.0,308.0,308.0,2620.0,2620.0,1570.0,2159.0,5490.0,5362.0,146.0,146.0,5933185
BRETAGNE,2014-08-04 01:00:00,2014,216,01:00:00,216.04,1.0,0.0,19.0,0.0,0.0,34.0,-40.0,1670.0,0.0,0.0,688.0,688.0,0.0,0.0,763.0,214.0,272.0,272.0,52.0,52.0,3276543
AUVERGNE RHONE ALPES,2018-12-02 10:30:00,2018,336,10:30:00,336.44,254.0,9283.0,298.0,28.0,1912.0,141.0,-8.0,-3722.0,0.0,0.0,1025.0,1025.0,13570.0,12586.0,607.0,1112.0,11268.0,11076.0,189.0,189.0,7994459
PROVENCE ALPES COTE D AZUR,2018-02-26 22:00:00,2018,57,22:00:00,57.92,1484.0,0.0,41.0,0.0,1832.0,43.0,0.0,3620.0,0.0,0.0,2663.0,2267.0,0.0,0.0,48.0,1224.0,3227.0,3227.0,357.0,357.0,5052832
NORMANDIE,2022-08-15 06:00:00,2022,227,06:00:00,227.25,180.0,4924.0,60.0,0.0,7.0,93.0,0.0,-3295.0,0.0,0.0,852.0,852.0,10640.0,9382.0,949.0,315.0,31.0,31.0,149.0,149.0,3327604
NOUVELLE AQUITAINE,2017-03-08 22:00:00,2017,67,22:00:00,67.92,259.0,5765.0,171.0,-1.0,689.0,211.0,0.0,-1740.0,0.0,0.0,465.0,465.0,6630.0,5720.0,734.0,1931.0,1780.0,1666.0,304.0,304.0,5956978
NOUVELLE AQUITAINE,2014-10-30 12:30:00,2014,303,12:30:00,303.52,53.0,4100.0,59.0,638.0,267.0,145.0,0.0,-326.0,0.0,0.0,421.0,421.0,6630.0,5720.0,459.0,1322.0,1772.0,1772.0,223.0,223.0,5879144
PROVENCE ALPES COTE D AZUR,2020-08-30 11:30:00,2020,243,11:30:00,243.48,460.0,0.0,12.0,884.0,503.0,92.0,0.0,1995.0,0.0,0.0,2710.0,2288.0,0.0,0.0,48.0,1499.0,3262.0,3231.0,357.0,207.0,5098666
AUVERGNE RHONE ALPES,2016-06-28 22:30:00,2016,180,22:30:00,180.94,365.0,5123.0,22.0,0.0,4599.0,104.0,-8.0,-3665.0,0.0,0.0,959.0,959.0,13570.0,12624.0,398.0,917.0,11211.0,11023.0,170.0,170.0,7916889
CENTRE VAL DE LOIRE,2016-04-06 16:30:00,2016,97,16:30:00,97.69,0.0,8200.0,540.0,46.0,36.0,39.0,0.0,-6699.0,0.0,0.0,170.0,170.0,11630.0,10637.0,862.0,245.0,91.0,91.0,71.0,71.0,2577866
ILE DE FRANCE,2017-05-01 02:00:00,2017,121,02:00:00,121.08,-2.0,0.0,32.0,0.0,6.0,142.0,0.0,6098.0,0.0,0.0,2149.0,1857.0,0.0,0.0,73.0,116.0,19.0,19.0,301.0,301.0,12174880
CENTRE VAL DE LOIRE,2020-10-26 16:00:00,2020,300,16:00:00,300.67,12.0,5607.0,635.0,85.0,15.0,55.0,0.0,-4253.0,0.0,0.0,229.0,229.0,11630.0,10657.0,1256.0,400.0,92.0,92.0,88.0,88.0,2574863
GRAND EST,2016-04-27 21:00:00,2016,118,21:00:00,118.88,1752.0,10210.0,366.0,0.0,1251.0,79.0,0.0,-7586.0,0.0,0.0,3424.0,2888.0,10820.0,10035.0,2601.0,527.0,2286.0,1882.0,121.0,121.0,5555186
PAYS DE LA LOIRE,2019-01-29 22:00:00,2019,29,22:00:00,29.92,614.0,0.0,693.0,0.0,5.0,46.0,0.0,2833.0,0.0,0.0,2034.0,1686.0,0.0,0.0,897.0,561.0,8.0,8.0,70.0,70.0,3806461
AUVERGNE RHONE ALPES,2014-06-18 10:30:00,2014,169,10:30:00,169.44,23.0,9203.0,46.0,201.0,3520.0,58.0,-8.0,-5511.0,0.0,0.0,938.0,938.0,13570.0,12690.0,347.0,817.0,11141.0,10989.0,140.0,140.0,7820966
PROVENCE ALPES COTE D AZUR,2015-09-16 06:00:00,2015,259,06:00:00,259.25,170.0,0.0,31.0,0.0,564.0,76.0,0.0,2576.0,0.0,0.0,2610.0,2215.0,0.0,0.0,48.0,946.0,3168.0,3168.0,183.0,183.0,5007977
CENTRE VAL DE LOIRE,2015-05-22 10:30:00,2015,142,10:30:00,142.44,1.0,7970.0,0.0,113.0,13.0,55.0,0.0,-6110.0,0.0,0.0,166.0,166.0,11630.0,10869.0,818.0,236.0,91.0,91.0,71.0,71.0,2578592
ILE DE FRANCE,2018-05-24 17:30:00,2018,144,17:30:00,144.73,-2.0,0.0,10.0,38.0,9.0,144.0,0.0,7252.0,0.0,0.0,2157.0,2091.0,0.0,0.0,88.0,122.0,20.0,20.0,306.0,306.0,12213447
BOURGOGNE FRANCHE COMTE,2017-10-10 09:00:00,2017,283,09:00:00,283.38,60.0,0.0,99.0,9.0,122.0,15.0,0.0,2457.0,0.0,0.0,331.0,331.0,0.0,0.0,647.0,271.0,519.0,519.0,35.0,35.0,2811423
BRETAGNE,2013-09-03 06:00:00,2013,246,06:00:00,246.25,0.0,0.0,58.0,0.0,0.0,32.0,0.0,1630.0,0.0,0.0,665.0,665.0,0.0,0.0,722.0,206.0,11.0,11.0,48.0,48.0,3258707
NOUVELLE AQUITAINE,2018-12-24 10:30:00,2018,358,10:30:00,358.44,170.0,6566.0,34.0,110.0,344.0,191.0,0.0,-2186.0,0.0,0.0,533.0,533.0,6630.0,6630.0,965.0,2423.0,1781.0,1781.0,318.0,318.0,5979778
GRAND EST,2016-06-02 04:00:00,2016,154,04:00:00,154.17,261.0,7457.0,673.0,0.0,1315.0,62.0,-362.0,-5244.0,0.0,0.0,3424.0,2913.0,10820.0,9579.0,2611.0,527.0,2286.0,2084.0,121.0,121.0,5555186
BRETAGNE,2013-11-08 19:00:00,2013,312,19:00:00,312.79,71.0,0.0,264.0,0.0,58.0,25.0,-1.0,2778.0,0.0,0.0,676.0,676.0,0.0,0.0,739.0,207.0,251.0,251.0,48.0,48.0,3258707
AUVERGNE RHONE ALPES,2014-09-17 16:30:00,2014,260,16:30:00,260.69,51.0,10982.0,123.0,175.0,1888.0,65.0,-20.0,-5812.0,0.0,0.0,938.0,938.0,13570.0,12655.0,347.0,831.0,11153.0,11001.0,141.0,141.0,7820966
BOURGOGNE FRANCHE COMTE,2015-11-06 18:30:00,2015,310,18:30:00,310.77,85.0,0.0,68.0,0.0,191.0,22.0,0.0,2449.0,0.0,0.0,325.0,80.0,0.0,0.0,414.0,262.0,513.0,513.0,29.0,29.0,2820940
NOUVELLE AQUITAINE,2017-06-25 16:00:00,2017,176,16:00:00,176.67,44.0,3216.0,25.0,1326.0,69.0,188.0,0.0,-1127.0,0.0,0.0,465.0,465.0,6630.0,5428.0,742.0,1972.0,1780.0,1658.0,306.0,306.0,5956978
HAUTS DE FRANCE,2019-12-17 16:30:00,2019,351,16:30:00,351.69,1286.0,4081.0,1332.0,0.0,2.0,121.0,0.0,-306.0,0.0,0.0,2970.0,2760.0,5460.0,4746.0,4869.0,240.0,5.0,5.0,180.0,180.0,6004947
BRETAGNE,2021-10-16 04:30:00,2021,289,04:30:00,289.19,16.0,0.0,81.0,0.0,0.0,52.0,-21.0,1537.0,0.0,0.0,1428.0,1428.0,0.0,0.0,1106.0,347.0,272.0,272.0,82.0,82.0,3394567
ILE DE FRANCE,2015-11-11 14:00:00,2015,315,14:00:00,315.58,297.0,0.0,0.0,14.0,7.0,140.0,0.0,7582.0,0.0,0.0,2146.0,1919.0,0.0,0.0,61.0,113.0,19.0,19.0,300.0,300.0,12082144
BRETAGNE,2018-04-17 07:00:00,2018,107,07:00:00,107.29,1.0,0.0,475.0,0.0,14.0,36.0,-1.0,2148.0,0.0,0.0,904.0,770.0,0.0,0.0,951.0,252.0,270.0,270.0,68.0,68.0,3335414
GRAND EST,2018-03-16 08:30:00,2018,75,08:30:00,75.35,1126.0,10086.0,520.0,64.0,1312.0,100.0,0.0,-6913.0,0.0,0.0,3471.0,3471.0,10820.0,9793.0,3053.0,553.0,2300.0,2072.0,146.0,146.0,5550389
AUVERGNE RHONE ALPES,2018-08-23 05:00:00,2018,235,05:00:00,235.21,15.0,9427.0,38.0,0.0,2108.0,99.0,-1708.0,-4648.0,0.0,0.0,1000.0,599.0,13570.0,12659.0,578.0,1095.0,11260.0,11054.0,180.0,180.0,7994459
BOURGOGNE FRANCHE COMTE,2015-12-31 21:30:00,2015,365,21:30:00,365.9,118.0,0.0,78.0,0.0,77.0,19.0,0.0,2400.0,0.0,0.0,329.0,84.0,0.0,0.0,414.0,263.0,513.0,373.0,29.0,29.0,2820940
BRETAGNE,2015-08-25 19:00:00,2015,237,19:00:00,237.79,0.0,0.0,397.0,20.0,0.0,36.0,-1.0,1784.0,0.0,0.0,724.0,724.0,0.0,0.0,801.0,221.0,272.0,272.0,55.0,55.0,3293850
BRETAGNE,2017-07-09 18:00:00,2017,190,18:00:00,190.75,1.0,0.0,71.0,78.0,4.0,39.0,0.0,1399.0,0.0,0.0,848.0,747.0,0.0,0.0,916.0,238.0,275.0,275.0,66.0,66.0,3318904
BRETAGNE,2013-05-27 15:30:00,2013,147,15:30:00,147.65,0.0,0.0,368.0,91.0,158.0,18.0,0.0,1772.0,0.0,0.0,658.0,658.0,0.0,0.0,716.0,204.0,11.0,11.0,37.0,37.0,3258707
HAUTS DE FRANCE,2020-12-24 12:30:00,2020,359,12:30:00,359.52,422.0,4598.0,3318.0,21.0,2.0,128.0,0.0,-2301.0,0.0,0.0,2984.0,2984.0,5460.0,4550.0,5329.0,287.0,5.0,5.0,181.0,181.0,5997734
BOURGOGNE FRANCHE COMTE,2016-03-17 06:00:00,2016,77,06:00:00,77.25,100.0,0.0,34.0,0.0,174.0,22.0,0.0,2599.0,0.0,0.0,329.0,329.0,0.0,0.0,414.0,264.0,513.0,513.0,30.0,30.0,2818338
HAUTS DE FRANCE,2016-04-14 18:00:00,2016,105,18:00:00,105.75,855.0,3471.0,440.0,27.0,3.0,117.0,0.0,678.0,0.0,0.0,2864.0,2864.0,5460.0,4680.0,2919.0,213.0,5.0,5.0,160.0,160.0,6006870
AUVERGNE RHONE ALPES,2016-02-11 01:00:00,2016,42,01:00:00,42.04,222.0,12423.0,45.0,0.0,4085.0,122.0,-897.0,-6825.0,0.0,0.0,952.0,952.0,13570.0,13042.0,384.0,896.0,11204.0,11048.0,170.0,170.0,7916889
CENTRE VAL DE LOIRE,2021-08-10 09:30:00,2021,222,09:30:00,222.4,12.0,7222.0,57.0,178.0,28.0,56.0,0.0,-5863.0,0.0,0.0,229.0,229.0,11630.0,10740.0,1360.0,581.0,92.0,92.0,89.0,89.0,2573303
AUVERGNE RHONE ALPES,2015-01-11 08:00:00,2015,11,08:00:00,11.33,198.0,12925.0,172.0,0.0,1704.0,104.0,-971.0,-7039.0,0.0,0.0,940.0,940.0,13570.0,13565.0,357.0,855.0,11166.0,10926.0,141.0,141.0,7877698
PAYS DE LA LOIRE,2016-11-08 18:00:00,2016,313,18:00:00,313.75,2216.0,0.0,100.0,0.0,0.0,47.0,0.0,1854.0,0.0,0.0,1896.0,1565.0,0.0,0.0,687.0,489.0,8.0,8.0,63.0,63.0,3737632
NORMANDIE,2021-08-28 00:00:00,2021,240,00:00:00,240.0,184.0,7451.0,130.0,0.0,9.0,68.0,0.0,-5192.0,0.0,0.0,852.0,852.0,10640.0,9602.0,878.0,297.0,31.0,31.0,147.0,147.0,3327966
PROVENCE ALPES COTE D AZUR,2015-12-08 00:00:00,2015,342,00:00:00,342.0,1140.0,0.0,2.0,0.0,555.0,91.0,0.0,3730.0,0.0,0.0,2612.0,2147.0,0.0,0.0,48.0,969.0,3178.0,3178.0,183.0,183.0,5007977
GRAND EST,2016-02-03 00:30:00,2016,34,00:30:00,34.02,263.0,12197.0,824.0,0.0,1088.0,112.0,-545.0,-8117.0,0.0,0.0,3424.0,3424.0,10820.0,10820.0,2575.0,525.0,2286.0,2084.0,119.0,119.0,5555186
CENTRE VAL DE LOIRE,2014-04-28 20:00:00,2014,118,20:00:00,118.83,0.0,9511.0,21.0,7.0,16.0,44.0,0.0,-7512.0,0.0,0.0,162.0,162.0,11630.0,11630.0,749.0,215.0,91.0,91.0,56.0,56.0,2577435
ILE DE FRANCE,2022-10-29 08:30:00,2022,302,08:30:00,302.35,0.0,0.0,63.0,0.0,9.0,144.0,0.0,5080.0,0.0,0.0,2171.0,2008.0,0.0,0.0,148.0,256.0,20.0,20.0,320.0,320.0,12354286
AUVERGNE RHONE ALPES,2013-02-12 03:00:00,2013,43,03:00:00,43.12,291.0,12577.0,57.0,0.0,2567.0,55.0,-1224.0,-4514.0,0.0,0.0,914.0,914.0,13570.0,13570.0,335.0,707.0,11115.0,11115.0,106.0,106.0,7757595
BRETAGNE,2022-10-28 15:30:00,2022,301,15:30:00,301.65,522.0,0.0,111.0,106.0,236.0,55.0,-1.0,1214.0,0.0,0.0,1432.0,1432.0,0.0,0.0,1220.0,405.0,272.0,272.0,83.0,83.0,3414637
CENTRE VAL DE LOIRE,2023-01-02 10:30:00,2023,2,10:30:00,2.44,90.0,10167.0,385.0,25.0,11.0,49.0,0.0,-8675.0,0.0,0.0,229.0,229.0,11630.0,10893.0,1599.0,807.0,93.0,93.0,91.0,91.0,2572278
NOUVELLE AQUITAINE,2016-12-03 11:30:00,2016,338,11:30:00,338.48,244.0,5149.0,221.0,777.0,152.0,185.0,0.0,14.0,0.0,0.0,450.0,450.0,6630.0,5135.0,676.0,1915.0,1779.0,1779.0,293.0,293.0,5935603
HAUTS DE FRANCE,2017-08-06 13:30:00,2017,218,13:30:00,218.56,252.0,2886.0,230.0,77.0,0.0,125.0,0.0,675.0,0.0,0.0,2910.0,2498.0,5460.0,4620.0,3557.0,215.0,5.0,5.0,165.0,165.0,6003815
PAYS DE LA LOIRE,2021-08-28 19:00:00,2021,240,19:00:00,240.79,0.0,0.0,235.0,125.0,0.0,58.0,0.0,1784.0,0.0,0.0,2056.0,2056.0,0.0,0.0,1115.0,767.0,10.0,10.0,79.0,79.0,3853999
PAYS DE LA LOIRE,2020-07-20 22:30:00,2020,202,22:30:00,202.94,397.0,0.0,381.0,0.0,0.0,57.0,0.0,1895.0,0.0,0.0,2050.0,1905.0,0.0,0.0,1000.0,644.0,10.0,10.0,77.0,77.0,3832120
NORMANDIE,2013-10-11 07:30:00,2013,284,07:30:00,284.31,782.0,7669.0,130.0,0.0,14.0,40.0,0.0,-5085.0,0.0,0.0,761.0,761.0,10640.0,10640.0,444.0,210.0,23.0,23.0,88.0,88.0,3328364
GRAND EST,2016-12-19 12:30:00,2016,354,12:30:00,354.52,2512.0,9435.0,838.0,74.0,456.0,112.0,0.0,-6327.0,0.0,0.0,3448.0,3448.0,10820.0,9743.0,2808.0,535.0,2296.0,2046.0,138.0,138.0,5555186
PROVENCE ALPES COTE D AZUR,2018-07-13 11:00:00,2018,194,11:00:00,194.46,76.0,0.0,0.0,721.0,1135.0,95.0,0.0,2910.0,0.0,0.0,2666.0,2267.0,0.0,0.0,48.0,1283.0,3233.0,3088.0,357.0,207.0,5052832
OCCITANIE,2018-04-17 10:00:00,2018,107,10:00:00,107.42,0.0,2599.0,116.0,774.0,2516.0,77.0,-1.0,-1651.0,0.0,0.0,291.0,291.0,2620.0,2620.0,1386.0,1883.0,5482.0,5277.0,146.0,146.0,5885496
HAUTS DE FRANCE,2022-12-19 05:30:00,2022,353,05:30:00,353.23,697.0,3427.0,3347.0,0.0,1.0,116.0,0.0,-1583.0,0.0,0.0,3003.0,2868.0,5460.0,4551.0,6051.0,462.0,6.0,6.0,198.0,198.0,5990765
PAYS DE LA LOIRE,2016-08-03 08:00:00,2016,216,08:00:00,216.33,4.0,0.0,152.0,15.0,1.0,39.0,0.0,2262.0,0.0,0.0,1880.0,1337.0,0.0,0.0,665.0,478.0,8.0,8.0,63.0,63.0,3737632
GRAND EST,2019-08-30 16:00:00,2019,242,16:00:00,242.67,1365.0,7989.0,12.0,469.0,1008.0,124.0,-504.0,-5378.0,0.0,0.0,3531.0,3531.0,10820.0,9609.0,3445.0,592.0,2303.0,2032.0,172.0,172.0,5556219
CENTRE VAL DE LOIRE,2014-12-21 15:30:00,2014,355,15:30:00,355.65,78.0,11312.0,204.0,6.0,10.0,53.0,0.0,-9256.0,0.0,0.0,162.0,162.0,11630.0,11485.0,801.0,223.0,91.0,91.0,71.0,71.0,2577435
NORMANDIE,2015-09-11 12:00:00,2015,254,12:00:00,254.5,290.0,7206.0,19.0,55.0,12.0,48.0,0.0,-4489.0,0.0,0.0,761.0,474.0,10640.0,9310.0,538.0,216.0,24.0,24.0,95.0,95.0,3339131
PROVENCE ALPES COTE D AZUR,2020-04-25 02:00:00,2020,116,02:00:00,116.08,83.0,0.0,1.0,0.0,631.0,113.0,0.0,2690.0,0.0,0.0,2710.0,2313.0,0.0,0.0,48.0,1457.0,3256.0,3256.0,357.0,207.0,5098666
NORMANDIE,2014-06-22 03:30:00,2014,173,03:30:00,173.15,195.0,7306.0,46.0,0.0,1.0,60.0,0.0,-5619.0,0.0,0.0,761.0,181.0,10640.0,9310.0,482.0,212.0,24.0,24.0,90.0,90.0,3335645
OCCITANIE,2016-05-15 19:30:00,2016,136,19:30:00,136.81,-3.0,1121.0,626.0,209.0,1393.0,84.0,-222.0,-135.0,0.0,0.0,266.0,266.0,2620.0,1310.0,1098.0,1574.0,5462.0,5235.0,137.0,137.0,5808435
GRAND EST,2017-02-24 23:00:00,2017,55,23:00:00,55.96,2408.0,8651.0,19.0,0.0,980.0,108.0,0.0,-5966.0,0.0,0.0,3453.0,2858.0,10820.0,9656.0,2864.0,535.0,2297.0,2083.0,140.0,140.0,5549586
HAUTS DE FRANCE,2019-08-25 11:30:00,2019,237,11:30:00,237.48,792.0,3498.0,19.0,91.0,0.0,120.0,0.0,-87.0,0.0,0.0,2969.0,2384.0,5460.0,4771.0,4531.0,238.0,5.0,5.0,178.0,178.0,6004947
GRAND EST,2021-07-07 00:30:00,2021,188,00:30:00,188.02,62.0,7120.0,1581.0,0.0,1317.0,136.0,-6.0,-5788.0,0.0,0.0,3585.0,3172.0,10820.0,9940.0,3913.0,899.0,2305.0,2103.0,208.0,208.0,5561287
NOUVELLE AQUITAINE,2019-09-06 22:00:00,2019,249,22:00:00,249.92,19.0,4171.0,97.0,0.0,95.0,200.0,0.0,-643.0,0.0,0.0,538.0,538.0,6630.0,5525.0,1017.0,2571.0,1782.0,1677.0,319.0,319.0,6010289
CENTRE VAL DE LOIRE,2019-03-30 03:00:00,2019,89,03:00:00,89.12,90.0,10434.0,238.0,0.0,4.0,54.0,0.0,-8920.0,0.0,0.0,228.0,228.0,11630.0,10674.0,1139.0,308.0,91.0,91.0,84.0,84.0,2573180
CENTRE VAL DE LOIRE,2013-10-10 03:00:00,2013,283,03:00:00,283.12,9.0,5426.0,177.0,0.0,0.0,40.0,0.0,-4157.0,0.0,0.0,162.0,162.0,11630.0,11630.0,731.0,212.0,91.0,91.0,56.0,56.0,2570548
NORMANDIE,2015-06-04 19:00:00,2015,155,19:00:00,155.79,269.0,6433.0,55.0,31.0,16.0,56.0,0.0,-3905.0,0.0,0.0,761.0,181.0,10640.0,9310.0,522.0,215.0,24.0,24.0,94.0,94.0,3339131
HAUTS DE FRANCE,2019-10-02 19:00:00,2019,275,19:00:00,275.79,1145.0,2687.0,944.0,5.0,0.0,115.0,0.0,860.0,0.0,0.0,2969.0,2593.0,5460.0,4550.0,4600.0,238.0,5.0,5.0,178.0,178.0,6004947
NORMANDIE,2015-09-28 23:30:00,2015,271,23:30:00,271.98,277.0,7195.0,172.0,0.0,9.0,55.0,0.0,-4694.0,0.0,0.0,761.0,474.0,10640.0,9310.0,538.0,216.0,24.0,24.0,95.0,95.0,3339131
PROVENCE ALPES COTE D AZUR,2018-12-30 08:30:00,2018,364,08:30:00,364.35,150.0,0.0,38.0,4.0,593.0,111.0,-51.0,4684.0,0.0,0.0,2673.0,2367.0,0.0,0.0,48.0,1320.0,3235.0,3111.0,357.0,207.0,5052832
BRETAGNE,2013-01-23 12:30:00,2013,23,12:30:00,23.52,61.0,0.0,61.0,34.0,67.0,15.0,-1.0,3675.0,0.0,0.0,658.0,658.0,0.0,0.0,716.0,201.0,11.0,11.0,36.0,36.0,3258707
HAUTS DE FRANCE,2020-02-28 02:30:00,2020,59,02:30:00,59.1,1374.0,3713.0,624.0,0.0,2.0,120.0,0.0,973.0,0.0,0.0,2970.0,2970.0,5460.0,4817.0,5025.0,241.0,5.0,5.0,180.0,180.0,5997734
BOURGOGNE FRANCHE COMTE,2018-09-15 19:00:00,2018,258,19:00:00,258.79,59.0,0.0,48.0,24.0,76.0,44.0,-1.0,1678.0,0.0,0.0,386.0,386.0,0.0,0.0,708.0,310.0,520.0,443.0,57.0,57.0,2807807
HAUTS DE FRANCE,2015-05-17 07:30:00,2015,137,07:30:00,137.31,347.0,2647.0,153.0,9.0,2.0,103.0,0.0,968.0,0.0,0.0,2301.0,1970.0,5460.0,4653.0,2728.0,213.0,5.0,5.0,159.0,159.0,6009976
AUVERGNE RHONE ALPES,2015-09-11 01:00:00,2015,254,01:00:00,254.04,42.0,8224.0,5.0,0.0,935.0,93.0,-1073.0,-2283.0,0.0,0.0,944.0,944.0,13570.0,12763.0,372.0,889.0,11183.0,10955.0,141.0,141.0,7877698
PAYS DE LA LOIRE,2013-08-20 06:30:00,2013,232,06:30:00,232.27,777.0,0.0,78.0,0.0,0.0,32.0,0.0,1371.0,0.0,0.0,1837.0,1837.0,0.0,0.0,490.0,394.0,5.0,5.0,58.0,58.0,3660852
BRETAGNE,2017-04-02 16:30:00,2017,92,16:30:00,92.69,1.0,0.0,25.0,86.0,217.0,43.0,-1.0,1325.0,0.0,0.0,848.0,848.0,0.0,0.0,887.0,234.0,275.0,275.0,61.0,61.0,3318904
GRAND EST,2022-06-22 14:30:00,2022,173,14:30:00,173.6,1273.0,2460.0,113.0,267.0,1058.0,143.0,0.0,-151.0,0.0,0.0,3590.0,3163.0,10820.0,9708.0,4290.0,1067.0,2308.0,2030.0,235.0,235.0,5563889
CENTRE VAL DE LOIRE,2019-05-18 17:30:00,2019,138,17:30:00,138.73,1.0,9520.0,82.0,45.0,1.0,63.0,0.0,-8072.0,0.0,0.0,229.0,229.0,11630.0,10750.0,1160.0,313.0,91.0,91.0,84.0,84.0,2573180
AUVERGNE RHONE ALPES,2019-01-02 16:00:00,2019,2,16:00:00,2.67,631.0,11163.0,207.0,132.0,2771.0,140.0,-323.0,-5285.0,0.0,0.0,1025.0,1025.0,13570.0,12445.0,607.0,1123.0,11274.0,11095.0,189.0,189.0,8042936
HAUTS DE FRANCE,2019-08-02 13:30:00,2019,214,13:30:00,214.56,597.0,3960.0,340.0,92.0,0.0,136.0,0.0,-144.0,0.0,0.0,2969.0,2727.0,5460.0,4686.0,4531.0,237.0,5.0,5.0,178.0,178.0,6004947
OCCITANIE,2017-03-19 11:30:00,2017,78,11:30:00,78.48,63.0,1299.0,496.0,936.0,1191.0,96.0,-857.0,488.0,0.0,0.0,282.0,282.0,2620.0,1310.0,1194.0,1701.0,5474.0,4906.0,140.0,140.0,5845102
ILE DE FRANCE,2014-04-17 23:30:00,2014,107,23:30:00,107.98,-6.0,0.0,2.0,0.0,10.0,145.0,0.0,7541.0,0.0,0.0,2122.0,2122.0,0.0,0.0,37.0,111.0,19.0,19.0,282.0,282.0,12027565
PROVENCE ALPES COTE D AZUR,2020-09-25 23:00:00,2020,269,23:00:00,269.96,698.0,0.0,29.0,0.0,373.0,70.0,0.0,2675.0,0.0,0.0,2710.0,2351.0,0.0,0.0,48.0,1512.0,3262.0,3185.0,357.0,207.0,5098666
CENTRE VAL DE LOIRE,2019-08-08 15:30:00,2019,220,15:30:00,220.65,14.0,6801.0,57.0,148.0,0.0,54.0,0.0,-5355.0,0.0,0.0,229.0,229.0,11630.0,10658.0,1168.0,325.0,91.0,91.0,85.0,85.0,2573180
OCCITANIE,2019-06-12 03:00:00,2019,163,03:00:00,163.12,0.0,1874.0,384.0,0.0,857.0,80.0,-666.0,475.0,0.0,0.0,307.0,307.0,2620.0,2620.0,1559.0,2054.0,5489.0,5312.0,146.0,146.0,5933185
BRETAGNE,2021-12-25 07:30:00,2021,359,07:30:00,359.31,211.0,0.0,200.0,0.0,3.0,55.0,-1.0,1834.0,0.0,0.0,1428.0,982.0,0.0,0.0,1149.0,353.0,272.0,272.0,82.0,82.0,3394567
ILE DE FRANCE,2016-09-03 00:30:00,2016,247,00:30:00,247.02,-4.0,0.0,6.0,0.0,6.0,123.0,0.0,5946.0,0.0,0.0,2149.0,1647.0,0.0,0.0,61.0,115.0,19.0,19.0,300.0,300.0,12117132
AUVERGNE RHONE ALPES,2015-03-07 22:30:00,2015,66,22:30:00,66.94,248.0,10724.0,112.0,0.0,3884.0,107.0,-4.0,-6666.0,0.0,0.0,944.0,944.0,13570.0,12657.0,372.0,860.0,11180.0,10733.0,141.0,141.0,7877698
PAYS DE LA LOIRE,2015-06-09 11:30:00,2015,160,11:30:00,160.48,3.0,0.0,390.0,228.0,1.0,37.0,0.0,2360.0,0.0,0.0,1867.0,1274.0,0.0,0.0,560.0,451.0,7.0,7.0,61.0,61.0,3718512
NOUVELLE AQUITAINE,2017-11-29 06:30:00,2017,333,06:30:00,333.27,220.0,6554.0,18.0,-1.0,124.0,164.0,0.0,-641.0,0.0,0.0,478.0,478.0,6630.0,6630.0,882.0,2199.0,1780.0,1780.0,307.0,307.0,5956978
PROVENCE ALPES COTE D AZUR,2017-10-31 02:30:00,2017,304,02:30:00,304.1,1616.0,0.0,14.0,0.0,184.0,106.0,-51.0,2263.0,0.0,0.0,2638.0,2260.0,0.0,0.0,48.0,1179.0,3224.0,3100.0,357.0,357.0,5030890
BOURGOGNE FRANCHE COMTE,2014-08-27 05:00:00,2014,239,05:00:00,239.21,15.0,0.0,36.0,0.0,59.0,21.0,0.0,1477.0,0.0,0.0,313.0,68.0,0.0,0.0,254.0,251.0,508.0,508.0,28.0,28.0,2820623
AUVERGNE RHONE ALPES,2020-04-04 10:00:00,2020,95,10:00:00,95.42,18.0,8809.0,41.0,443.0,2128.0,103.0,-167.0,-4885.0,0.0,0.0,1034.0,1034.0,13570.0,12643.0,647.0,1255.0,11746.0,11594.0,192.0,192.0,8078652
BRETAGNE,2017-08-03 06:30:00,2017,215,06:30:00,215.27,1.0,0.0,236.0,0.0,0.0,48.0,-45.0,1485.0,0.0,0.0,848.0,848.0,0.0,0.0,916.0,239.0,270.0,270.0,66.0,66.0,3318904
HAUTS DE FRANCE,2015-08-04 18:00:00,2015,216,18:00:00,216.75,229.0,3378.0,726.0,50.0,0.0,95.0,0.0,38.0,0.0,0.0,2301.0,1970.0,5460.0,4550.0,2759.0,213.0,5.0,5.0,160.0,160.0,6009976
ILE DE FRANCE,2018-05-28 19:00:00,2018,148,19:00:00,148.79,-2.0,0.0,16.0,3.0,8.0,130.0,0.0,7856.0,0.0,0.0,2157.0,2109.0,0.0,0.0,88.0,122.0,20.0,20.0,306.0,306.0,12213447
GRAND EST,2015-07-17 14:00:00,2015,198,14:00:00,198.58,585.0,11225.0,273.0,293.0,762.0,56.0,0.0,-7785.0,0.0,0.0,3420.0,3199.0,10820.0,10085.0,2418.0,525.0,2284.0,2284.0,119.0,119.0,5559051
ILE DE FRANCE,2021-09-08 12:30:00,2021,251,12:30:00,251.52,0.0,0.0,1.0,105.0,6.0,174.0,0.0,7659.0,0.0,0.0,2171.0,2171.0,0.0,0.0,148.0,175.0,20.0,20.0,314.0,314.0,12317279
BOURGOGNE FRANCHE COMTE,2019-05-24 06:00:00,2019,144,06:00:00,144.25,24.0,0.0,49.0,0.0,42.0,27.0,0.0,1794.0,0.0,0.0,401.0,401.0,0.0,0.0,831.0,335.0,520.0,520.0,67.0,67.0,2805580
BRETAGNE,2020-10-14 14:30:00,2020,288,14:30:00,288.6,1.0,0.0,152.0,112.0,21.0,49.0,-1.0,2479.0,0.0,0.0,978.0,844.0,0.0,0.0,1039.0,290.0,272.0,272.0,81.0,81.0,3373835
HAUTS DE FRANCE,2017-09-07 08:00:00,2017,250,08:00:00,250.33,1241.0,4422.0,299.0,1.0,0.0,119.0,0.0,-521.0,0.0,0.0,2910.0,2335.0,5460.0,4550.0,3569.0,215.0,5.0,5.0,165.0,165.0,6003815
NORMANDIE,2017-10-03 01:00:00,2017,276,01:00:00,276.04,711.0,5133.0,140.0,0.0,15.0,53.0,0.0,-3352.0,0.0,0.0,785.0,785.0,10640.0,9310.0,701.0,223.0,31.0,31.0,99.0,99.0,3330478
NORMANDIE,2021-05-14 08:30:00,2021,134,08:30:00,134.35,207.0,7686.0,126.0,15.0,11.0,91.0,0.0,-5232.0,0.0,0.0,852.0,852.0,10640.0,10040.0,872.0,281.0,31.0,31.0,147.0,147.0,3327966
PROVENCE ALPES COTE D AZUR,2015-03-22 08:00:00,2015,81,08:00:00,81.33,277.0,0.0,13.0,27.0,720.0,75.0,-2.0,3366.0,0.0,0.0,2605.0,2202.0,0.0,0.0,45.0,906.0,3168.0,3168.0,183.0,183.0,5007977
ILE DE FRANCE,2019-10-22 17:00:00,2019,295,17:00:00,295.71,273.0,0.0,8.0,14.0,8.0,128.0,0.0,8119.0,0.0,0.0,2170.0,2049.0,0.0,0.0,108.0,143.0,20.0,20.0,314.0,314.0,12262544
ILE DE FRANCE,2021-06-04 16:00:00,2021,155,16:00:00,155.67,0.0,0.0,15.0,45.0,10.0,124.0,0.0,6855.0,0.0,0.0,2171.0,2171.0,0.0,0.0,125.0,173.0,20.0,20.0,314.0,314.0,12317279
AUVERGNE RHONE ALPES,2014-09-27 22:00:00,2014,270,22:00:00,270.92,55.0,10429.0,80.0,0.0,1445.0,81.0,-22.0,-6232.0,0.0,0.0,938.0,938.0,13570.0,12655.0,347.0,831.0,11153.0,11001.0,141.0,141.0,7820966
HAUTS DE FRANCE,2015-04-29 18:00:00,2015,119,18:00:00,119.75,345.0,2687.0,734.0,30.0,2.0,101.0,0.0,1909.0,0.0,0.0,2301.0,1970.0,5460.0,4550.0,2725.0,213.0,5.0,5.0,159.0,159.0,6009976
NOUVELLE AQUITAINE,2019-11-16 02:00:00,2019,320,02:00:00,320.08,204.0,5822.0,178.0,-1.0,426.0,177.0,0.0,-932.0,0.0,0.0,562.0,562.0,6630.0,5720.0,1029.0,2608.0,1783.0,1678.0,340.0,340.0,6010289
PROVENCE ALPES COTE D AZUR,2021-05-22 06:30:00,2021,142,06:30:00,142.27,26.0,0.0,0.0,4.0,1818.0,62.0,0.0,1408.0,0.0,0.0,2715.0,2341.0,0.0,0.0,96.0,1596.0,3266.0,3235.0,357.0,357.0,5127840
GRAND EST,2014-09-06 03:00:00,2014,249,03:00:00,249.12,48.0,10542.0,14.0,0.0,1122.0,51.0,-534.0,-7364.0,0.0,0.0,3398.0,3198.0,10820.0,10820.0,2115.0,516.0,2283.0,2283.0,100.0,100.0,5554645
NORMANDIE,2018-03-08 18:00:00,2018,67,18:00:00,67.75,462.0,7822.0,179.0,6.0,16.0,55.0,0.0,-4658.0,0.0,0.0,813.0,307.0,10640.0,9310.0,712.0,234.0,31.0,31.0,103.0,103.0,3327477
OCCITANIE,2017-01-08 13:30:00,2017,8,13:30:00,8.56,72.0,2592.0,737.0,353.0,919.0,92.0,-36.0,1917.0,0.0,0.0,278.0,278.0,2620.0,2620.0,1194.0,1683.0,5464.0,5237.0,140.0,140.0,5845102
PAYS DE LA LOIRE,2013-08-30 14:30:00,2013,242,14:30:00,242.6,1078.0,0.0,5.0,173.0,0.0,29.0,0.0,1669.0,0.0,0.0,1837.0,1152.0,0.0,0.0,490.0,395.0,5.0,5.0,58.0,58.0,3660852
OCCITANIE,2017-12-29 18:30:00,2017,363,18:30:00,363.77,73.0,2514.0,814.0,0.0,2038.0,94.0,0.0,1089.0,0.0,0.0,291.0,291.0,2620.0,2620.0,1365.0,1808.0,5481.0,5481.0,145.0,145.0,5845102
CENTRE VAL DE LOIRE,2018-06-30 16:00:00,2018,181,16:00:00,181.67,0.0,7578.0,67.0,157.0,0.0,51.0,0.0,-6070.0,0.0,0.0,216.0,216.0,11630.0,10726.0,1036.0,290.0,91.0,91.0,76.0,76.0,2572853
AUVERGNE RHONE ALPES,2017-11-13 18:30:00,2017,317,18:30:00,317.77,607.0,5618.0,331.0,0.0,5166.0,125.0,-6.0,-1615.0,0.0,0.0,1000.0,1000.0,13570.0,12618.0,548.0,976.0,11246.0,11057.0,178.0,178.0,7948287
PROVENCE ALPES COTE D AZUR,2013-08-25 16:00:00,2013,237,16:00:00,237.67,187.0,0.0,17.0,268.0,792.0,67.0,-50.0,2445.0,0.0,0.0,2590.0,2316.0,0.0,0.0,45.0,722.0,3158.0,3158.0,151.0,151.0,4953675
GRAND EST,2015-12-17 13:00:00,2015,351,13:00:00,351.54,2266.0,12269.0,362.0,154.0,640.0,79.0,0.0,-9778.0,0.0,0.0,3424.0,3203.0,10820.0,10820.0,2548.0,525.0,2285.0,2083.0,119.0,119.0,5559051
NORMANDIE,2014-07-04 01:30:00,2014,185,01:30:00,185.06,227.0,7207.0,8.0,0.0,13.0,57.0,0.0,-4961.0,0.0,0.0,761.0,181.0,10640.0,10640.0,489.0,212.0,24.0,24.0,90.0,90.0,3335645
AUVERGNE RHONE ALPES,2019-08-28 15:30:00,2019,240,15:30:00,240.65,365.0,10271.0,13.0,493.0,2416.0,114.0,-19.0,-6181.0,0.0,0.0,1027.0,1027.0,13570.0,12703.0,635.0,1179.0,11631.0,11410.0,190.0,190.0,8042936
PROVENCE ALPES COTE D AZUR,2014-09-10 12:30:00,2014,253,12:30:00,253.52,132.0,0.0,15.0,497.0,762.0,38.0,0.0,3485.0,0.0,0.0,2592.0,2268.0,0.0,0.0,45.0,872.0,3168.0,3168.0,170.0,170.0,4983438
ILE DE FRANCE,2014-07-04 22:30:00,2014,185,22:30:00,185.94,-2.0,0.0,6.0,0.0,3.0,125.0,0.0,6716.0,0.0,0.0,2122.0,2122.0,0.0,0.0,37.0,111.0,19.0,19.0,282.0,282.0,12027565
CENTRE VAL DE LOIRE,2017-04-24 20:00:00,2017,114,20:00:00,114.83,0.0,10517.0,42.0,10.0,1.0,50.0,0.0,-8542.0,0.0,0.0,198.0,198.0,11630.0,10735.0,947.0,266.0,91.0,91.0,76.0,76.0,2576252
NOUVELLE AQUITAINE,2018-01-27 06:30:00,2018,27,06:30:00,27.27,244.0,6533.0,77.0,-1.0,885.0,176.0,0.0,-2137.0,0.0,0.0,482.0,482.0,6630.0,6630.0,882.0,2246.0,1781.0,1781.0,307.0,307.0,5979778
ILE DE FRANCE,2019-03-08 12:30:00,2019,67,12:30:00,67.52,296.0,0.0,18.0,42.0,11.0,135.0,0.0,9294.0,0.0,0.0,2169.0,2093.0,0.0,0.0,88.0,125.0,20.0,20.0,306.0,306.0,12262544
GRAND EST,2020-12-25 02:00:00,2020,360,02:00:00,360.08,299.0,8268.0,1215.0,0.0,1082.0,123.0,-343.0,-5906.0,0.0,0.0,3585.0,3172.0,10820.0,9663.0,3849.0,691.0,2305.0,2103.0,193.0,193.0,5562651
NORMANDIE,2016-06-27 01:00:00,2016,179,01:00:00,179.04,223.0,6246.0,90.0,0.0,6.0,42.0,0.0,-4151.0,0.0,0.0,773.0,193.0,10640.0,9310.0,587.0,218.0,31.0,31.0,95.0,95.0,3335929
PROVENCE ALPES COTE D AZUR,2022-06-03 23:30:00,2022,154,23:30:00,154.98,569.0,0.0,51.0,0.0,1266.0,210.0,0.0,2338.0,0.0,0.0,2724.0,2340.0,0.0,0.0,96.0,1833.0,3266.0,3230.0,357.0,357.0,5150362
ILE DE FRANCE,2018-12-17 01:30:00,2018,351,01:30:00,351.06,429.0,0.0,22.0,0.0,10.0,150.0,0.0,8416.0,0.0,0.0,2169.0,2169.0,0.0,0.0,88.0,124.0,20.0,20.0,306.0,306.0,12213447
GRAND EST,2015-06-07 01:00:00,2015,158,01:00:00,158.04,37.0,7079.0,818.0,0.0,1109.0,55.0,0.0,-5252.0,0.0,0.0,3420.0,3132.0,10820.0,9622.0,2386.0,524.0,2284.0,2284.0,115.0,115.0,5559051
OCCITANIE,2016-09-17 13:30:00,2016,261,13:30:00,261.56,1.0,2449.0,540.0,757.0,489.0,86.0,-2.0,-615.0,0.0,0.0,266.0,266.0,2620.0,2620.0,1142.0,1627.0,5463.0,5093.0,139.0,139.0,5808435
PROVENCE ALPES COTE D AZUR,2019-01-11 00:00:00,2019,11,00:00:00,11.0,1737.0,0.0,34.0,0.0,1190.0,90.0,0.0,3711.0,0.0,0.0,2673.0,2296.0,0.0,0.0,48.0,1325.0,3235.0,3111.0,357.0,207.0,5081101
GRAND EST,2018-08-29 12:30:00,2018,241,12:30:00,241.52,1170.0,4240.0,567.0,374.0,444.0,100.0,0.0,-1506.0,0.0,0.0,3471.0,2967.0,10820.0,9551.0,3155.0,557.0,2300.0,1953.0,158.0,158.0,5550389
GRAND EST,2014-08-27 03:00:00,2014,239,03:00:00,239.12,35.0,9373.0,277.0,0.0,1051.0,55.0,-530.0,-6314.0,0.0,0.0,3398.0,3198.0,10820.0,10820.0,2112.0,516.0,2283.0,2283.0,98.0,98.0,5554645
NORMANDIE,2019-11-11 22:30:00,2019,315,22:30:00,315.94,335.0,3586.0,362.0,0.0,20.0,60.0,0.0,-663.0,0.0,0.0,833.0,833.0,10640.0,9393.0,806.0,260.0,31.0,31.0,108.0,108.0,3325032
AUVERGNE RHONE ALPES,2014-06-15 10:00:00,2014,166,10:00:00,166.42,34.0,7161.0,150.0,221.0,2018.0,48.0,-854.0,-3337.0,0.0,0.0,938.0,938.0,13570.0,13570.0,347.0,817.0,11141.0,10989.0,140.0,140.0,7820966
BOURGOGNE FRANCHE COMTE,2015-12-27 18:00:00,2015,361,18:00:00,361.75,102.0,0.0,78.0,0.0,101.0,21.0,0.0,2198.0,0.0,0.0,329.0,84.0,0.0,0.0,414.0,262.0,513.0,373.0,29.0,29.0,2820940
PROVENCE ALPES COTE D AZUR,2022-07-21 00:00:00,2022,202,00:00:00,202.0,791.0,0.0,5.0,0.0,708.0,86.0,0.0,3215.0,0.0,0.0,2724.0,2489.0,0.0,0.0,96.0,1856.0,3267.0,3182.0,357.0,357.0,5150362
NOUVELLE AQUITAINE,2022-06-12 21:00:00,2022,163,21:00:00,163.88,33.0,2577.0,409.0,116.0,147.0,187.0,0.0,378.0,0.0,0.0,579.0,579.0,6630.0,5511.0,1489.0,3658.0,1785.0,1673.0,356.0,356.0,6098051
PROVENCE ALPES COTE D AZUR,2021-10-05 04:30:00,2021,278,04:30:00,278.19,238.0,0.0,27.0,0.0,1003.0,62.0,-51.0,1755.0,0.0,0.0,2715.0,2452.0,0.0,0.0,96.0,1663.0,3266.0,3222.0,357.0,357.0,5127840
CENTRE VAL DE LOIRE,2015-03-12 17:30:00,2015,71,17:30:00,71.73,74.0,11317.0,193.0,28.0,33.0,52.0,0.0,-9616.0,0.0,0.0,166.0,166.0,11630.0,11370.0,818.0,227.0,91.0,91.0,71.0,71.0,2578592
NOUVELLE AQUITAINE,2016-11-25 12:00:00,2016,330,12:00:00,330.5,178.0,5158.0,40.0,310.0,539.0,178.0,0.0,-295.0,0.0,0.0,441.0,441.0,6630.0,5135.0,676.0,1914.0,1779.0,1779.0,293.0,293.0,5935603
GRAND EST,2013-09-09 13:00:00,2013,252,13:00:00,252.54,1659.0,8469.0,352.0,189.0,807.0,42.0,0.0,-6183.0,0.0,0.0,3398.0,3398.0,10820.0,10820.0,1943.0,506.0,2280.0,2280.0,93.0,93.0,5552388
HAUTS DE FRANCE,2016-12-22 18:00:00,2016,357,18:00:00,357.75,2044.0,2600.0,83.0,0.0,1.0,95.0,0.0,2454.0,0.0,0.0,2882.0,2882.0,5460.0,4550.0,3292.0,214.0,5.0,5.0,164.0,164.0,6006870
OCCITANIE,2016-04-08 14:30:00,2016,99,14:30:00,99.6,-2.0,2449.0,769.0,702.0,2261.0,61.0,-6.0,-1427.0,0.0,0.0,266.0,266.0,2620.0,2443.0,1098.0,1551.0,5462.0,4894.0,137.0,137.0,5808435
NORMANDIE,2019-03-22 02:00:00,2019,81,02:00:00,81.08,407.0,7729.0,40.0,0.0,12.0,56.0,0.0,-4821.0,0.0,0.0,833.0,833.0,10640.0,9310.0,801.0,254.0,31.0,31.0,105.0,105.0,3325032
OCCITANIE,2019-02-21 20:30:00,2019,52,20:30:00,52.85,85.0,1284.0,57.0,0.0,2435.0,98.0,0.0,1601.0,0.0,0.0,307.0,307.0,2620.0,1310.0,1499.0,2004.0,5485.0,5308.0,146.0,146.0,5933185
NOUVELLE AQUITAINE,2020-04-25 15:00:00,2020,116,15:00:00,116.62,22.0,4637.0,61.0,1087.0,355.0,188.0,0.0,-2740.0,0.0,0.0,571.0,571.0,6630.0,5369.0,1089.0,2645.0,1783.0,1678.0,341.0,341.0,6033952
NOUVELLE AQUITAINE,2020-12-29 08:00:00,2020,364,08:00:00,364.33,150.0,5669.0,385.0,0.0,782.0,161.0,0.0,-761.0,0.0,0.0,576.0,576.0,6630.0,5622.0,1196.0,2826.0,1783.0,1783.0,347.0,347.0,6033952
ILE DE FRANCE,2021-05-08 18:00:00,2021,128,18:00:00,128.75,153.0,0.0,39.0,44.0,9.0,147.0,0.0,5786.0,0.0,0.0,2171.0,2171.0,0.0,0.0,125.0,172.0,20.0,20.0,314.0,314.0,12317279
BRETAGNE,2014-06-07 13:00:00,2014,158,13:00:00,158.54,0.0,0.0,105.0,98.0,6.0,29.0,-1.0,1893.0,0.0,0.0,688.0,688.0,0.0,0.0,763.0,211.0,272.0,272.0,51.0,51.0,3276543
BOURGOGNE FRANCHE COMTE,2014-11-02 00:30:00,2014,306,00:30:00,306.02,117.0,0.0,57.0,0.0,23.0,21.0,0.0,1674.0,0.0,0.0,325.0,80.0,0.0,0.0,316.0,252.0,509.0,509.0,28.0,28.0,2820623
NORMANDIE,2014-12-21 00:30:00,2014,355,00:30:00,355.02,352.0,9016.0,67.0,0.0,9.0,64.0,0.0,-5883.0,0.0,0.0,761.0,181.0,10640.0,9310.0,496.0,214.0,24.0,24.0,91.0,91.0,3335645
BOURGOGNE FRANCHE COMTE,2021-05-20 10:00:00,2021,140,10:00:00,140.42,22.0,0.0,3.0,163.0,209.0,44.0,0.0,2190.0,0.0,0.0,401.0,401.0,0.0,0.0,955.0,425.0,523.0,523.0,71.0,71.0,2800194
OCCITANIE,2014-10-12 21:00:00,2014,285,21:00:00,285.88,-3.0,1259.0,314.0,0.0,1423.0,64.0,-23.0,288.0,0.0,0.0,251.0,251.0,2620.0,2620.0,943.0,1307.0,5415.0,5415.0,132.0,132.0,5730753
HAUTS DE FRANCE,2016-04-20 13:00:00,2016,111,13:00:00,111.54,795.0,3562.0,849.0,102.0,3.0,101.0,0.0,978.0,0.0,0.0,2864.0,2864.0,5460.0,4550.0,2919.0,213.0,5.0,5.0,160.0,160.0,6006870
AUVERGNE RHONE ALPES,2015-10-13 18:30:00,2015,286,18:30:00,286.77,449.0,9358.0,107.0,14.0,3875.0,71.0,-4.0,-5542.0,0.0,0.0,944.0,944.0,13570.0,12559.0,372.0,890.0,11186.0,10961.0,141.0,141.0,7877698
AUVERGNE RHONE ALPES,2020-02-07 05:30:00,2020,38,05:30:00,38.23,591.0,11324.0,196.0,0.0,3395.0,140.0,-383.0,-5784.0,0.0,0.0,1032.0,1032.0,13570.0,12800.0,647.0,1239.0,11741.0,11578.0,191.0,191.0,8078652
ILE DE FRANCE,2020-10-06 20:30:00,2020,280,20:30:00,280.85,0.0,0.0,74.0,0.0,4.0,97.0,0.0,8691.0,0.0,0.0,2170.0,2045.0,0.0,0.0,125.0,168.0,20.0,20.0,314.0,314.0,12271794
NOUVELLE AQUITAINE,2018-10-09 20:00:00,2018,282,20:00:00,282.83,58.0,4205.0,199.0,0.0,360.0,149.0,0.0,-225.0,0.0,0.0,485.0,485.0,6630.0,5428.0,947.0,2401.0,1781.0,1781.0,318.0,318.0,5979778
OCCITANIE,2021-12-09 04:30:00,2021,343,04:30:00,343.19,84.0,1241.0,643.0,0.0,1238.0,82.0,-877.0,2881.0,0.0,0.0,326.0,326.0,2620.0,2620.0,1593.0,2768.0,5500.0,5465.0,173.0,173.0,6022176
PROVENCE ALPES COTE D AZUR,2014-11-08 01:30:00,2014,312,01:30:00,312.06,176.0,0.0,3.0,0.0,970.0,80.0,-51.0,3365.0,0.0,0.0,2595.0,2321.0,0.0,0.0,45.0,877.0,3168.0,3168.0,170.0,170.0,4983438
PAYS DE LA LOIRE,2019-01-08 11:00:00,2019,8,11:00:00,8.46,626.0,0.0,283.0,24.0,4.0,41.0,0.0,3550.0,0.0,0.0,2025.0,1743.0,0.0,0.0,876.0,560.0,8.0,8.0,70.0,70.0,3806461
PAYS DE LA LOIRE,2020-07-18 19:00:00,2020,200,19:00:00,200.79,410.0,0.0,29.0,180.0,0.0,55.0,0.0,1638.0,0.0,0.0,2050.0,1905.0,0.0,0.0,1000.0,644.0,10.0,10.0,77.0,77.0,3832120
BRETAGNE,2021-07-23 08:00:00,2021,204,08:00:00,204.33,2.0,0.0,342.0,15.0,7.0,50.0,-53.0,1786.0,0.0,0.0,1428.0,1428.0,0.0,0.0,1106.0,329.0,272.0,272.0,82.0,82.0,3394567
HAUTS DE FRANCE,2023-01-30 17:30:00,2023,30,17:30:00,30.73,1789.0,4143.0,758.0,5.0,2.0,122.0,0.0,-170.0,0.0,0.0,3003.0,2871.0,5460.0,4633.0,6095.0,463.0,6.0,6.0,198.0,198.0,5980697
PAYS DE LA LOIRE,2019-05-28 09:30:00,2019,148,09:30:00,148.4,390.0,0.0,225.0,131.0,2.0,54.0,0.0,2298.0,0.0,0.0,2037.0,1638.0,0.0,0.0,909.0,582.0,8.0,8.0,71.0,71.0,3806461
NOUVELLE AQUITAINE,2022-09-16 18:30:00,2022,259,18:30:00,259.77,78.0,1751.0,313.0,829.0,76.0,172.0,0.0,976.0,0.0,0.0,579.0,579.0,6630.0,5659.0,1592.0,3774.0,1786.0,1675.0,356.0,356.0,6098051
BRETAGNE,2018-03-27 14:30:00,2018,86,14:30:00,86.6,306.0,0.0,601.0,68.0,12.0,40.0,-1.0,2074.0,0.0,0.0,904.0,904.0,0.0,0.0,951.0,252.0,270.0,270.0,68.0,68.0,3335414
BRETAGNE,2016-03-18 03:30:00,2016,78,03:30:00,78.15,155.0,0.0,145.0,0.0,12.0,33.0,-40.0,2486.0,0.0,0.0,771.0,771.0,0.0,0.0,829.0,225.0,275.0,275.0,56.0,56.0,3306529
BOURGOGNE FRANCHE COMTE,2018-08-19 18:30:00,2018,231,18:30:00,231.77,24.0,0.0,31.0,72.0,7.0,25.0,-1.0,1507.0,0.0,0.0,386.0,386.0,0.0,0.0,708.0,309.0,520.0,443.0,37.0,37.0,2807807
BOURGOGNE FRANCHE COMTE,2014-07-24 16:30:00,2014,205,16:30:00,205.69,15.0,0.0,23.0,86.0,142.0,18.0,0.0,2001.0,0.0,0.0,313.0,68.0,0.0,0.0,254.0,251.0,508.0,508.0,26.0,26.0,2820623
ILE DE FRANCE,2017-11-19 10:00:00,2017,323,10:00:00,323.42,531.0,0.0,1.0,15.0,7.0,170.0,0.0,7795.0,0.0,0.0,2151.0,2006.0,0.0,0.0,88.0,119.0,19.0,19.0,306.0,306.0,12174880
CENTRE VAL DE LOIRE,2017-03-15 08:00:00,2017,74,08:00:00,74.33,99.0,10968.0,47.0,4.0,44.0,43.0,0.0,-8681.0,0.0,0.0,198.0,198.0,11630.0,11260.0,937.0,265.0,91.0,91.0,76.0,76.0,2576252
CENTRE VAL DE LOIRE,2019-02-19 19:00:00,2019,50,19:00:00,50.79,97.0,11550.0,2.0,0.0,17.0,58.0,0.0,-8900.0,0.0,0.0,228.0,228.0,11630.0,11630.0,1112.0,306.0,91.0,91.0,84.0,84.0,2573180
ILE DE FRANCE,2016-02-17 11:00:00,2016,48,11:00:00,48.46,497.0,0.0,0.0,15.0,0.0,145.0,0.0,12734.0,0.0,0.0,2149.0,1659.0,0.0,0.0,61.0,114.0,19.0,19.0,300.0,300.0,12117132
NORMANDIE,2017-08-20 00:00:00,2017,232,00:00:00,232.0,218.0,4415.0,132.0,0.0,11.0,54.0,0.0,-2228.0,0.0,0.0,785.0,205.0,10640.0,9583.0,637.0,223.0,31.0,31.0,99.0,99.0,3330478
NOUVELLE AQUITAINE,2022-12-03 15:00:00,2022,337,15:00:00,337.62,186.0,2805.0,284.0,489.0,568.0,157.0,0.0,1480.0,0.0,0.0,581.0,581.0,6630.0,5677.0,1602.0,3911.0,1786.0,1786.0,356.0,356.0,6098051
HAUTS DE FRANCE,2015-04-26 07:00:00,2015,116,07:00:00,116.29,367.0,3344.0,119.0,0.0,2.0,109.0,0.0,215.0,0.0,0.0,2301.0,1970.0,5460.0,4723.0,2713.0,213.0,5.0,5.0,159.0,159.0,6009976
BOURGOGNE FRANCHE COMTE,2021-01-10 14:30:00,2021,10,14:30:00,10.6,138.0,0.0,483.0,136.0,65.0,46.0,0.0,2114.0,0.0,0.0,401.0,401.0,0.0,0.0,928.0,397.0,523.0,523.0,71.0,71.0,2800194
NOUVELLE AQUITAINE,2022-01-18 11:30:00,2022,18,11:30:00,18.48,351.0,3759.0,445.0,635.0,1435.0,178.0,0.0,1528.0,0.0,0.0,578.0,578.0,6630.0,5135.0,1368.0,3466.0,1784.0,1666.0,356.0,356.0,6098051
BOURGOGNE FRANCHE COMTE,2016-08-01 11:30:00,2016,214,11:30:00,214.48,27.0,0.0,2.0,104.0,36.0,23.0,0.0,1944.0,0.0,0.0,329.0,329.0,0.0,0.0,446.0,264.0,513.0,513.0,30.0,30.0,2818338
CENTRE VAL DE LOIRE,2020-04-24 05:30:00,2020,115,05:30:00,115.23,0.0,8707.0,172.0,0.0,3.0,61.0,0.0,-7459.0,0.0,0.0,229.0,229.0,11630.0,10753.0,1247.0,363.0,92.0,92.0,86.0,86.0,2574863
PAYS DE LA LOIRE,2021-02-24 00:00:00,2021,55,00:00:00,55.0,175.0,0.0,521.0,0.0,7.0,47.0,0.0,2625.0,0.0,0.0,2055.0,2055.0,0.0,0.0,1046.0,698.0,10.0,10.0,78.0,78.0,3853999
AUVERGNE RHONE ALPES,2016-12-30 06:00:00,2016,365,06:00:00,365.25,619.0,9689.0,36.0,0.0,1509.0,119.0,-407.0,-2257.0,0.0,0.0,984.0,984.0,13570.0,12726.0,425.0,936.0,11233.0,10965.0,177.0,177.0,7916889
PAYS DE LA LOIRE,2021-07-24 22:00:00,2021,205,22:00:00,205.92,0.0,0.0,228.0,0.0,1.0,63.0,0.0,1713.0,0.0,0.0,2056.0,2056.0,0.0,0.0,1105.0,753.0,10.0,10.0,78.0,78.0,3853999
PAYS DE LA LOIRE,2016-03-19 10:30:00,2016,79,10:30:00,79.44,700.0,0.0,237.0,113.0,4.0,37.0,0.0,2629.0,0.0,0.0,1880.0,1300.0,0.0,0.0,641.0,459.0,8.0,8.0,61.0,61.0,3737632
BRETAGNE,2018-11-15 03:30:00,2018,319,03:30:00,319.15,186.0,0.0,62.0,0.0,33.0,40.0,-1.0,1957.0,0.0,0.0,946.0,836.0,0.0,0.0,988.0,256.0,270.0,270.0,70.0,70.0,3335414
BOURGOGNE FRANCHE COMTE,2019-07-27 10:30:00,2019,208,10:30:00,208.44,24.0,0.0,67.0,54.0,113.0,27.0,0.0,1751.0,0.0,0.0,401.0,401.0,0.0,0.0,831.0,338.0,521.0,521.0,67.0,67.0,2805580
AUVERGNE RHONE ALPES,2016-05-28 19:30:00,2016,149,19:30:00,149.81,45.0,8599.0,119.0,44.0,4468.0,81.0,-6.0,-7300.0,0.0,0.0,959.0,558.0,13570.0,12659.0,384.0,917.0,11211.0,11011.0,170.0,170.0,7916889
GRAND EST,2020-05-22 19:30:00,2020,143,19:30:00,143.81,723.0,5536.0,917.0,50.0,1007.0,117.0,0.0,-4276.0,0.0,0.0,3535.0,3070.0,10820.0,9582.0,3606.0,621.0,2303.0,1932.0,183.0,183.0,5562651
BOURGOGNE FRANCHE COMTE,2020-12-12 22:30:00,2020,347,22:30:00,347.94,128.0,0.0,387.0,0.0,83.0,47.0,0.0,1878.0,0.0,0.0,401.0,401.0,0.0,0.0,897.0,395.0,523.0,523.0,71.0,71.0,2801695
HAUTS DE FRANCE,2013-06-17 01:30:00,2013,168,01:30:00,168.06,271.0,3493.0,409.0,0.0,1.0,64.0,0.0,439.0,0.0,0.0,2268.0,2268.0,5460.0,5460.0,2126.0,210.0,5.0,5.0,139.0,139.0,5987883
CENTRE VAL DE LOIRE,2022-06-23 23:30:00,2022,174,23:30:00,174.98,25.0,6707.0,376.0,0.0,10.0,48.0,0.0,-5444.0,0.0,0.0,229.0,229.0,11630.0,10692.0,1455.0,738.0,92.0,92.0,90.0,90.0,2572916
BOURGOGNE FRANCHE COMTE,2020-12-29 03:30:00,2020,364,03:30:00,364.15,130.0,0.0,639.0,0.0,95.0,42.0,0.0,1546.0,0.0,0.0,401.0,401.0,0.0,0.0,906.0,396.0,523.0,523.0,71.0,71.0,2801695
PAYS DE LA LOIRE,2016-05-29 03:00:00,2016,150,03:00:00,150.12,14.0,0.0,24.0,0.0,3.0,32.0,0.0,1722.0,0.0,0.0,1880.0,1337.0,0.0,0.0,649.0,466.0,8.0,8.0,62.0,62.0,3737632
ILE DE FRANCE,2013-01-26 17:30:00,2013,26,17:30:00,26.73,1140.0,0.0,2.0,0.0,0.0,113.0,0.0,10938.0,0.0,0.0,2121.0,2121.0,0.0,0.0,37.0,108.0,19.0,19.0,262.0,262.0,11959807
BRETAGNE,2013-04-14 09:00:00,2013,104,09:00:00,104.38,0.0,0.0,360.0,16.0,19.0,19.0,0.0,1828.0,0.0,0.0,658.0,658.0,0.0,0.0,716.0,203.0,11.0,11.0,36.0,36.0,3258707
GRAND EST,2014-01-28 18:30:00,2014,28,18:30:00,28.77,2285.0,10927.0,691.0,0.0,1168.0,77.0,0.0,-7634.0,0.0,0.0,3398.0,3283.0,10820.0,10820.0,1999.0,508.0,2283.0,2283.0,94.0,94.0,5554645
AUVERGNE RHONE ALPES,2019-06-03 10:00:00,2019,154,10:00:00,154.42,345.0,8731.0,43.0,353.0,4866.0,107.0,-8.0,-7157.0,0.0,0.0,1027.0,1027.0,13570.0,12719.0,635.0,1154.0,11247.0,11068.0,189.0,189.0,8042936
BOURGOGNE FRANCHE COMTE,2018-07-28 18:00:00,2018,209,18:00:00,209.75,24.0,0.0,188.0,87.0,11.0,29.0,-1.0,1436.0,0.0,0.0,386.0,386.0,0.0,0.0,692.0,308.0,520.0,443.0,37.0,37.0,2807807
AUVERGNE RHONE ALPES,2016-03-13 21:30:00,2016,73,21:30:00,73.9,183.0,10477.0,72.0,0.0,3172.0,132.0,-328.0,-5264.0,0.0,0.0,959.0,959.0,13570.0,12752.0,384.0,897.0,11205.0,10997.0,170.0,170.0,7916889
NORMANDIE,2019-01-15 22:30:00,2019,15,22:30:00,15.94,409.0,3839.0,171.0,0.0,13.0,53.0,0.0,-351.0,0.0,0.0,821.0,241.0,10640.0,9464.0,791.0,252.0,31.0,31.0,105.0,105.0,3325032
HAUTS DE FRANCE,2014-02-27 03:00:00,2014,58,03:00:00,58.12,583.0,4407.0,619.0,0.0,2.0,87.0,0.0,542.0,0.0,0.0,2278.0,2278.0,5460.0,5460.0,2275.0,211.0,5.0,5.0,139.0,139.0,6006156
NORMANDIE,2019-02-02 11:30:00,2019,33,11:30:00,33.48,420.0,7013.0,494.0,19.0,18.0,41.0,0.0,-3606.0,0.0,0.0,833.0,253.0,10640.0,9349.0,791.0,253.0,31.0,31.0,105.0,105.0,3325032
HAUTS DE FRANCE,2014-03-13 16:30:00,2014,72,16:30:00,72.69,573.0,4493.0,5.0,36.0,2.0,96.0,0.0,930.0,0.0,0.0,2278.0,2278.0,5460.0,5460.0,2275.0,211.0,5.0,5.0,139.0,139.0,6006156
OCCITANIE,2018-06-13 07:30:00,2018,164,07:30:00,164.31,0.0,1174.0,885.0,64.0,1941.0,70.0,-47.0,-648.0,0.0,0.0,295.0,295.0,2620.0,1310.0,1403.0,1903.0,5485.0,5279.0,146.0,146.0,5885496
PAYS DE LA LOIRE,2018-08-11 12:30:00,2018,223,12:30:00,223.52,3.0,0.0,5.0,306.0,0.0,40.0,0.0,1914.0,0.0,0.0,1976.0,1769.0,0.0,0.0,824.0,549.0,8.0,8.0,70.0,70.0,3781423
BOURGOGNE FRANCHE COMTE,2020-03-12 23:00:00,2020,72,23:00:00,72.96,156.0,0.0,351.0,0.0,228.0,54.0,0.0,1865.0,0.0,0.0,401.0,401.0,0.0,0.0,877.0,347.0,521.0,521.0,69.0,69.0,2801695
GRAND EST,2020-08-26 16:00:00,2020,239,16:00:00,239.67,545.0,5418.0,2352.0,345.0,540.0,133.0,0.0,-4730.0,0.0,0.0,3585.0,3172.0,10820.0,9618.0,3724.0,632.0,2305.0,1901.0,185.0,185.0,5562651
BRETAGNE,2017-04-15 21:00:00,2017,105,21:00:00,105.88,1.0,0.0,63.0,0.0,3.0,41.0,-1.0,2036.0,0.0,0.0,848.0,848.0,0.0,0.0,887.0,234.0,275.0,275.0,61.0,61.0,3318904
NORMANDIE,2021-01-11 10:30:00,2021,11,10:30:00,11.44,1082.0,7735.0,184.0,7.0,18.0,59.0,0.0,-4291.0,0.0,0.0,852.0,852.0,10640.0,9310.0,831.0,272.0,31.0,31.0,146.0,146.0,3327966
NORMANDIE,2016-05-18 03:00:00,2016,139,03:00:00,139.12,636.0,5036.0,71.0,0.0,10.0,31.0,0.0,-3357.0,0.0,0.0,773.0,643.0,10640.0,9451.0,563.0,218.0,31.0,31.0,95.0,95.0,3335929
CENTRE VAL DE LOIRE,2018-09-15 03:30:00,2018,258,03:30:00,258.15,14.0,7602.0,124.0,0.0,0.0,71.0,0.0,-6512.0,0.0,0.0,218.0,218.0,11630.0,10697.0,1060.0,299.0,91.0,91.0,76.0,76.0,2572853
HAUTS DE FRANCE,2022-03-26 01:00:00,2022,85,01:00:00,85.04,1674.0,2567.0,2244.0,0.0,3.0,132.0,0.0,-1303.0,0.0,0.0,2990.0,2990.0,5460.0,4550.0,5729.0,440.0,6.0,6.0,190.0,190.0,5990765
CENTRE VAL DE LOIRE,2019-06-05 11:00:00,2019,156,11:00:00,156.46,0.0,8219.0,26.0,16.0,9.0,53.0,0.0,-6404.0,0.0,0.0,229.0,229.0,11630.0,10672.0,1160.0,314.0,91.0,91.0,85.0,85.0,2573180
GRAND EST,2015-08-05 09:30:00,2015,217,09:30:00,217.4,33.0,9993.0,158.0,153.0,850.0,60.0,0.0,-7142.0,0.0,0.0,3420.0,3160.0,10820.0,9730.0,2450.0,525.0,2284.0,2284.0,119.0,119.0,5559051
HAUTS DE FRANCE,2016-01-26 05:00:00,2016,26,05:00:00,26.21,576.0,4519.0,371.0,0.0,3.0,124.0,0.0,87.0,0.0,0.0,2864.0,2864.0,5460.0,4550.0,2886.0,213.0,5.0,5.0,160.0,160.0,6006870
BRETAGNE,2016-12-12 19:00:00,2016,347,19:00:00,347.79,190.0,0.0,77.0,0.0,9.0,36.0,-39.0,3151.0,0.0,0.0,842.0,842.0,0.0,0.0,877.0,231.0,275.0,275.0,57.0,57.0,3306529
OCCITANIE,2019-06-19 20:00:00,2019,170,20:00:00,170.83,0.0,2384.0,81.0,177.0,1040.0,86.0,-70.0,137.0,0.0,0.0,307.0,307.0,2620.0,2620.0,1559.0,2058.0,5489.0,5254.0,146.0,146.0,5933185
CENTRE VAL DE LOIRE,2018-05-15 21:00:00,2018,135,21:00:00,135.88,0.0,9397.0,233.0,3.0,39.0,65.0,0.0,-7905.0,0.0,0.0,216.0,216.0,11630.0,10816.0,1014.0,287.0,91.0,91.0,76.0,76.0,2572853
PROVENCE ALPES COTE D AZUR,2015-07-21 10:30:00,2015,202,10:30:00,202.44,485.0,0.0,6.0,412.0,637.0,73.0,0.0,3720.0,0.0,0.0,2610.0,2265.0,0.0,0.0,48.0,928.0,3168.0,3168.0,183.0,183.0,5007977
AUVERGNE RHONE ALPES,2021-04-05 21:00:00,2021,95,21:00:00,95.88,12.0,6806.0,230.0,0.0,2948.0,99.0,-3.0,-3473.0,0.0,0.0,1047.0,1047.0,13570.0,12690.0,723.0,1439.0,11767.0,11619.0,208.0,208.0,8114361
GRAND EST,2021-12-14 00:30:00,2021,348,00:30:00,348.02,2527.0,8024.0,307.0,1.0,621.0,149.0,-521.0,-5260.0,0.0,0.0,3590.0,3590.0,10820.0,10076.0,4178.0,964.0,2306.0,2104.0,210.0,210.0,5561287
PROVENCE ALPES COTE D AZUR,2022-07-11 23:00:00,2022,192,23:00:00,192.96,1035.0,0.0,2.0,0.0,1021.0,85.0,0.0,2718.0,0.0,0.0,2724.0,2407.0,0.0,0.0,96.0,1850.0,3267.0,3202.0,357.0,357.0,5150362
NOUVELLE AQUITAINE,2018-03-21 22:30:00,2018,80,22:30:00,80.94,170.0,4173.0,255.0,-1.0,873.0,147.0,0.0,851.0,0.0,0.0,482.0,482.0,6630.0,5506.0,882.0,2288.0,1781.0,1663.0,314.0,314.0,5979778
ILE DE FRANCE,2019-11-19 17:30:00,2019,323,17:30:00,323.73,1005.0,0.0,1.0,0.0,3.0,141.0,0.0,10117.0,0.0,0.0,2170.0,2170.0,0.0,0.0,108.0,143.0,20.0,20.0,314.0,314.0,12262544
NORMANDIE,2013-05-03 21:00:00,2013,123,21:00:00,123.88,780.0,6019.0,62.0,0.0,17.0,57.0,0.0,-4087.0,0.0,0.0,761.0,761.0,10640.0,10640.0,423.0,208.0,23.0,23.0,88.0,88.0,3328364
BRETAGNE,2021-11-26 18:00:00,2021,330,18:00:00,330.75,350.0,0.0,602.0,0.0,104.0,52.0,-1.0,2489.0,0.0,0.0,1428.0,982.0,0.0,0.0,1125.0,350.0,272.0,272.0,82.0,82.0,3394567
NOUVELLE AQUITAINE,2019-01-22 20:30:00,2019,22,20:30:00,22.85,283.0,6731.0,230.0,-1.0,400.0,207.0,0.0,-497.0,0.0,0.0,538.0,538.0,6630.0,6630.0,975.0,2433.0,1781.0,1781.0,318.0,318.0,6010289
NOUVELLE AQUITAINE,2019-12-04 12:00:00,2019,338,12:00:00,338.5,217.0,5831.0,48.0,728.0,1149.0,174.0,0.0,-388.0,0.0,0.0,571.0,571.0,6630.0,5720.0,1055.0,2612.0,1783.0,1678.0,340.0,340.0,6010289
NORMANDIE,2018-04-03 21:30:00,2018,93,21:30:00,93.9,759.0,8436.0,278.0,0.0,18.0,34.0,0.0,-5849.0,0.0,0.0,813.0,813.0,10640.0,9666.0,712.0,234.0,31.0,31.0,103.0,103.0,3327477
HAUTS DE FRANCE,2015-06-19 10:00:00,2015,170,10:00:00,170.42,308.0,4498.0,128.0,52.0,1.0,113.0,0.0,620.0,0.0,0.0,2301.0,1970.0,5460.0,4550.0,2734.0,213.0,5.0,5.0,159.0,159.0,6009976
AUVERGNE RHONE ALPES,2015-07-05 19:00:00,2015,186,19:00:00,186.79,53.0,8450.0,73.0,138.0,3114.0,83.0,-15.0,-5503.0,0.0,0.0,944.0,944.0,13570.0,12657.0,372.0,881.0,11183.0,10934.0,141.0,141.0,7877698
GRAND EST,2020-01-11 12:30:00,2020,11,12:30:00,11.52,1163.0,12101.0,149.0,109.0,787.0,127.0,0.0,-8380.0,0.0,0.0,3534.0,3534.0,10820.0,10298.0,3567.0,608.0,2303.0,2089.0,178.0,178.0,5562651
HAUTS DE FRANCE,2021-12-05 11:00:00,2021,339,11:00:00,339.46,1887.0,3625.0,963.0,31.0,2.0,113.0,0.0,150.0,0.0,0.0,2990.0,2990.0,5460.0,4550.0,5609.0,435.0,5.0,5.0,190.0,190.0,5995292
BOURGOGNE FRANCHE COMTE,2022-04-24 05:00:00,2022,114,05:00:00,114.21,23.0,0.0,113.0,0.0,32.0,58.0,-65.0,1345.0,0.0,0.0,401.0,401.0,0.0,0.0,1049.0,526.0,524.0,524.0,75.0,75.0,2797366
PAYS DE LA LOIRE,2017-04-01 20:30:00,2017,91,20:30:00,91.85,4.0,0.0,170.0,1.0,3.0,45.0,0.0,2306.0,0.0,0.0,1921.0,1319.0,0.0,0.0,713.0,494.0,8.0,8.0,65.0,65.0,3757600
PAYS DE LA LOIRE,2019-06-18 21:00:00,2019,169,21:00:00,169.88,11.0,0.0,132.0,19.0,2.0,50.0,0.0,2340.0,0.0,0.0,2037.0,1694.0,0.0,0.0,926.0,585.0,8.0,8.0,71.0,71.0,3806461
BOURGOGNE FRANCHE COMTE,2021-08-29 04:30:00,2021,241,04:30:00,241.19,25.0,0.0,125.0,0.0,20.0,30.0,-65.0,1376.0,0.0,0.0,401.0,401.0,0.0,0.0,969.0,461.0,524.0,524.0,72.0,72.0,2800194
GRAND EST,2019-04-18 01:00:00,2019,108,01:00:00,108.04,690.0,10109.0,1361.0,0.0,698.0,106.0,-355.0,-7785.0,0.0,0.0,3531.0,3531.0,10820.0,9636.0,3355.0,565.0,2302.0,2046.0,169.0,169.0,5556219
GRAND EST,2014-06-26 08:30:00,2014,177,08:30:00,177.35,1544.0,9192.0,62.0,112.0,981.0,51.0,0.0,-6879.0,0.0,0.0,3398.0,3198.0,10820.0,10820.0,2112.0,515.0,2283.0,2283.0,97.0,97.0,5554645
PAYS DE LA LOIRE,2022-05-07 05:00:00,2022,127,05:00:00,127.21,24.0,0.0,151.0,0.0,1.0,61.0,0.0,1745.0,0.0,0.0,2068.0,1656.0,0.0,0.0,1137.0,842.0,10.0,10.0,80.0,80.0,3878839
OCCITANIE,2022-04-14 11:00:00,2022,104,11:00:00,104.46,17.0,1272.0,93.0,1417.0,1395.0,77.0,-6.0,148.0,0.0,0.0,326.0,326.0,2620.0,1310.0,1593.0,2889.0,5503.0,5352.0,174.0,174.0,6067101
CENTRE VAL DE LOIRE,2017-06-29 02:00:00,2017,180,02:00:00,180.08,0.0,7273.0,103.0,0.0,0.0,67.0,0.0,-5814.0,0.0,0.0,198.0,198.0,11630.0,10626.0,947.0,269.0,91.0,91.0,76.0,76.0,2576252
PROVENCE ALPES COTE D AZUR,2019-03-10 07:00:00,2019,69,07:00:00,69.29,172.0,0.0,0.0,0.0,451.0,107.0,-51.0,3194.0,0.0,0.0,2674.0,2368.0,0.0,0.0,48.0,1334.0,3241.0,3241.0,357.0,357.0,5081101
OCCITANIE,2014-10-30 10:00:00,2014,303,10:00:00,303.42,0.0,1280.0,21.0,389.0,777.0,79.0,0.0,1457.0,0.0,0.0,251.0,251.0,2620.0,2620.0,943.0,1312.0,5416.0,5416.0,132.0,132.0,5730753
PAYS DE LA LOIRE,2013-02-21 01:30:00,2013,52,01:30:00,52.06,1051.0,0.0,265.0,0.0,2.0,28.0,0.0,2937.0,0.0,0.0,1837.0,1837.0,0.0,0.0,466.0,388.0,5.0,5.0,57.0,57.0,3660852
NORMANDIE,2018-10-15 02:30:00,2018,288,02:30:00,288.1,175.0,6477.0,85.0,0.0,12.0,48.0,0.0,-4502.0,0.0,0.0,821.0,241.0,10640.0,9601.0,736.0,251.0,31.0,31.0,104.0,104.0,3327477
ILE DE FRANCE,2022-04-14 21:30:00,2022,104,21:30:00,104.9,0.0,0.0,6.0,0.0,11.0,121.0,0.0,7274.0,0.0,0.0,2171.0,2036.0,0.0,0.0,148.0,217.0,20.0,20.0,314.0,314.0,12354286
NORMANDIE,2013-03-03 10:30:00,2013,62,10:30:00,62.44,1295.0,7629.0,77.0,14.0,23.0,46.0,0.0,-4696.0,0.0,0.0,761.0,511.0,10640.0,10640.0,423.0,207.0,22.0,22.0,88.0,88.0,3328364
HAUTS DE FRANCE,2022-11-01 15:00:00,2022,305,15:00:00,305.62,883.0,2640.0,4472.0,116.0,1.0,105.0,0.0,-3729.0,0.0,0.0,3003.0,2878.0,5460.0,4636.0,5980.0,461.0,6.0,6.0,198.0,198.0,5990765
HAUTS DE FRANCE,2016-03-15 00:00:00,2016,75,00:00:00,75.0,939.0,4892.0,875.0,0.0,3.0,107.0,0.0,44.0,0.0,0.0,2864.0,2864.0,5460.0,4731.0,2919.0,213.0,5.0,5.0,160.0,160.0,6006870
NOUVELLE AQUITAINE,2017-01-28 06:00:00,2017,28,06:00:00,28.25,266.0,5023.0,248.0,-1.0,111.0,197.0,0.0,-24.0,0.0,0.0,452.0,452.0,6630.0,5135.0,721.0,1926.0,1780.0,1780.0,295.0,295.0,5956978
PROVENCE ALPES COTE D AZUR,2015-08-26 22:00:00,2015,238,22:00:00,238.92,97.0,0.0,0.0,0.0,897.0,89.0,0.0,3208.0,0.0,0.0,2610.0,2215.0,0.0,0.0,48.0,944.0,3168.0,3042.0,183.0,183.0,5007977
BOURGOGNE FRANCHE COMTE,2018-07-09 11:00:00,2018,190,11:00:00,190.46,25.0,0.0,95.0,156.0,19.0,29.0,0.0,2245.0,0.0,0.0,386.0,386.0,0.0,0.0,688.0,307.0,520.0,339.0,37.0,37.0,2807807
CENTRE VAL DE LOIRE,2017-05-06 13:30:00,2017,126,13:30:00,126.56,0.0,9278.0,442.0,64.0,12.0,52.0,0.0,-7856.0,0.0,0.0,198.0,198.0,11630.0,10732.0,947.0,267.0,91.0,91.0,76.0,76.0,2576252
NOUVELLE AQUITAINE,2015-10-24 04:00:00,2015,297,04:00:00,297.17,59.0,6435.0,66.0,-1.0,78.0,142.0,0.0,-2772.0,0.0,0.0,427.0,427.0,6630.0,6630.0,534.0,1771.0,1777.0,1777.0,239.0,239.0,5911482
GRAND EST,2021-09-11 12:30:00,2021,254,12:30:00,254.52,405.0,6542.0,248.0,475.0,980.0,148.0,0.0,-4228.0,0.0,0.0,3585.0,3585.0,10820.0,10314.0,3939.0,929.0,2305.0,2103.0,209.0,209.0,5561287
GRAND EST,2017-10-26 07:00:00,2017,299,07:00:00,299.29,2251.0,8773.0,86.0,0.0,848.0,93.0,0.0,-6639.0,0.0,0.0,3464.0,2869.0,10820.0,9490.0,3040.0,549.0,2299.0,1988.0,141.0,141.0,5549586
ILE DE FRANCE,2015-04-06 09:30:00,2015,96,09:30:00,96.4,-12.0,0.0,5.0,17.0,4.0,98.0,0.0,8644.0,0.0,0.0,2144.0,1929.0,0.0,0.0,37.0,112.0,19.0,19.0,286.0,286.0,12082144
CENTRE VAL DE LOIRE,2018-06-28 07:30:00,2018,179,07:30:00,179.31,0.0,8436.0,293.0,14.0,5.0,53.0,0.0,-6902.0,0.0,0.0,216.0,216.0,11630.0,10873.0,1036.0,290.0,91.0,91.0,76.0,76.0,2572853
BOURGOGNE FRANCHE COMTE,2013-10-29 12:30:00,2013,302,12:30:00,302.52,32.0,0.0,29.0,55.0,84.0,14.0,0.0,2481.0,0.0,0.0,301.0,301.0,0.0,0.0,204.0,240.0,490.0,490.0,25.0,25.0,2819783
PAYS DE LA LOIRE,2015-11-02 12:00:00,2015,306,12:00:00,306.5,616.0,0.0,181.0,201.0,0.0,43.0,0.0,2351.0,0.0,0.0,1867.0,1360.0,0.0,0.0,560.0,456.0,7.0,7.0,61.0,61.0,3718512
PROVENCE ALPES COTE D AZUR,2015-05-29 19:30:00,2015,149,19:30:00,149.81,566.0,0.0,6.0,99.0,1065.0,64.0,0.0,2180.0,0.0,0.0,2610.0,2328.0,0.0,0.0,45.0,914.0,3168.0,3168.0,183.0,183.0,5007977
OCCITANIE,2017-07-18 18:30:00,2017,199,18:30:00,199.77,0.0,1219.0,624.0,467.0,1021.0,69.0,0.0,979.0,0.0,0.0,282.0,282.0,2620.0,1310.0,1249.0,1728.0,5475.0,5277.0,140.0,140.0,5845102
NOUVELLE AQUITAINE,2022-08-15 12:30:00,2022,227,12:30:00,227.52,31.0,1030.0,369.0,1720.0,20.0,164.0,0.0,594.0,0.0,0.0,579.0,579.0,6630.0,5659.0,1555.0,3746.0,1786.0,1673.0,356.0,356.0,6098051
PAYS DE LA LOIRE,2018-07-16 22:30:00,2018,197,22:30:00,197.94,1044.0,0.0,153.0,0.0,1.0,41.0,0.0,1502.0,0.0,0.0,1968.0,1804.0,0.0,0.0,804.0,546.0,8.0,8.0,69.0,69.0,3781423
HAUTS DE FRANCE,2016-10-11 05:30:00,2016,285,05:30:00,285.23,653.0,2749.0,350.0,0.0,1.0,92.0,0.0,1441.0,0.0,0.0,2872.0,2656.0,5460.0,4550.0,3169.0,213.0,5.0,5.0,164.0,164.0,6006870
NOUVELLE AQUITAINE,2019-12-13 09:00:00,2019,347,09:00:00,347.38,194.0,4271.0,710.0,8.0,1031.0,144.0,0.0,77.0,0.0,0.0,571.0,571.0,6630.0,5428.0,1075.0,2614.0,1783.0,1678.0,340.0,340.0,6010289
BRETAGNE,2014-09-25 12:30:00,2014,268,12:30:00,268.52,1.0,0.0,1.0,81.0,140.0,29.0,-1.0,2259.0,0.0,0.0,688.0,688.0,0.0,0.0,781.0,216.0,272.0,272.0,52.0,52.0,3276543
HAUTS DE FRANCE,2022-01-27 19:00:00,2022,27,19:00:00,27.79,2037.0,3618.0,1262.0,0.0,3.0,132.0,0.0,466.0,0.0,0.0,2990.0,2990.0,5460.0,4550.0,5693.0,438.0,5.0,5.0,190.0,190.0,5990765
HAUTS DE FRANCE,2014-12-28 01:00:00,2014,362,01:00:00,362.04,515.0,4429.0,1153.0,0.0,2.0,111.0,0.0,395.0,0.0,0.0,2301.0,2301.0,5460.0,5460.0,2595.0,212.0,5.0,5.0,155.0,155.0,6006156
OCCITANIE,2018-09-04 21:00:00,2018,247,21:00:00,247.88,0.0,2178.0,23.0,0.0,1219.0,81.0,0.0,508.0,0.0,0.0,295.0,295.0,2620.0,1870.0,1425.0,1956.0,5485.0,5254.0,146.0,146.0,5885496
AUVERGNE RHONE ALPES,2018-04-08 18:00:00,2018,98,18:00:00,98.75,21.0,8336.0,79.0,113.0,3130.0,105.0,-1176.0,-4645.0,0.0,0.0,1000.0,1000.0,13570.0,12564.0,578.0,1029.0,11259.0,11052.0,179.0,179.0,7994459
AUVERGNE RHONE ALPES,2016-01-21 22:30:00,2016,21,22:30:00,21.94,675.0,12622.0,14.0,0.0,3487.0,120.0,-83.0,-6691.0,0.0,0.0,952.0,952.0,13570.0,12690.0,384.0,894.0,11204.0,10851.0,170.0,170.0,7916889
HAUTS DE FRANCE,2021-11-19 11:00:00,2021,323,11:00:00,323.46,2020.0,3513.0,193.0,22.0,2.0,108.0,0.0,823.0,0.0,0.0,2990.0,2990.0,5460.0,4550.0,5609.0,434.0,5.0,5.0,190.0,190.0,5995292
NORMANDIE,2022-08-13 13:00:00,2022,225,13:00:00,225.54,183.0,4222.0,141.0,168.0,8.0,88.0,0.0,-2212.0,0.0,0.0,852.0,852.0,10640.0,9382.0,949.0,315.0,31.0,31.0,149.0,149.0,3327604
HAUTS DE FRANCE,2020-10-24 18:00:00,2020,298,18:00:00,298.75,291.0,2654.0,3850.0,1.0,0.0,117.0,0.0,-1719.0,0.0,0.0,2984.0,2847.0,5460.0,4550.0,5222.0,272.0,5.0,5.0,181.0,181.0,5997734
ILE DE FRANCE,2020-10-10 22:00:00,2020,284,22:00:00,284.92,0.0,0.0,24.0,0.0,8.0,99.0,0.0,7051.0,0.0,0.0,2170.0,2055.0,0.0,0.0,125.0,168.0,20.0,20.0,314.0,314.0,12271794
PAYS DE LA LOIRE,2017-05-08 21:00:00,2017,128,21:00:00,128.88,870.0,0.0,201.0,5.0,1.0,38.0,0.0,1185.0,0.0,0.0,1921.0,1307.0,0.0,0.0,713.0,497.0,8.0,8.0,65.0,65.0,3757600
NORMANDIE,2021-05-15 03:00:00,2021,135,03:00:00,135.12,207.0,7619.0,197.0,0.0,11.0,91.0,0.0,-5599.0,0.0,0.0,852.0,852.0,10640.0,10040.0,872.0,281.0,31.0,31.0,147.0,147.0,3327966
AUVERGNE RHONE ALPES,2017-01-26 12:30:00,2017,26,12:30:00,26.52,714.0,12734.0,77.0,166.0,4325.0,111.0,-4.0,-5771.0,0.0,0.0,984.0,984.0,13570.0,12661.0,425.0,937.0,11235.0,11041.0,177.0,177.0,7948287
HAUTS DE FRANCE,2014-12-13 18:00:00,2014,347,18:00:00,347.75,549.0,4520.0,29.0,0.0,2.0,113.0,0.0,1831.0,0.0,0.0,2301.0,2051.0,5460.0,4550.0,2595.0,212.0,5.0,5.0,155.0,155.0,6006156
PAYS DE LA LOIRE,2019-10-25 17:00:00,2019,298,17:00:00,298.71,222.0,0.0,391.0,93.0,1.0,55.0,0.0,2102.0,0.0,0.0,2037.0,2037.0,0.0,0.0,933.0,608.0,10.0,10.0,75.0,75.0,3806461
GRAND EST,2013-12-25 09:30:00,2013,359,09:30:00,359.4,228.0,7510.0,290.0,0.0,841.0,58.0,0.0,-4712.0,0.0,0.0,3398.0,3203.0,10820.0,10820.0,1973.0,507.0,2282.0,2282.0,94.0,94.0,5552388
HAUTS DE FRANCE,2016-11-01 03:30:00,2016,306,03:30:00,306.15,1672.0,2701.0,117.0,0.0,1.0,109.0,0.0,294.0,0.0,0.0,2882.0,2745.0,5460.0,4550.0,3195.0,214.0,5.0,5.0,164.0,164.0,6006870
PROVENCE ALPES COTE D AZUR,2020-10-23 07:30:00,2020,297,07:30:00,297.31,824.0,0.0,34.0,0.0,1248.0,98.0,0.0,1817.0,0.0,0.0,2714.0,2327.0,0.0,0.0,48.0,1534.0,3262.0,3231.0,357.0,357.0,5098666
CENTRE VAL DE LOIRE,2013-05-05 19:00:00,2013,125,19:00:00,125.79,7.0,6914.0,1.0,24.0,45.0,25.0,0.0,-5366.0,0.0,0.0,162.0,162.0,11630.0,11630.0,662.0,209.0,91.0,91.0,49.0,49.0,2570548
NOUVELLE AQUITAINE,2020-01-25 18:00:00,2020,25,18:00:00,25.75,230.0,5163.0,36.0,0.0,752.0,171.0,0.0,-703.0,0.0,0.0,571.0,571.0,6630.0,5135.0,1089.0,2619.0,1783.0,1678.0,340.0,340.0,6033952
PROVENCE ALPES COTE D AZUR,2015-03-19 05:00:00,2015,78,05:00:00,78.21,642.0,0.0,0.0,0.0,660.0,58.0,-2.0,3200.0,0.0,0.0,2605.0,2250.0,0.0,0.0,45.0,906.0,3168.0,3168.0,183.0,183.0,5007977
OCCITANIE,2018-10-16 10:30:00,2018,289,10:30:00,289.44,0.0,2559.0,318.0,240.0,1066.0,76.0,-3.0,-210.0,0.0,0.0,299.0,299.0,2620.0,1310.0,1440.0,1973.0,5485.0,5290.0,146.0,146.0,5885496
PAYS DE LA LOIRE,2014-06-20 02:00:00,2014,171,02:00:00,171.08,161.0,0.0,110.0,0.0,1.0,44.0,0.0,2146.0,0.0,0.0,1864.0,1429.0,0.0,0.0,518.0,415.0,7.0,7.0,58.0,58.0,3690833
PROVENCE ALPES COTE D AZUR,2016-06-22 08:30:00,2016,174,08:30:00,174.35,875.0,0.0,0.0,199.0,1441.0,65.0,0.0,1466.0,0.0,0.0,2614.0,2229.0,0.0,0.0,48.0,1035.0,3191.0,3052.0,354.0,354.0,5021928
BRETAGNE,2015-03-23 07:30:00,2015,82,07:30:00,82.31,103.0,0.0,53.0,1.0,52.0,37.0,-1.0,3420.0,0.0,0.0,721.0,721.0,0.0,0.0,801.0,219.0,272.0,272.0,54.0,54.0,3293850
CENTRE VAL DE LOIRE,2016-04-01 21:00:00,2016,92,21:00:00,92.88,0.0,8461.0,55.0,0.0,28.0,50.0,0.0,-6171.0,0.0,0.0,170.0,170.0,11630.0,10637.0,854.0,245.0,91.0,91.0,71.0,71.0,2577866
NOUVELLE AQUITAINE,2019-10-21 15:30:00,2019,294,15:30:00,294.65,60.0,5779.0,17.0,984.0,146.0,165.0,0.0,-2201.0,0.0,0.0,550.0,550.0,6630.0,5720.0,1029.0,2592.0,1782.0,1673.0,339.0,339.0,6010289
HAUTS DE FRANCE,2022-12-09 12:00:00,2022,343,12:00:00,343.5,2000.0,3664.0,97.0,71.0,1.0,115.0,0.0,1238.0,0.0,0.0,3003.0,2908.0,5460.0,4551.0,6051.0,462.0,6.0,6.0,198.0,198.0,5990765
PAYS DE LA LOIRE,2013-02-18 20:30:00,2013,49,20:30:00,49.85,1503.0,0.0,212.0,0.0,3.0,30.0,0.0,2388.0,0.0,0.0,1837.0,1837.0,0.0,0.0,466.0,387.0,5.0,5.0,57.0,57.0,3660852
GRAND EST,2019-11-03 13:30:00,2019,307,13:30:00,307.56,904.0,7345.0,888.0,164.0,1437.0,124.0,0.0,-6150.0,0.0,0.0,3531.0,3027.0,10820.0,9848.0,3479.0,604.0,2303.0,2090.0,174.0,174.0,5556219
PROVENCE ALPES COTE D AZUR,2014-11-12 12:30:00,2014,316,12:30:00,316.52,1194.0,0.0,2.0,74.0,1302.0,64.0,0.0,2954.0,0.0,0.0,2595.0,2214.0,0.0,0.0,45.0,878.0,3168.0,3168.0,170.0,170.0,4983438
PAYS DE LA LOIRE,2020-05-20 04:30:00,2020,141,04:30:00,141.19,420.0,0.0,180.0,0.0,1.0,57.0,0.0,1391.0,0.0,0.0,2050.0,1857.0,0.0,0.0,989.0,638.0,10.0,10.0,77.0,77.0,3832120
OCCITANIE,2016-01-10 03:00:00,2016,10,03:00:00,10.12,62.0,1611.0,101.0,0.0,927.0,93.0,-627.0,2002.0,0.0,0.0,266.0,0.0,2620.0,2620.0,1098.0,1497.0,5460.0,5340.0,137.0,137.0,5808435
OCCITANIE,2021-01-12 18:30:00,2021,12,18:30:00,12.77,95.0,2592.0,731.0,0.0,2381.0,82.0,0.0,2012.0,0.0,0.0,318.0,318.0,2620.0,1310.0,1593.0,2378.0,5498.0,5264.0,172.0,172.0,6022176
HAUTS DE FRANCE,2021-04-10 04:00:00,2021,100,04:00:00,100.17,1752.0,3607.0,260.0,0.0,2.0,115.0,0.0,-697.0,0.0,0.0,2990.0,2990.0,5460.0,5460.0,5430.0,354.0,5.0,5.0,182.0,182.0,5995292
AUVERGNE RHONE ALPES,2019-04-01 13:30:00,2019,91,13:30:00,91.56,30.0,7312.0,42.0,603.0,2502.0,106.0,-4.0,-2715.0,0.0,0.0,1027.0,1027.0,13570.0,12662.0,607.0,1142.0,11245.0,11051.0,189.0,189.0,8042936
GRAND EST,2022-05-30 20:30:00,2022,150,20:30:00,150.85,1234.0,3695.0,69.0,32.0,1329.0,148.0,0.0,-1927.0,0.0,0.0,3590.0,3159.0,10820.0,9708.0,4290.0,1022.0,2306.0,1952.0,235.0,235.0,5563889
NORMANDIE,2013-04-27 00:30:00,2013,117,00:30:00,117.02,706.0,6323.0,41.0,0.0,13.0,55.0,0.0,-3898.0,0.0,0.0,761.0,761.0,10640.0,10640.0,423.0,208.0,23.0,23.0,88.0,88.0,3328364
OCCITANIE,2022-10-21 23:00:00,2022,294,23:00:00,294.96,0.0,1250.0,64.0,0.0,587.0,104.0,-664.0,1536.0,0.0,0.0,326.0,326.0,2620.0,1310.0,1621.0,3068.0,5505.0,5430.0,175.0,175.0,6067101
GRAND EST,2020-11-27 18:00:00,2020,332,18:00:00,332.75,2156.0,10613.0,525.0,0.0,742.0,131.0,0.0,-7626.0,0.0,0.0,3585.0,3172.0,10820.0,9671.0,3833.0,673.0,2305.0,2103.0,192.0,192.0,5562651
PAYS DE LA LOIRE,2018-03-14 21:30:00,2018,73,21:30:00,73.9,710.0,0.0,617.0,0.0,4.0,39.0,0.0,2074.0,0.0,0.0,1959.0,1379.0,0.0,0.0,796.0,538.0,8.0,8.0,69.0,69.0,3781423
PAYS DE LA LOIRE,2022-03-04 14:30:00,2022,63,14:30:00,63.6,875.0,0.0,300.0,259.0,5.0,54.0,0.0,2125.0,0.0,0.0,2068.0,1898.0,0.0,0.0,1137.0,821.0,10.0,10.0,80.0,80.0,3878839
ILE DE FRANCE,2021-07-20 23:00:00,2021,201,23:00:00,201.96,0.0,0.0,33.0,0.0,8.0,157.0,0.0,6700.0,0.0,0.0,2171.0,2171.0,0.0,0.0,148.0,174.0,20.0,20.0,314.0,314.0,12317279
AUVERGNE RHONE ALPES,2022-07-12 19:30:00,2022,193,19:30:00,193.81,356.0,8123.0,134.0,267.0,3056.0,114.0,-12.0,-4818.0,0.0,0.0,1048.0,628.0,13570.0,12575.0,723.0,1726.0,11787.0,11611.0,208.0,208.0,8155762
HAUTS DE FRANCE,2013-07-18 21:00:00,2013,199,21:00:00,199.88,483.0,4113.0,511.0,2.0,1.0,71.0,0.0,-85.0,0.0,0.0,2268.0,2268.0,5460.0,5460.0,2193.0,210.0,5.0,5.0,139.0,139.0,5987883
OCCITANIE,2016-08-10 21:00:00,2016,223,21:00:00,223.88,0.0,2422.0,594.0,1.0,1052.0,93.0,0.0,-493.0,0.0,0.0,266.0,266.0,2620.0,2620.0,1142.0,1623.0,5463.0,5254.0,139.0,139.0,5808435
ILE DE FRANCE,2013-03-14 14:00:00,2013,73,14:00:00,73.58,1127.0,0.0,5.0,22.0,4.0,95.0,0.0,10889.0,0.0,0.0,2121.0,1940.0,0.0,0.0,37.0,108.0,19.0,19.0,262.0,262.0,11959807
GRAND EST,2021-12-22 18:00:00,2021,356,18:00:00,356.75,2052.0,6407.0,612.0,1.0,889.0,155.0,0.0,-2675.0,0.0,0.0,3590.0,3590.0,10820.0,9901.0,4189.0,966.0,2306.0,2104.0,210.0,210.0,5561287
PAYS DE LA LOIRE,2022-07-06 10:00:00,2022,187,10:00:00,187.42,8.0,0.0,131.0,344.0,1.0,64.0,0.0,2414.0,0.0,0.0,2068.0,1592.0,0.0,0.0,1662.0,857.0,10.0,10.0,80.0,80.0,3878839
AUVERGNE RHONE ALPES,2013-02-01 07:00:00,2013,32,07:00:00,32.29,248.0,10978.0,146.0,0.0,3678.0,71.0,-984.0,-4877.0,0.0,0.0,914.0,914.0,13570.0,13570.0,335.0,707.0,11115.0,11115.0,105.0,105.0,7757595
HAUTS DE FRANCE,2013-06-22 06:00:00,2013,173,06:00:00,173.25,271.0,3462.0,312.0,0.0,1.0,78.0,0.0,44.0,0.0,0.0,2268.0,2268.0,5460.0,5460.0,2126.0,210.0,5.0,5.0,139.0,139.0,5987883
OCCITANIE,2018-06-23 11:00:00,2018,174,11:00:00,174.46,0.0,334.0,125.0,1061.0,1811.0,81.0,-657.0,746.0,0.0,0.0,295.0,295.0,2620.0,1310.0,1414.0,1910.0,5485.0,5291.0,146.0,146.0,5885496
GRAND EST,2014-07-04 01:00:00,2014,185,01:00:00,185.04,38.0,11120.0,112.0,0.0,958.0,58.0,-540.0,-7333.0,0.0,0.0,3398.0,3198.0,10820.0,10820.0,2112.0,515.0,2283.0,2283.0,97.0,97.0,5554645
NOUVELLE AQUITAINE,2018-10-16 13:00:00,2018,289,13:00:00,289.54,59.0,4217.0,9.0,1328.0,115.0,185.0,0.0,-973.0,0.0,0.0,485.0,485.0,6630.0,5281.0,947.0,2401.0,1781.0,1663.0,318.0,318.0,5979778
ILE DE FRANCE,2019-04-14 11:30:00,2019,104,11:30:00,104.48,-2.0,0.0,8.0,50.0,10.0,113.0,0.0,8737.0,0.0,0.0,2170.0,2108.0,0.0,0.0,88.0,126.0,20.0,20.0,306.0,306.0,12262544
BOURGOGNE FRANCHE COMTE,2013-01-01 04:00:00,2013,1,04:00:00,1.17,234.0,0.0,132.0,0.0,105.0,12.0,0.0,1715.0,0.0,0.0,289.0,289.0,0.0,0.0,204.0,224.0,479.0,479.0,24.0,24.0,2819783
ILE DE FRANCE,2015-07-14 15:30:00,2015,195,15:30:00,195.65,2.0,0.0,2.0,39.0,5.0,107.0,0.0,6166.0,0.0,0.0,2144.0,1720.0,0.0,0.0,37.0,113.0,19.0,19.0,300.0,300.0,12082144
BRETAGNE,2020-01-11 21:00:00,2020,11,21:00:00,11.88,254.0,0.0,409.0,0.0,16.0,52.0,-57.0,2261.0,0.0,0.0,978.0,978.0,0.0,0.0,1021.0,276.0,272.0,272.0,77.0,77.0,3373835
NORMANDIE,2015-02-22 05:30:00,2015,53,05:30:00,53.23,345.0,9056.0,19.0,0.0,23.0,63.0,0.0,-5665.0,0.0,0.0,761.0,181.0,10640.0,9310.0,510.0,214.0,24.0,24.0,92.0,92.0,3339131
NORMANDIE,2013-04-03 18:30:00,2013,93,18:30:00,93.77,837.0,8786.0,231.0,15.0,23.0,38.0,0.0,-5688.0,0.0,0.0,761.0,761.0,10640.0,10640.0,423.0,207.0,23.0,23.0,88.0,88.0,3328364
NORMANDIE,2017-01-03 07:00:00,2017,3,07:00:00,3.29,883.0,9046.0,13.0,0.0,13.0,51.0,0.0,-5198.0,0.0,0.0,785.0,785.0,10640.0,9868.0,622.0,220.0,31.0,31.0,96.0,96.0,3330478
OCCITANIE,2016-05-29 09:30:00,2016,150,09:30:00,150.4,-3.0,1164.0,499.0,319.0,1517.0,56.0,-699.0,-40.0,0.0,0.0,266.0,266.0,2620.0,1310.0,1098.0,1577.0,5462.0,5235.0,139.0,139.0,5808435
GRAND EST,2018-05-16 22:00:00,2018,136,22:00:00,136.92,58.0,10724.0,1150.0,0.0,1236.0,86.0,0.0,-8387.0,0.0,0.0,3471.0,2967.0,10820.0,9520.0,3084.0,555.0,2300.0,1945.0,156.0,156.0,5550389
AUVERGNE RHONE ALPES,2020-01-08 23:00:00,2020,8,23:00:00,8.96,619.0,10817.0,25.0,0.0,5399.0,139.0,-3.0,-7915.0,0.0,0.0,1032.0,1032.0,13570.0,12807.0,635.0,1232.0,11741.0,11589.0,191.0,191.0,8078652
CENTRE VAL DE LOIRE,2018-01-22 10:30:00,2018,22,10:30:00,22.44,122.0,10072.0,865.0,9.0,67.0,57.0,0.0,-8400.0,0.0,0.0,216.0,216.0,11630.0,10320.0,996.0,284.0,91.0,91.0,76.0,76.0,2572853
AUVERGNE RHONE ALPES,2021-11-11 21:00:00,2021,315,21:00:00,315.88,612.0,9898.0,130.0,0.0,2634.0,120.0,-5.0,-5528.0,0.0,0.0,1048.0,1048.0,13570.0,12669.0,723.0,1562.0,11776.0,11650.0,208.0,208.0,8114361
AUVERGNE RHONE ALPES,2019-06-07 09:30:00,2019,158,09:30:00,158.4,19.0,8633.0,391.0,325.0,4471.0,96.0,-7.0,-6638.0,0.0,0.0,1027.0,1027.0,13570.0,12695.0,635.0,1154.0,11247.0,11076.0,189.0,189.0,8042936
NOUVELLE AQUITAINE,2022-04-05 13:00:00,2022,95,13:00:00,95.54,97.0,2768.0,224.0,1737.0,847.0,168.0,0.0,745.0,0.0,0.0,578.0,578.0,6630.0,5369.0,1429.0,3578.0,1784.0,1674.0,356.0,356.0,6098051
PAYS DE LA LOIRE,2016-03-24 06:30:00,2016,84,06:30:00,84.27,517.0,0.0,4.0,0.0,4.0,36.0,0.0,3417.0,0.0,0.0,1880.0,1300.0,0.0,0.0,641.0,459.0,8.0,8.0,61.0,61.0,3737632
CENTRE VAL DE LOIRE,2022-04-21 17:30:00,2022,111,17:30:00,111.73,11.0,6872.0,120.0,338.0,3.0,57.0,0.0,-5769.0,0.0,0.0,229.0,229.0,11630.0,10755.0,1419.0,730.0,92.0,92.0,90.0,90.0,2572916
GRAND EST,2022-01-15 16:30:00,2022,15,16:30:00,15.69,1971.0,7562.0,90.0,32.0,827.0,162.0,0.0,-4355.0,0.0,0.0,3590.0,3590.0,10820.0,10005.0,4189.0,969.0,2306.0,2104.0,211.0,211.0,5563889
OCCITANIE,2019-11-09 12:30:00,2019,313,12:30:00,313.52,64.0,-66.0,561.0,1000.0,1742.0,91.0,-56.0,1465.0,0.0,0.0,307.0,307.0,2620.0,1310.0,1570.0,2148.0,5489.0,5312.0,146.0,146.0,5933185
NORMANDIE,2014-04-02 08:00:00,2014,92,08:00:00,92.33,239.0,6413.0,123.0,0.0,21.0,33.0,0.0,-3693.0,0.0,0.0,761.0,181.0,10640.0,10640.0,453.0,211.0,24.0,24.0,89.0,89.0,3335645
BRETAGNE,2014-10-19 19:00:00,2014,292,19:00:00,292.79,4.0,0.0,98.0,2.0,3.0,30.0,-48.0,1680.0,0.0,0.0,692.0,692.0,0.0,0.0,781.0,217.0,272.0,272.0,52.0,52.0,3276543
NOUVELLE AQUITAINE,2016-06-07 07:30:00,2016,159,07:30:00,159.31,40.0,5681.0,20.0,57.0,980.0,146.0,0.0,-2837.0,0.0,0.0,429.0,429.0,6630.0,5720.0,579.0,1867.0,1778.0,1672.0,280.0,280.0,5935603
ILE DE FRANCE,2013-06-26 06:00:00,2013,177,06:00:00,177.25,236.0,0.0,5.0,0.0,5.0,133.0,0.0,5156.0,0.0,0.0,2121.0,2121.0,0.0,0.0,37.0,109.0,19.0,19.0,265.0,265.0,11959807
HAUTS DE FRANCE,2013-07-29 05:30:00,2013,210,05:30:00,210.23,283.0,3454.0,319.0,0.0,1.0,60.0,0.0,-45.0,0.0,0.0,2268.0,2268.0,5460.0,4550.0,2193.0,210.0,5.0,5.0,139.0,139.0,5987883
BOURGOGNE FRANCHE COMTE,2019-02-06 06:30:00,2019,37,06:30:00,37.27,167.0,0.0,44.0,0.0,66.0,46.0,-1.0,3178.0,0.0,0.0,401.0,401.0,0.0,0.0,800.0,330.0,520.0,520.0,65.0,65.0,2805580
OCCITANIE,2014-07-28 22:00:00,2014,209,22:00:00,209.92,-2.0,1255.0,234.0,0.0,839.0,82.0,-210.0,1344.0,0.0,0.0,251.0,251.0,2620.0,2620.0,932.0,1276.0,5411.0,5411.0,132.0,132.0,5730753
ILE DE FRANCE,2014-03-07 12:30:00,2014,66,12:30:00,66.52,278.0,0.0,1.0,35.0,2.0,161.0,0.0,9849.0,0.0,0.0,2122.0,2122.0,0.0,0.0,37.0,110.0,19.0,19.0,282.0,282.0,12027565
OCCITANIE,2020-10-09 09:00:00,2020,283,09:00:00,283.38,0.0,1279.0,16.0,110.0,2324.0,81.0,-7.0,391.0,0.0,0.0,314.0,314.0,2620.0,1310.0,1593.0,2292.0,5496.0,5159.0,172.0,172.0,5973969
AUVERGNE RHONE ALPES,2016-02-09 23:30:00,2016,40,23:30:00,40.98,221.0,12294.0,120.0,0.0,4172.0,114.0,-658.0,-6669.0,0.0,0.0,952.0,952.0,13570.0,12933.0,384.0,896.0,11204.0,11046.0,170.0,170.0,7916889
OCCITANIE,2016-08-09 08:30:00,2016,222,08:30:00,222.35,0.0,2375.0,422.0,129.0,409.0,94.0,-3.0,114.0,0.0,0.0,266.0,266.0,2620.0,2620.0,1142.0,1623.0,5463.0,5235.0,139.0,139.0,5808435
NORMANDIE,2022-07-04 20:00:00,2022,185,20:00:00,185.83,244.0,3793.0,135.0,35.0,10.0,73.0,0.0,-1679.0,0.0,0.0,852.0,852.0,10640.0,9310.0,933.0,314.0,31.0,31.0,149.0,149.0,3327604
AUVERGNE RHONE ALPES,2017-08-13 18:00:00,2017,225,18:00:00,225.75,17.0,8585.0,40.0,252.0,2025.0,101.0,-341.0,-5661.0,0.0,0.0,985.0,584.0,13570.0,12591.0,486.0,961.0,11246.0,11066.0,178.0,178.0,7948287
BRETAGNE,2014-05-18 15:00:00,2014,138,15:00:00,138.62,0.0,0.0,18.0,105.0,183.0,31.0,-1.0,1250.0,0.0,0.0,688.0,688.0,0.0,0.0,755.0,211.0,251.0,251.0,51.0,51.0,3276543
BOURGOGNE FRANCHE COMTE,2016-02-16 09:00:00,2016,47,09:00:00,47.38,138.0,0.0,131.0,18.0,309.0,21.0,0.0,3001.0,0.0,0.0,329.0,329.0,0.0,0.0,414.0,264.0,513.0,513.0,29.0,29.0,2818338
AUVERGNE RHONE ALPES,2019-05-02 00:30:00,2019,122,00:30:00,122.02,14.0,8422.0,27.0,0.0,2262.0,124.0,-1237.0,-3632.0,0.0,0.0,1027.0,1027.0,13570.0,12656.0,607.0,1150.0,11247.0,11096.0,189.0,189.0,8042936
CENTRE VAL DE LOIRE,2021-07-15 00:00:00,2021,196,00:00:00,196.0,11.0,6207.0,428.0,0.0,10.0,65.0,0.0,-5188.0,0.0,0.0,229.0,229.0,11630.0,10740.0,1333.0,560.0,92.0,92.0,89.0,89.0,2573303
HAUTS DE FRANCE,2020-01-12 04:00:00,2020,12,04:00:00,12.17,595.0,4500.0,2525.0,0.0,2.0,133.0,0.0,-2188.0,0.0,0.0,2970.0,2970.0,5460.0,4550.0,4900.0,240.0,5.0,5.0,180.0,180.0,5997734
BRETAGNE,2015-08-10 01:00:00,2015,222,01:00:00,222.04,1.0,0.0,13.0,0.0,0.0,41.0,0.0,1648.0,0.0,0.0,724.0,639.0,0.0,0.0,801.0,221.0,272.0,272.0,55.0,55.0,3293850
GRAND EST,2018-09-22 12:00:00,2018,265,12:00:00,265.5,1390.0,6010.0,297.0,379.0,465.0,95.0,-169.0,-3768.0,0.0,0.0,3502.0,3089.0,10820.0,9645.0,3155.0,558.0,2301.0,1994.0,159.0,159.0,5550389
PROVENCE ALPES COTE D AZUR,2014-11-18 01:30:00,2014,322,01:30:00,322.06,216.0,0.0,5.0,0.0,1381.0,65.0,0.0,3235.0,0.0,0.0,2595.0,2270.0,0.0,0.0,45.0,878.0,3168.0,3168.0,170.0,170.0,4983438
OCCITANIE,2013-07-12 22:30:00,2013,193,22:30:00,193.94,-1.0,2430.0,6.0,0.0,1664.0,72.0,0.0,-198.0,0.0,0.0,246.0,246.0,2620.0,2620.0,866.0,1073.0,5380.0,5380.0,126.0,126.0,5683878
NOUVELLE AQUITAINE,2022-10-11 13:30:00,2022,284,13:30:00,284.56,80.0,2753.0,140.0,843.0,51.0,187.0,0.0,410.0,0.0,0.0,579.0,579.0,6630.0,5659.0,1592.0,3800.0,1786.0,1654.0,356.0,356.0,6098051
HAUTS DE FRANCE,2014-06-21 21:00:00,2014,172,21:00:00,172.88,213.0,1641.0,48.0,4.0,1.0,84.0,0.0,2465.0,0.0,0.0,2289.0,2056.0,5460.0,5460.0,2328.0,211.0,5.0,5.0,139.0,139.0,6006156
PAYS DE LA LOIRE,2016-01-20 15:30:00,2016,20,15:30:00,20.65,1768.0,0.0,46.0,78.0,4.0,34.0,0.0,2580.0,0.0,0.0,1880.0,1436.0,0.0,0.0,605.0,457.0,8.0,8.0,61.0,61.0,3737632
ILE DE FRANCE,2014-10-16 07:30:00,2014,289,07:30:00,289.31,143.0,0.0,8.0,0.0,9.0,137.0,0.0,7906.0,0.0,0.0,2122.0,1872.0,0.0,0.0,37.0,112.0,19.0,19.0,282.0,282.0,12027565
BOURGOGNE FRANCHE COMTE,2017-05-13 20:00:00,2017,133,20:00:00,133.83,28.0,0.0,28.0,8.0,84.0,20.0,0.0,1819.0,0.0,0.0,331.0,331.0,0.0,0.0,605.0,268.0,519.0,519.0,32.0,32.0,2811423
HAUTS DE FRANCE,2013-06-02 08:30:00,2013,153,08:30:00,153.35,272.0,2949.0,76.0,27.0,1.0,64.0,0.0,931.0,0.0,0.0,2268.0,2268.0,5460.0,4824.0,2126.0,210.0,5.0,5.0,139.0,139.0,5987883
GRAND EST,2016-05-31 18:00:00,2016,152,18:00:00,152.75,1155.0,8070.0,124.0,92.0,1474.0,76.0,0.0,-6073.0,0.0,0.0,3424.0,2913.0,10820.0,9440.0,2611.0,527.0,2286.0,2084.0,121.0,121.0,5555186
BRETAGNE,2015-10-05 08:00:00,2015,278,08:00:00,278.33,1.0,0.0,446.0,0.0,94.0,36.0,-1.0,1831.0,0.0,0.0,724.0,639.0,0.0,0.0,801.0,222.0,275.0,275.0,55.0,55.0,3293850
PAYS DE LA LOIRE,2022-04-23 11:00:00,2022,113,11:00:00,113.46,9.0,0.0,149.0,150.0,3.0,60.0,0.0,2315.0,0.0,0.0,2068.0,1633.0,0.0,0.0,1137.0,834.0,10.0,10.0,80.0,80.0,3878839
GRAND EST,2017-07-19 10:00:00,2017,200,10:00:00,200.42,1603.0,10999.0,671.0,200.0,963.0,68.0,0.0,-9042.0,0.0,0.0,3453.0,3021.0,10820.0,10060.0,2953.0,548.0,2298.0,1987.0,141.0,141.0,5549586
NOUVELLE AQUITAINE,2014-08-30 08:00:00,2014,242,08:00:00,242.33,24.0,3310.0,12.0,15.0,133.0,133.0,0.0,-300.0,0.0,0.0,421.0,421.0,6630.0,5720.0,447.0,1230.0,1772.0,1772.0,220.0,220.0,5879144
BOURGOGNE FRANCHE COMTE,2016-10-03 09:00:00,2016,277,09:00:00,277.38,57.0,0.0,14.0,29.0,119.0,16.0,0.0,2263.0,0.0,0.0,329.0,329.0,0.0,0.0,452.0,265.0,516.0,516.0,31.0,31.0,2818338
CENTRE VAL DE LOIRE,2013-04-26 20:00:00,2013,116,20:00:00,116.83,7.0,7077.0,326.0,6.0,12.0,21.0,0.0,-5395.0,0.0,0.0,157.0,157.0,11630.0,11185.0,662.0,209.0,91.0,91.0,49.0,49.0,2570548
HAUTS DE FRANCE,2016-05-05 04:30:00,2016,126,04:30:00,126.19,204.0,3453.0,678.0,0.0,3.0,111.0,0.0,200.0,0.0,0.0,2864.0,2452.0,5460.0,4550.0,2929.0,213.0,5.0,5.0,160.0,160.0,6006870
BRETAGNE,2018-04-25 15:30:00,2018,115,15:30:00,115.65,1.0,0.0,368.0,103.0,7.0,44.0,-1.0,1816.0,0.0,0.0,904.0,770.0,0.0,0.0,951.0,252.0,270.0,270.0,68.0,68.0,3335414
GRAND EST,2013-03-25 23:30:00,2013,84,23:30:00,84.98,2886.0,8469.0,552.0,0.0,743.0,62.0,0.0,-6268.0,0.0,0.0,3398.0,3283.0,10820.0,10820.0,1835.0,501.0,2280.0,2280.0,86.0,86.0,5552388
HAUTS DE FRANCE,2021-01-22 22:00:00,2021,22,22:00:00,22.92,1189.0,4538.0,1479.0,0.0,1.0,137.0,0.0,-756.0,0.0,0.0,2990.0,2990.0,5460.0,4550.0,5338.0,300.0,5.0,5.0,181.0,181.0,5995292
CENTRE VAL DE LOIRE,2015-10-24 10:30:00,2015,297,10:30:00,297.44,3.0,7888.0,49.0,31.0,0.0,53.0,0.0,-5940.0,0.0,0.0,166.0,166.0,11630.0,10766.0,842.0,240.0,91.0,91.0,71.0,71.0,2578592
ILE DE FRANCE,2019-01-30 19:30:00,2019,30,19:30:00,30.81,584.0,0.0,8.0,0.0,9.0,139.0,0.0,12965.0,0.0,0.0,2169.0,2169.0,0.0,0.0,88.0,124.0,20.0,20.0,306.0,306.0,12262544
AUVERGNE RHONE ALPES,2017-02-03 10:30:00,2017,34,10:30:00,34.44,209.0,10730.0,200.0,141.0,4484.0,110.0,-11.0,-5952.0,0.0,0.0,984.0,984.0,13570.0,12660.0,425.0,938.0,11238.0,11045.0,177.0,177.0,7948287
NORMANDIE,2018-04-19 01:30:00,2018,109,01:30:00,109.06,225.0,7308.0,207.0,0.0,15.0,54.0,0.0,-5141.0,0.0,0.0,813.0,233.0,10640.0,9453.0,712.0,234.0,31.0,31.0,103.0,103.0,3327477
BOURGOGNE FRANCHE COMTE,2017-10-22 01:30:00,2017,295,01:30:00,295.06,62.0,0.0,347.0,0.0,8.0,17.0,0.0,1447.0,0.0,0.0,343.0,343.0,0.0,0.0,676.0,271.0,519.0,519.0,35.0,35.0,2811423
AUVERGNE RHONE ALPES,2016-06-16 10:30:00,2016,168,10:30:00,168.44,392.0,7450.0,26.0,228.0,4574.0,93.0,-8.0,-5167.0,0.0,0.0,959.0,959.0,13570.0,12649.0,398.0,917.0,11211.0,11028.0,170.0,170.0,7916889
PAYS DE LA LOIRE,2017-02-04 01:00:00,2017,35,01:00:00,35.04,1098.0,0.0,383.0,0.0,3.0,45.0,0.0,2227.0,0.0,0.0,1905.0,1507.0,0.0,0.0,697.0,492.0,8.0,8.0,63.0,63.0,3757600
NORMANDIE,2015-05-22 21:00:00,2015,142,21:00:00,142.88,230.0,7647.0,26.0,1.0,15.0,65.0,0.0,-5161.0,0.0,0.0,761.0,181.0,10640.0,9310.0,522.0,215.0,24.0,24.0,94.0,94.0,3339131
CENTRE VAL DE LOIRE,2015-04-18 18:00:00,2015,108,18:00:00,108.75,0.0,7922.0,703.0,70.0,7.0,44.0,0.0,-7064.0,0.0,0.0,166.0,166.0,11630.0,10820.0,818.0,235.0,91.0,91.0,71.0,71.0,2578592
NOUVELLE AQUITAINE,2016-11-02 14:30:00,2016,307,14:30:00,307.6,170.0,5093.0,94.0,882.0,90.0,136.0,0.0,-854.0,0.0,0.0,429.0,429.0,6630.0,5135.0,660.0,1913.0,1779.0,1779.0,280.0,280.0,5935603
BOURGOGNE FRANCHE COMTE,2017-06-19 23:30:00,2017,170,23:30:00,170.98,29.0,0.0,44.0,0.0,17.0,22.0,0.0,2015.0,0.0,0.0,331.0,331.0,0.0,0.0,605.0,269.0,519.0,412.0,32.0,32.0,2811423
ILE DE FRANCE,2013-06-12 04:30:00,2013,163,04:30:00,163.19,0.0,0.0,4.0,0.0,3.0,127.0,0.0,4935.0,0.0,0.0,2121.0,1936.0,0.0,0.0,37.0,109.0,19.0,19.0,265.0,265.0,11959807
OCCITANIE,2021-06-01 08:30:00,2021,152,08:30:00,152.35,0.0,1255.0,630.0,350.0,949.0,47.0,-39.0,382.0,0.0,0.0,318.0,318.0,2620.0,2620.0,1593.0,2567.0,5499.0,5332.0,172.0,172.0,6022176
AUVERGNE RHONE ALPES,2022-01-26 13:00:00,2022,26,13:00:00,26.54,694.0,12472.0,116.0,632.0,5074.0,114.0,-3.0,-7747.0,0.0,0.0,1048.0,1048.0,13570.0,12916.0,723.0,1630.0,11780.0,11642.0,208.0,208.0,8155762
AUVERGNE RHONE ALPES,2020-02-19 20:00:00,2020,50,20:00:00,50.83,614.0,10153.0,121.0,0.0,6648.0,121.0,-10.0,-7842.0,0.0,0.0,1034.0,1034.0,13570.0,12696.0,647.0,1243.0,11741.0,11588.0,192.0,192.0,8078652
PROVENCE ALPES COTE D AZUR,2013-11-06 07:30:00,2013,310,07:30:00,310.31,823.0,0.0,14.0,2.0,879.0,46.0,0.0,2700.0,0.0,0.0,2592.0,2318.0,0.0,0.0,45.0,742.0,3160.0,3160.0,151.0,151.0,4953675
AUVERGNE RHONE ALPES,2013-08-12 06:00:00,2013,224,06:00:00,224.25,41.0,8582.0,38.0,0.0,2384.0,61.0,-842.0,-5623.0,0.0,0.0,919.0,919.0,13570.0,13570.0,335.0,726.0,11122.0,10970.0,106.0,106.0,7757595
BRETAGNE,2017-05-20 22:00:00,2017,140,22:00:00,140.92,1.0,0.0,73.0,0.0,89.0,44.0,-1.0,1649.0,0.0,0.0,848.0,763.0,0.0,0.0,898.0,235.0,275.0,275.0,66.0,66.0,3318904
AUVERGNE RHONE ALPES,2021-09-23 17:30:00,2021,266,17:30:00,266.73,26.0,9441.0,38.0,424.0,1846.0,101.0,-178.0,-5044.0,0.0,0.0,1047.0,1047.0,13570.0,12690.0,723.0,1544.0,11772.0,11629.0,208.0,208.0,8114361
NORMANDIE,2021-08-06 00:30:00,2021,218,00:30:00,218.02,185.0,6156.0,324.0,0.0,10.0,90.0,0.0,-4450.0,0.0,0.0,852.0,852.0,10640.0,9602.0,878.0,296.0,31.0,31.0,147.0,147.0,3327966
HAUTS DE FRANCE,2016-10-24 00:30:00,2016,298,00:30:00,298.02,1203.0,2637.0,459.0,0.0,1.0,113.0,0.0,1419.0,0.0,0.0,2875.0,2738.0,5460.0,4550.0,3189.0,214.0,5.0,5.0,164.0,164.0,6006870
NORMANDIE,2020-08-16 06:30:00,2020,229,06:30:00,229.27,194.0,3662.0,45.0,0.0,8.0,60.0,0.0,-2170.0,0.0,0.0,838.0,258.0,10640.0,9418.0,819.0,266.0,31.0,31.0,112.0,112.0,3325522
AUVERGNE RHONE ALPES,2017-01-05 08:30:00,2017,5,08:30:00,5.35,746.0,9880.0,182.0,0.0,3697.0,122.0,-3.0,-3301.0,0.0,0.0,984.0,984.0,13570.0,12726.0,425.0,936.0,11233.0,11022.0,177.0,177.0,7948287
PAYS DE LA LOIRE,2022-01-15 15:30:00,2022,15,15:30:00,15.65,1578.0,0.0,2.0,72.0,6.0,59.0,0.0,2811.0,0.0,0.0,2068.0,2068.0,0.0,0.0,1133.0,804.0,10.0,10.0,79.0,79.0,3878839
NORMANDIE,2021-05-15 19:00:00,2021,135,19:00:00,135.79,207.0,7204.0,367.0,35.0,11.0,95.0,0.0,-5443.0,0.0,0.0,852.0,852.0,10640.0,10040.0,872.0,281.0,31.0,31.0,147.0,147.0,3327966
ILE DE FRANCE,2020-09-25 00:30:00,2020,269,00:30:00,269.02,0.0,0.0,44.0,0.0,2.0,167.0,0.0,5538.0,0.0,0.0,2170.0,2024.0,0.0,0.0,125.0,168.0,20.0,20.0,314.0,314.0,12271794
ILE DE FRANCE,2019-10-24 00:30:00,2019,297,00:30:00,297.02,-2.0,0.0,15.0,0.0,9.0,128.0,0.0,7269.0,0.0,0.0,2170.0,2082.0,0.0,0.0,108.0,143.0,20.0,20.0,314.0,314.0,12262544
AUVERGNE RHONE ALPES,2015-08-16 17:30:00,2015,228,17:30:00,228.73,43.0,10057.0,53.0,241.0,1482.0,95.0,-26.0,-6976.0,0.0,0.0,944.0,944.0,13570.0,12824.0,372.0,887.0,11183.0,10938.0,141.0,141.0,7877698
ILE DE FRANCE,2021-06-15 04:30:00,2021,166,04:30:00,166.19,0.0,0.0,20.0,0.0,10.0,136.0,0.0,4719.0,0.0,0.0,2171.0,2171.0,0.0,0.0,125.0,173.0,20.0,20.0,314.0,314.0,12317279
ILE DE FRANCE,2013-02-06 18:00:00,2013,37,18:00:00,37.75,947.0,0.0,7.0,0.0,0.0,131.0,0.0,11395.0,0.0,0.0,2121.0,1893.0,0.0,0.0,37.0,108.0,19.0,19.0,262.0,262.0,11959807
BOURGOGNE FRANCHE COMTE,2019-12-11 15:00:00,2019,345,15:00:00,345.62,131.0,0.0,376.0,10.0,294.0,25.0,0.0,2553.0,0.0,0.0,401.0,401.0,0.0,0.0,857.0,344.0,521.0,521.0,69.0,69.0,2805580
GRAND EST,2013-12-01 10:30:00,2013,335,10:30:00,335.44,2195.0,11195.0,253.0,88.0,843.0,64.0,0.0,-8854.0,0.0,0.0,3398.0,3163.0,10820.0,10820.0,1943.0,507.0,2282.0,2282.0,94.0,94.0,5552388
AUVERGNE RHONE ALPES,2019-11-11 09:00:00,2019,315,09:00:00,315.38,275.0,8834.0,93.0,58.0,4217.0,143.0,-6.0,-6150.0,0.0,0.0,1032.0,1032.0,13570.0,12712.0,635.0,1214.0,11644.0,11476.0,191.0,191.0,8042936
HAUTS DE FRANCE,2015-02-05 21:00:00,2015,36,21:00:00,36.88,1780.0,5508.0,1449.0,0.0,2.0,115.0,0.0,-617.0,0.0,0.0,2301.0,2176.0,5460.0,5460.0,2634.0,213.0,5.0,5.0,155.0,155.0,6009976
PROVENCE ALPES COTE D AZUR,2019-09-11 08:00:00,2019,254,08:00:00,254.33,1112.0,0.0,7.0,45.0,683.0,240.0,0.0,1792.0,0.0,0.0,2674.0,2275.0,0.0,0.0,48.0,1389.0,3242.0,3118.0,357.0,357.0,5081101
BRETAGNE,2017-12-22 05:30:00,2017,356,05:30:00,356.23,224.0,0.0,123.0,0.0,69.0,40.0,-1.0,2269.0,0.0,0.0,899.0,899.0,0.0,0.0,942.0,249.0,270.0,270.0,67.0,67.0,3318904
OCCITANIE,2021-01-23 13:30:00,2021,23,13:30:00,23.56,89.0,2571.0,551.0,477.0,1895.0,86.0,-149.0,293.0,0.0,0.0,318.0,318.0,2620.0,1310.0,1593.0,2392.0,5498.0,5264.0,172.0,172.0,6022176
PROVENCE ALPES COTE D AZUR,2020-05-01 08:30:00,2020,122,08:30:00,122.35,82.0,0.0,0.0,76.0,943.0,113.0,0.0,1804.0,0.0,0.0,2710.0,2300.0,0.0,0.0,48.0,1457.0,3256.0,3256.0,357.0,207.0,5098666
PAYS DE LA LOIRE,2020-11-21 14:00:00,2020,326,14:00:00,326.58,341.0,0.0,11.0,258.0,2.0,58.0,0.0,2337.0,0.0,0.0,2054.0,2054.0,0.0,0.0,1046.0,677.0,10.0,10.0,77.0,77.0,3832120
GRAND EST,2017-08-29 15:00:00,2017,241,15:00:00,241.62,1013.0,7608.0,34.0,306.0,905.0,73.0,0.0,-4686.0,0.0,0.0,3453.0,2919.0,10820.0,9610.0,2996.0,548.0,2298.0,1972.0,141.0,141.0,5549586
NORMANDIE,2020-01-15 02:30:00,2020,15,02:30:00,15.1,399.0,5058.0,694.0,0.0,22.0,60.0,0.0,-2909.0,0.0,0.0,833.0,253.0,10640.0,9310.0,806.0,262.0,31.0,31.0,109.0,109.0,3325522
OCCITANIE,2015-07-30 10:30:00,2015,211,10:30:00,211.44,2.0,2414.0,202.0,189.0,1063.0,91.0,0.0,137.0,0.0,0.0,266.0,0.0,2620.0,2620.0,1039.0,1421.0,5454.0,5227.0,133.0,133.0,5774185
ILE DE FRANCE,2018-11-04 06:00:00,2018,308,06:00:00,308.25,400.0,0.0,0.0,0.0,6.0,141.0,0.0,6885.0,0.0,0.0,2169.0,2107.0,0.0,0.0,88.0,123.0,20.0,20.0,306.0,306.0,12213447
NORMANDIE,2017-03-16 12:30:00,2017,75,12:30:00,75.52,777.0,6511.0,17.0,77.0,14.0,49.0,0.0,-3889.0,0.0,0.0,785.0,785.0,10640.0,9310.0,622.0,220.0,31.0,31.0,97.0,97.0,3330478
CENTRE VAL DE LOIRE,2016-02-08 05:00:00,2016,39,05:00:00,39.21,80.0,8779.0,758.0,0.0,54.0,55.0,0.0,-7486.0,0.0,0.0,170.0,170.0,11630.0,10725.0,844.0,243.0,91.0,91.0,71.0,71.0,2577866
NOUVELLE AQUITAINE,2021-10-09 09:00:00,2021,282,09:00:00,282.38,7.0,4235.0,281.0,168.0,230.0,147.0,0.0,-923.0,0.0,0.0,578.0,578.0,6630.0,5135.0,1368.0,3281.0,1784.0,1784.0,354.0,354.0,6069352
CENTRE VAL DE LOIRE,2016-06-25 12:30:00,2016,177,12:30:00,177.52,0.0,6679.0,89.0,131.0,27.0,47.0,0.0,-5375.0,0.0,0.0,170.0,170.0,11630.0,10791.0,874.0,250.0,91.0,91.0,71.0,71.0,2577866
OCCITANIE,2016-11-05 22:00:00,2016,310,22:00:00,310.92,58.0,2402.0,492.0,0.0,490.0,92.0,-441.0,851.0,0.0,0.0,266.0,266.0,2620.0,2620.0,1147.0,1654.0,5463.0,5236.0,140.0,140.0,5808435
BRETAGNE,2015-10-23 22:30:00,2015,296,22:30:00,296.94,0.0,0.0,41.0,0.0,166.0,31.0,-1.0,2281.0,0.0,0.0,725.0,725.0,0.0,0.0,809.0,222.0,275.0,275.0,56.0,56.0,3293850
AUVERGNE RHONE ALPES,2021-01-27 13:30:00,2021,27,13:30:00,27.56,673.0,10697.0,245.0,245.0,5560.0,122.0,-3.0,-6742.0,0.0,0.0,1047.0,1047.0,13570.0,12680.0,723.0,1381.0,11753.0,11596.0,198.0,198.0,8114361
ILE DE FRANCE,2020-05-02 00:00:00,2020,123,00:00:00,123.0,0.0,0.0,27.0,0.0,9.0,122.0,0.0,6138.0,0.0,0.0,2170.0,2074.0,0.0,0.0,108.0,144.0,20.0,20.0,314.0,314.0,12271794
NORMANDIE,2020-03-12 16:30:00,2020,72,16:30:00,72.69,387.0,4568.0,676.0,30.0,5.0,59.0,0.0,-2379.0,0.0,0.0,833.0,833.0,10640.0,9375.0,806.0,263.0,31.0,31.0,110.0,110.0,3325522
PROVENCE ALPES COTE D AZUR,2016-08-28 07:00:00,2016,241,07:00:00,241.29,75.0,0.0,0.0,0.0,502.0,122.0,0.0,2546.0,0.0,0.0,2614.0,2210.0,0.0,0.0,48.0,1046.0,3191.0,3191.0,354.0,354.0,5021928
GRAND EST,2019-10-25 23:30:00,2019,298,23:30:00,298.98,670.0,9438.0,1257.0,0.0,888.0,115.0,0.0,-7584.0,0.0,0.0,3531.0,3057.0,10820.0,9688.0,3477.0,604.0,2303.0,2090.0,174.0,174.0,5556219
ILE DE FRANCE,2017-08-11 23:00:00,2017,223,23:00:00,223.96,1.0,0.0,14.0,0.0,6.0,155.0,0.0,5883.0,0.0,0.0,2149.0,1828.0,0.0,0.0,88.0,117.0,19.0,19.0,301.0,301.0,12174880
ILE DE FRANCE,2022-11-27 12:30:00,2022,331,12:30:00,331.52,484.0,0.0,35.0,17.0,7.0,133.0,0.0,8539.0,0.0,0.0,2171.0,2171.0,0.0,0.0,148.0,256.0,20.0,20.0,320.0,320.0,12354286
ILE DE FRANCE,2016-05-23 15:00:00,2016,144,15:00:00,144.62,-4.0,0.0,17.0,18.0,6.0,109.0,0.0,8415.0,0.0,0.0,2149.0,1777.0,0.0,0.0,61.0,114.0,19.0,19.0,300.0,300.0,12117132
HAUTS DE FRANCE,2022-06-08 13:30:00,2022,159,13:30:00,159.56,1192.0,3637.0,2052.0,132.0,2.0,113.0,0.0,-1640.0,0.0,0.0,2993.0,2804.0,5460.0,4550.0,5774.0,442.0,6.0,6.0,196.0,196.0,5990765
ILE DE FRANCE,2016-11-18 16:00:00,2016,323,16:00:00,323.67,679.0,0.0,24.0,7.0,11.0,164.0,0.0,8623.0,0.0,0.0,2149.0,1589.0,0.0,0.0,61.0,116.0,19.0,19.0,301.0,301.0,12117132
BOURGOGNE FRANCHE COMTE,2022-06-08 09:00:00,2022,159,09:00:00,159.38,0.0,0.0,162.0,78.0,249.0,52.0,0.0,1691.0,0.0,0.0,401.0,401.0,0.0,0.0,1049.0,535.0,524.0,420.0,75.0,75.0,2797366
CENTRE VAL DE LOIRE,2019-01-09 00:30:00,2019,9,00:30:00,9.02,123.0,10287.0,314.0,0.0,1.0,57.0,0.0,-7766.0,0.0,0.0,228.0,228.0,11630.0,10320.0,1112.0,305.0,91.0,91.0,84.0,84.0,2573180
AUVERGNE RHONE ALPES,2018-11-23 08:00:00,2018,327,08:00:00,327.33,709.0,7532.0,91.0,0.0,4348.0,128.0,-6.0,-3067.0,0.0,0.0,1021.0,1021.0,13570.0,12618.0,607.0,1111.0,11266.0,11089.0,188.0,188.0,7994459
BRETAGNE,2015-07-08 01:30:00,2015,189,01:30:00,189.06,1.0,0.0,209.0,0.0,0.0,35.0,-53.0,1590.0,0.0,0.0,724.0,590.0,0.0,0.0,801.0,221.0,272.0,272.0,55.0,55.0,3293850
ILE DE FRANCE,2018-06-18 19:00:00,2018,169,19:00:00,169.79,-2.0,0.0,6.0,22.0,9.0,153.0,0.0,7395.0,0.0,0.0,2157.0,2088.0,0.0,0.0,88.0,122.0,20.0,20.0,306.0,306.0,12213447
CENTRE VAL DE LOIRE,2022-05-19 12:30:00,2022,139,12:30:00,139.52,11.0,5997.0,228.0,474.0,1.0,59.0,0.0,-4798.0,0.0,0.0,229.0,229.0,11630.0,10759.0,1455.0,733.0,92.0,92.0,90.0,90.0,2572916
NOUVELLE AQUITAINE,2017-11-03 03:00:00,2017,307,03:00:00,307.12,188.0,6620.0,161.0,-1.0,41.0,188.0,0.0,-2876.0,0.0,0.0,473.0,473.0,6630.0,6630.0,855.0,2086.0,1780.0,1675.0,307.0,307.0,5956978
HAUTS DE FRANCE,2016-07-24 07:30:00,2016,206,07:30:00,206.31,358.0,3265.0,157.0,7.0,2.0,102.0,0.0,-206.0,0.0,0.0,2864.0,2864.0,5460.0,4676.0,3077.0,213.0,5.0,5.0,163.0,163.0,6006870
CENTRE VAL DE LOIRE,2017-01-26 04:30:00,2017,26,04:30:00,26.19,137.0,10982.0,206.0,0.0,10.0,54.0,0.0,-8067.0,0.0,0.0,198.0,198.0,11630.0,11295.0,917.0,263.0,91.0,91.0,74.0,74.0,2576252
BOURGOGNE FRANCHE COMTE,2018-09-18 15:00:00,2018,261,15:00:00,261.62,56.0,0.0,40.0,160.0,105.0,44.0,0.0,2056.0,0.0,0.0,386.0,386.0,0.0,0.0,708.0,310.0,520.0,443.0,57.0,57.0,2807807
OCCITANIE,2021-07-09 20:00:00,2021,190,20:00:00,190.83,0.0,1245.0,91.0,263.0,959.0,81.0,-6.0,1410.0,0.0,0.0,325.0,325.0,2620.0,2620.0,1593.0,2603.0,5499.0,5332.0,172.0,172.0,6022176
BOURGOGNE FRANCHE COMTE,2014-08-25 01:30:00,2014,237,01:30:00,237.06,15.0,0.0,6.0,0.0,42.0,18.0,0.0,1332.0,0.0,0.0,313.0,68.0,0.0,0.0,254.0,251.0,508.0,508.0,28.0,28.0,2820623
CENTRE VAL DE LOIRE,2021-07-20 14:30:00,2021,201,14:30:00,201.6,10.0,6338.0,190.0,389.0,6.0,64.0,0.0,-5129.0,0.0,0.0,229.0,229.0,11630.0,10740.0,1333.0,560.0,92.0,92.0,89.0,89.0,2573303
PAYS DE LA LOIRE,2015-08-11 12:30:00,2015,223,12:30:00,223.52,5.0,0.0,26.0,144.0,0.0,32.0,0.0,2665.0,0.0,0.0,1867.0,1274.0,0.0,0.0,560.0,455.0,7.0,7.0,61.0,61.0,3718512
NORMANDIE,2014-05-22 08:00:00,2014,142,08:00:00,142.33,269.0,8550.0,101.0,9.0,22.0,62.0,0.0,-6116.0,0.0,0.0,761.0,181.0,10640.0,10640.0,473.0,212.0,24.0,24.0,89.0,89.0,3335645
BRETAGNE,2015-03-20 07:30:00,2015,79,07:30:00,79.31,110.0,0.0,347.0,0.0,31.0,36.0,-1.0,2909.0,0.0,0.0,721.0,721.0,0.0,0.0,801.0,219.0,272.0,272.0,54.0,54.0,3293850
HAUTS DE FRANCE,2015-07-23 02:00:00,2015,204,02:00:00,204.08,263.0,4363.0,307.0,0.0,1.0,117.0,0.0,-275.0,0.0,0.0,2301.0,1970.0,5460.0,4550.0,2759.0,213.0,5.0,5.0,160.0,160.0,6009976
ILE DE FRANCE,2019-03-26 02:00:00,2019,85,02:00:00,85.08,392.0,0.0,20.0,0.0,9.0,137.0,0.0,6912.0,0.0,0.0,2170.0,2170.0,0.0,0.0,88.0,125.0,20.0,20.0,306.0,306.0,12262544
PROVENCE ALPES COTE D AZUR,2022-08-24 14:00:00,2022,236,14:00:00,236.58,774.0,0.0,4.0,1188.0,229.0,75.0,0.0,2879.0,0.0,0.0,2724.0,2348.0,0.0,0.0,96.0,1868.0,3267.0,3180.0,357.0,357.0,5150362
PAYS DE LA LOIRE,2017-10-24 14:30:00,2017,297,14:30:00,297.6,1430.0,0.0,55.0,136.0,0.0,39.0,0.0,1457.0,0.0,0.0,1937.0,1252.0,0.0,0.0,747.0,507.0,8.0,8.0,66.0,66.0,3757600
ILE DE FRANCE,2017-06-17 06:00:00,2017,168,06:00:00,168.25,-2.0,0.0,9.0,0.0,4.0,162.0,0.0,4548.0,0.0,0.0,2149.0,1836.0,0.0,0.0,73.0,117.0,19.0,19.0,301.0,301.0,12174880
AUVERGNE RHONE ALPES,2016-08-31 10:00:00,2016,244,10:00:00,244.42,416.0,6318.0,1.0,248.0,3200.0,102.0,-19.0,-2794.0,0.0,0.0,959.0,959.0,13570.0,12638.0,399.0,924.0,11223.0,11046.0,177.0,177.0,7916889
PAYS DE LA LOIRE,2020-04-05 12:00:00,2020,96,12:00:00,96.5,8.0,0.0,342.0,346.0,4.0,55.0,0.0,1746.0,0.0,0.0,2050.0,1953.0,0.0,0.0,989.0,635.0,10.0,10.0,76.0,76.0,3832120
GRAND EST,2020-04-16 17:30:00,2020,107,17:30:00,107.73,52.0,5006.0,186.0,204.0,618.0,113.0,-176.0,-2314.0,0.0,0.0,3535.0,3086.0,10820.0,9538.0,3606.0,619.0,2303.0,1928.0,183.0,183.0,5562651
AUVERGNE RHONE ALPES,2019-04-01 09:30:00,2019,91,09:30:00,91.4,59.0,7580.0,22.0,207.0,5176.0,104.0,-4.0,-4807.0,0.0,0.0,1027.0,1027.0,13570.0,12662.0,607.0,1142.0,11245.0,11051.0,189.0,189.0,8042936
GRAND EST,2013-08-31 06:30:00,2013,243,06:30:00,243.27,177.0,8342.0,40.0,0.0,618.0,49.0,-179.0,-5311.0,0.0,0.0,3398.0,3130.0,10820.0,9520.0,1943.0,506.0,2280.0,2280.0,93.0,93.0,5552388
GRAND EST,2021-01-16 11:30:00,2021,16,11:30:00,16.48,1735.0,9057.0,194.0,28.0,1121.0,129.0,-6.0,-5199.0,0.0,0.0,3585.0,3172.0,10820.0,9785.0,3849.0,694.0,2305.0,2103.0,193.0,193.0,5561287
GRAND EST,2018-02-23 15:00:00,2018,54,15:00:00,54.62,2384.0,9628.0,1990.0,244.0,1001.0,95.0,-361.0,-7860.0,0.0,0.0,3471.0,3471.0,10820.0,9875.0,3053.0,552.0,2300.0,2072.0,146.0,146.0,5550389
PAYS DE LA LOIRE,2021-07-15 18:00:00,2021,196,18:00:00,196.75,0.0,0.0,149.0,270.0,3.0,51.0,0.0,2188.0,0.0,0.0,2056.0,2056.0,0.0,0.0,1105.0,752.0,10.0,10.0,78.0,78.0,3853999
GRAND EST,2013-09-20 16:00:00,2013,263,16:00:00,263.67,1779.0,8481.0,209.0,156.0,1220.0,43.0,0.0,-6727.0,0.0,0.0,3398.0,2803.0,10820.0,10820.0,1943.0,506.0,2281.0,2281.0,93.0,93.0,5552388
PAYS DE LA LOIRE,2021-12-12 09:00:00,2021,346,09:00:00,346.38,531.0,0.0,82.0,1.0,4.0,57.0,0.0,2442.0,0.0,0.0,2065.0,2065.0,0.0,0.0,1133.0,790.0,10.0,10.0,79.0,79.0,3853999
CENTRE VAL DE LOIRE,2020-04-30 15:00:00,2020,121,15:00:00,121.62,12.0,8916.0,1122.0,182.0,12.0,50.0,0.0,-7843.0,0.0,0.0,229.0,229.0,11630.0,10752.0,1247.0,363.0,92.0,92.0,86.0,86.0,2574863
PAYS DE LA LOIRE,2017-03-30 23:00:00,2017,89,23:00:00,89.96,555.0,0.0,171.0,0.0,2.0,44.0,0.0,2482.0,0.0,0.0,1921.0,1236.0,0.0,0.0,713.0,494.0,8.0,8.0,65.0,65.0,3757600
AUVERGNE RHONE ALPES,2014-02-09 21:30:00,2014,40,21:30:00,40.9,185.0,12566.0,279.0,0.0,3928.0,102.0,-960.0,-7566.0,0.0,0.0,934.0,934.0,13570.0,13570.0,347.0,788.0,11132.0,10952.0,140.0,140.0,7820966
ILE DE FRANCE,2015-05-21 01:00:00,2015,141,01:00:00,141.04,-7.0,0.0,5.0,0.0,7.0,94.0,0.0,6753.0,0.0,0.0,2144.0,1841.0,0.0,0.0,37.0,113.0,19.0,19.0,286.0,286.0,12082144
BOURGOGNE FRANCHE COMTE,2022-08-08 23:00:00,2022,220,23:00:00,220.96,0.0,0.0,531.0,0.0,55.0,54.0,0.0,1132.0,0.0,0.0,401.0,401.0,0.0,0.0,1067.0,594.0,524.0,524.0,75.0,75.0,2797366
GRAND EST,2020-08-09 03:30:00,2020,222,03:30:00,222.15,570.0,6671.0,400.0,0.0,912.0,118.0,0.0,-5429.0,0.0,0.0,3535.0,3101.0,10820.0,9639.0,3711.0,630.0,2304.0,1860.0,184.0,184.0,5562651
HAUTS DE FRANCE,2020-12-11 13:30:00,2020,346,13:30:00,346.56,2042.0,3678.0,1228.0,14.0,1.0,125.0,0.0,227.0,0.0,0.0,2984.0,2964.0,5460.0,4550.0,5329.0,273.0,5.0,5.0,181.0,181.0,5997734
NOUVELLE AQUITAINE,2013-01-20 03:00:00,2013,20,03:00:00,20.12,252.0,6540.0,175.0,0.0,521.0,141.0,0.0,-971.0,0.0,0.0,418.0,418.0,6630.0,6630.0,356.0,944.0,1757.0,1757.0,208.0,208.0,5844177
OCCITANIE,2013-06-28 09:00:00,2013,179,09:00:00,179.38,-3.0,2468.0,349.0,135.0,1350.0,83.0,-28.0,-767.0,0.0,0.0,245.0,245.0,2620.0,2620.0,866.0,1071.0,5379.0,5379.0,126.0,126.0,5683878
HAUTS DE FRANCE,2019-04-03 23:00:00,2019,93,23:00:00,93.96,1543.0,3532.0,304.0,0.0,1.0,96.0,0.0,705.0,0.0,0.0,2969.0,2969.0,5460.0,4550.0,4427.0,235.0,5.0,5.0,178.0,178.0,6004947
ILE DE FRANCE,2021-10-08 19:30:00,2021,281,19:30:00,281.81,0.0,0.0,49.0,0.0,7.0,159.0,0.0,7873.0,0.0,0.0,2171.0,2171.0,0.0,0.0,148.0,193.0,20.0,20.0,314.0,314.0,12317279
OCCITANIE,2021-08-10 05:30:00,2021,222,05:30:00,222.23,0.0,1245.0,74.0,0.0,520.0,88.0,-269.0,1101.0,0.0,0.0,325.0,325.0,2620.0,2620.0,1593.0,2640.0,5499.0,5332.0,172.0,172.0,6022176
CENTRE VAL DE LOIRE,2016-03-27 15:30:00,2016,87,15:30:00,87.65,66.0,5777.0,626.0,83.0,2.0,47.0,0.0,-4860.0,0.0,0.0,170.0,170.0,11630.0,10661.0,844.0,245.0,91.0,91.0,71.0,71.0,2577866
BOURGOGNE FRANCHE COMTE,2015-04-15 16:00:00,2015,105,16:00:00,105.67,34.0,0.0,20.0,97.0,210.0,16.0,0.0,2002.0,0.0,0.0,325.0,80.0,0.0,0.0,344.0,254.0,510.0,510.0,29.0,29.0,2820940
BOURGOGNE FRANCHE COMTE,2016-06-06 11:00:00,2016,158,11:00:00,158.46,24.0,0.0,3.0,68.0,97.0,18.0,0.0,2200.0,0.0,0.0,329.0,329.0,0.0,0.0,426.0,264.0,513.0,373.0,30.0,30.0,2818338
OCCITANIE,2022-04-12 04:30:00,2022,102,04:30:00,102.19,5.0,1260.0,937.0,0.0,967.0,88.0,-857.0,1186.0,0.0,0.0,326.0,326.0,2620.0,1310.0,1593.0,2884.0,5503.0,5375.0,174.0,174.0,6067101
PAYS DE LA LOIRE,2017-01-17 02:00:00,2017,17,02:00:00,17.08,1424.0,0.0,107.0,0.0,3.0,45.0,0.0,2703.0,0.0,0.0,1905.0,1510.0,0.0,0.0,697.0,492.0,8.0,8.0,63.0,63.0,3757600
AUVERGNE RHONE ALPES,2017-07-03 02:00:00,2017,184,02:00:00,184.08,31.0,6546.0,85.0,0.0,2251.0,114.0,-832.0,-2851.0,0.0,0.0,985.0,584.0,13570.0,12616.0,486.0,952.0,11246.0,11055.0,178.0,178.0,7948287
PROVENCE ALPES COTE D AZUR,2016-06-13 04:30:00,2016,165,04:30:00,165.19,75.0,0.0,10.0,0.0,1001.0,66.0,0.0,1892.0,0.0,0.0,2614.0,2229.0,0.0,0.0,48.0,1033.0,3191.0,3191.0,354.0,354.0,5021928
PAYS DE LA LOIRE,2013-01-09 20:00:00,2013,9,20:00:00,9.83,1719.0,0.0,30.0,0.0,2.0,31.0,0.0,2715.0,0.0,0.0,1837.0,1837.0,0.0,0.0,454.0,385.0,5.0,5.0,57.0,57.0,3660852
ILE DE FRANCE,2014-06-27 20:00:00,2014,178,20:00:00,178.83,301.0,0.0,1.0,7.0,2.0,112.0,0.0,6977.0,0.0,0.0,2122.0,2122.0,0.0,0.0,37.0,111.0,19.0,19.0,282.0,282.0,12027565
HAUTS DE FRANCE,2014-09-10 04:00:00,2014,253,04:00:00,253.17,280.0,4513.0,227.0,0.0,1.0,83.0,0.0,-577.0,0.0,0.0,2289.0,2289.0,5460.0,5460.0,2399.0,212.0,5.0,5.0,139.0,139.0,6006156
NORMANDIE,2020-06-23 07:00:00,2020,175,07:00:00,175.29,210.0,3751.0,121.0,6.0,11.0,59.0,0.0,-1774.0,0.0,0.0,838.0,258.0,10640.0,9310.0,819.0,265.0,31.0,31.0,111.0,111.0,3325522
GRAND EST,2015-03-31 02:00:00,2015,90,02:00:00,90.08,178.0,7119.0,2077.0,0.0,1118.0,77.0,-714.0,-4600.0,0.0,0.0,3420.0,3160.0,10820.0,9572.0,2362.0,523.0,2284.0,2284.0,109.0,109.0,5559051
AUVERGNE RHONE ALPES,2020-07-30 22:00:00,2020,212,22:00:00,212.92,330.0,6850.0,120.0,0.0,4085.0,85.0,-16.0,-4828.0,0.0,0.0,1034.0,1034.0,13570.0,12686.0,647.0,1293.0,11746.0,11544.0,193.0,193.0,8078652
PROVENCE ALPES COTE D AZUR,2015-12-19 06:00:00,2015,353,06:00:00,353.25,323.0,0.0,0.0,0.0,196.0,86.0,0.0,4048.0,0.0,0.0,2612.0,2147.0,0.0,0.0,48.0,971.0,3178.0,3178.0,183.0,183.0,5007977
BOURGOGNE FRANCHE COMTE,2016-07-14 18:30:00,2016,196,18:30:00,196.77,28.0,0.0,69.0,60.0,52.0,26.0,0.0,1554.0,0.0,0.0,329.0,329.0,0.0,0.0,446.0,264.0,513.0,513.0,30.0,30.0,2818338
HAUTS DE FRANCE,2019-04-06 08:30:00,2019,96,08:30:00,96.35,899.0,3490.0,513.0,10.0,1.0,108.0,0.0,838.0,0.0,0.0,2969.0,2969.0,5460.0,4550.0,4427.0,235.0,5.0,5.0,178.0,178.0,6004947
BRETAGNE,2013-04-25 09:30:00,2013,115,09:30:00,115.4,1.0,0.0,47.0,36.0,11.0,12.0,0.0,2518.0,0.0,0.0,658.0,658.0,0.0,0.0,716.0,204.0,11.0,11.0,37.0,37.0,3258707
NORMANDIE,2022-11-10 02:30:00,2022,314,02:30:00,314.1,285.0,4226.0,278.0,0.0,11.0,81.0,0.0,-2139.0,0.0,0.0,852.0,852.0,10640.0,9310.0,965.0,320.0,31.0,31.0,149.0,149.0,3327604
HAUTS DE FRANCE,2018-11-12 14:30:00,2018,316,14:30:00,316.6,2006.0,3489.0,371.0,32.0,1.0,112.0,0.0,497.0,0.0,0.0,2954.0,2954.0,5460.0,4550.0,4126.0,234.0,5.0,5.0,171.0,171.0,6004108
NOUVELLE AQUITAINE,2014-04-06 16:30:00,2014,96,16:30:00,96.69,28.0,5316.0,8.0,430.0,433.0,130.0,0.0,-2664.0,0.0,0.0,421.0,421.0,6630.0,6630.0,417.0,1076.0,1761.0,1761.0,220.0,220.0,5879144
ILE DE FRANCE,2017-05-16 11:00:00,2017,136,11:00:00,136.46,-1.0,0.0,0.0,32.0,7.0,105.0,0.0,7747.0,0.0,0.0,2149.0,1872.0,0.0,0.0,73.0,116.0,19.0,19.0,301.0,301.0,12174880
NOUVELLE AQUITAINE,2019-05-27 11:30:00,2019,147,11:30:00,147.48,27.0,5176.0,49.0,597.0,459.0,192.0,0.0,-1657.0,0.0,0.0,538.0,538.0,6630.0,5698.0,1008.0,2487.0,1782.0,1673.0,319.0,319.0,6010289
CENTRE VAL DE LOIRE,2015-08-30 10:00:00,2015,242,10:00:00,242.42,1.0,8234.0,105.0,74.0,0.0,56.0,0.0,-7035.0,0.0,0.0,166.0,166.0,11630.0,11066.0,832.0,239.0,91.0,91.0,71.0,71.0,2578592
ILE DE FRANCE,2019-11-26 07:00:00,2019,330,07:00:00,330.29,399.0,0.0,31.0,0.0,10.0,128.0,0.0,8207.0,0.0,0.0,2170.0,2170.0,0.0,0.0,108.0,143.0,20.0,20.0,314.0,314.0,12262544
NOUVELLE AQUITAINE,2016-09-25 02:30:00,2016,269,02:30:00,269.1,23.0,3370.0,205.0,-1.0,53.0,114.0,0.0,-301.0,0.0,0.0,429.0,429.0,6630.0,5446.0,625.0,1898.0,1779.0,1779.0,280.0,280.0,5935603
BOURGOGNE FRANCHE COMTE,2019-06-13 23:30:00,2019,164,23:30:00,164.98,23.0,0.0,192.0,0.0,68.0,34.0,0.0,1753.0,0.0,0.0,401.0,401.0,0.0,0.0,831.0,336.0,520.0,520.0,67.0,67.0,2805580
AUVERGNE RHONE ALPES,2020-11-12 13:30:00,2020,317,13:30:00,317.56,579.0,9599.0,27.0,471.0,2479.0,137.0,-15.0,-5628.0,0.0,0.0,1047.0,1047.0,13570.0,12709.0,700.0,1346.0,11752.0,11585.0,194.0,194.0,8078652
NORMANDIE,2022-03-24 04:30:00,2022,83,04:30:00,83.19,276.0,5578.0,111.0,0.0,15.0,84.0,0.0,-3166.0,0.0,0.0,852.0,852.0,10640.0,9496.0,920.0,309.0,31.0,31.0,148.0,148.0,3327604
AUVERGNE RHONE ALPES,2017-11-13 14:30:00,2017,317,14:30:00,317.6,610.0,5575.0,336.0,150.0,2116.0,123.0,-753.0,1523.0,0.0,0.0,1000.0,1000.0,13570.0,12618.0,548.0,976.0,11246.0,11057.0,178.0,178.0,7948287
PAYS DE LA LOIRE,2013-10-23 02:30:00,2013,296,02:30:00,296.1,634.0,0.0,367.0,0.0,0.0,36.0,0.0,1288.0,0.0,0.0,1837.0,1402.0,0.0,0.0,502.0,397.0,6.0,6.0,58.0,58.0,3660852
CENTRE VAL DE LOIRE,2017-12-25 07:30:00,2017,359,07:30:00,359.31,73.0,9096.0,181.0,0.0,9.0,60.0,0.0,-7276.0,0.0,0.0,214.0,214.0,11630.0,10600.0,987.0,279.0,91.0,91.0,76.0,76.0,2576252
ILE DE FRANCE,2022-05-31 03:30:00,2022,151,03:30:00,151.15,0.0,0.0,25.0,0.0,4.0,145.0,0.0,4727.0,0.0,0.0,2171.0,2014.0,0.0,0.0,148.0,218.0,20.0,20.0,314.0,314.0,12354286
HAUTS DE FRANCE,2013-03-18 15:30:00,2013,77,15:30:00,77.65,1699.0,3610.0,106.0,19.0,1.0,62.0,0.0,1735.0,0.0,0.0,2268.0,2268.0,5460.0,5460.0,2114.0,210.0,4.0,4.0,122.0,122.0,5987883
GRAND EST,2018-08-06 09:00:00,2018,218,09:00:00,218.38,1566.0,5174.0,109.0,198.0,510.0,105.0,0.0,-3433.0,0.0,0.0,3471.0,2937.0,10820.0,9644.0,3155.0,557.0,2300.0,1987.0,158.0,158.0,5550389
PROVENCE ALPES COTE D AZUR,2022-10-06 19:00:00,2022,279,19:00:00,279.79,556.0,0.0,4.0,16.0,1072.0,70.0,0.0,2476.0,0.0,0.0,2724.0,2355.0,0.0,0.0,96.0,1901.0,3267.0,3224.0,357.0,357.0,5150362
HAUTS DE FRANCE,2013-03-14 16:30:00,2013,73,16:30:00,73.69,1538.0,3657.0,229.0,33.0,1.0,37.0,0.0,1989.0,0.0,0.0,2268.0,2268.0,5460.0,5460.0,2114.0,210.0,4.0,4.0,122.0,122.0,5987883
ILE DE FRANCE,2016-03-17 21:00:00,2016,77,21:00:00,77.88,423.0,0.0,5.0,0.0,5.0,142.0,0.0,9990.0,0.0,0.0,2149.0,1614.0,0.0,0.0,61.0,114.0,19.0,19.0,300.0,300.0,12117132
BRETAGNE,2020-03-30 01:00:00,2020,90,01:00:00,90.04,256.0,0.0,729.0,0.0,6.0,49.0,-56.0,2069.0,0.0,0.0,978.0,844.0,0.0,0.0,1028.0,280.0,272.0,272.0,79.0,79.0,3373835
AUVERGNE RHONE ALPES,2021-10-20 08:00:00,2021,293,08:00:00,293.33,21.0,11506.0,503.0,0.0,2594.0,91.0,-4.0,-6898.0,0.0,0.0,1048.0,1048.0,13570.0,12669.0,723.0,1554.0,11776.0,11649.0,208.0,208.0,8114361
NORMANDIE,2017-05-22 20:00:00,2017,142,20:00:00,142.83,352.0,5005.0,46.0,14.0,18.0,47.0,0.0,-2711.0,0.0,0.0,785.0,205.0,10640.0,9548.0,622.0,222.0,31.0,31.0,98.0,98.0,3330478
CENTRE VAL DE LOIRE,2017-11-14 04:00:00,2017,318,04:00:00,318.17,135.0,7562.0,129.0,0.0,0.0,54.0,0.0,-5472.0,0.0,0.0,214.0,214.0,11630.0,10610.0,963.0,277.0,91.0,91.0,76.0,76.0,2576252
BRETAGNE,2016-08-19 18:00:00,2016,232,18:00:00,232.75,1.0,0.0,515.0,67.0,2.0,39.0,-1.0,1435.0,0.0,0.0,771.0,686.0,0.0,0.0,877.0,229.0,275.0,275.0,56.0,56.0,3306529
NORMANDIE,2013-11-28 11:00:00,2013,332,11:00:00,332.46,996.0,9315.0,13.0,8.0,17.0,56.0,0.0,-5607.0,0.0,0.0,761.0,761.0,10640.0,10640.0,444.0,210.0,24.0,24.0,89.0,89.0,3328364
NORMANDIE,2019-03-17 10:30:00,2019,76,10:30:00,76.44,383.0,4643.0,461.0,46.0,19.0,53.0,0.0,-2307.0,0.0,0.0,833.0,833.0,10640.0,9392.0,801.0,253.0,31.0,31.0,105.0,105.0,3325032
PAYS DE LA LOIRE,2019-03-14 07:30:00,2019,73,07:30:00,73.31,190.0,0.0,655.0,0.0,5.0,46.0,0.0,3355.0,0.0,0.0,2037.0,2037.0,0.0,0.0,897.0,570.0,8.0,8.0,70.0,70.0,3806461
BRETAGNE,2017-03-19 08:30:00,2017,78,08:30:00,78.35,203.0,0.0,216.0,6.0,6.0,41.0,-1.0,1674.0,0.0,0.0,848.0,714.0,0.0,0.0,887.0,233.0,275.0,275.0,61.0,61.0,3318904
NOUVELLE AQUITAINE,2021-04-14 22:30:00,2021,104,22:30:00,104.94,21.0,4295.0,707.0,0.0,378.0,149.0,0.0,-482.0,0.0,0.0,578.0,578.0,6630.0,6630.0,1248.0,3039.0,1784.0,1784.0,353.0,353.0,6069352
GRAND EST,2022-04-07 01:30:00,2022,97,01:30:00,97.06,469.0,4987.0,3707.0,0.0,685.0,153.0,-527.0,-4107.0,0.0,0.0,3590.0,3163.0,10820.0,9746.0,4254.0,1003.0,2306.0,2104.0,223.0,223.0,5563889
AUVERGNE RHONE ALPES,2020-10-17 04:00:00,2020,291,04:00:00,291.17,399.0,9613.0,114.0,0.0,1961.0,97.0,-1851.0,-4060.0,0.0,0.0,1035.0,1035.0,13570.0,12656.0,700.0,1329.0,11751.0,11594.0,194.0,194.0,8078652
PAYS DE LA LOIRE,2013-12-14 00:30:00,2013,348,00:30:00,348.02,622.0,0.0,131.0,0.0,1.0,41.0,0.0,3198.0,0.0,0.0,1856.0,1856.0,0.0,0.0,518.0,399.0,6.0,6.0,58.0,58.0,3660852
ILE DE FRANCE,2022-10-29 10:30:00,2022,302,10:30:00,302.44,0.0,0.0,30.0,32.0,10.0,150.0,0.0,5777.0,0.0,0.0,2171.0,2018.0,0.0,0.0,148.0,256.0,20.0,20.0,320.0,320.0,12354286
PROVENCE ALPES COTE D AZUR,2022-10-26 04:30:00,2022,299,04:30:00,299.19,1227.0,0.0,6.0,0.0,502.0,69.0,0.0,1022.0,0.0,0.0,2724.0,2404.0,0.0,0.0,96.0,1918.0,3270.0,3238.0,357.0,357.0,5150362
NORMANDIE,2022-10-04 23:00:00,2022,277,23:00:00,277.96,135.0,3651.0,142.0,0.0,1.0,71.0,0.0,-1414.0,0.0,0.0,852.0,852.0,10640.0,9310.0,957.0,318.0,31.0,31.0,149.0,149.0,3327604
BRETAGNE,2022-09-10 19:30:00,2022,253,19:30:00,253.81,283.0,0.0,17.0,24.0,47.0,56.0,-1.0,1446.0,0.0,0.0,1432.0,1298.0,0.0,0.0,1209.0,395.0,272.0,272.0,83.0,83.0,3414637
BRETAGNE,2017-09-10 10:30:00,2017,253,10:30:00,253.44,1.0,0.0,149.0,58.0,13.0,44.0,-1.0,1472.0,0.0,0.0,848.0,848.0,0.0,0.0,926.0,241.0,270.0,270.0,66.0,66.0,3318904
PAYS DE LA LOIRE,2021-08-30 00:30:00,2021,242,00:30:00,242.02,0.0,0.0,257.0,0.0,0.0,59.0,0.0,1952.0,0.0,0.0,2056.0,2056.0,0.0,0.0,1115.0,767.0,10.0,10.0,79.0,79.0,3853999
AUVERGNE RHONE ALPES,2015-02-12 21:00:00,2015,43,21:00:00,43.88,666.0,13407.0,80.0,0.0,4191.0,101.0,-9.0,-8908.0,0.0,0.0,944.0,944.0,13570.0,13570.0,372.0,859.0,11172.0,10725.0,141.0,141.0,7877698
BOURGOGNE FRANCHE COMTE,2015-05-26 20:00:00,2015,146,20:00:00,146.83,28.0,0.0,47.0,10.0,37.0,21.0,0.0,2263.0,0.0,0.0,325.0,80.0,0.0,0.0,362.0,254.0,510.0,510.0,29.0,29.0,2820940
ILE DE FRANCE,2017-01-01 09:00:00,2017,1,09:00:00,1.38,497.0,0.0,0.0,0.0,8.0,159.0,0.0,9424.0,0.0,0.0,2149.0,1564.0,0.0,0.0,61.0,116.0,19.0,19.0,301.0,301.0,12174880
BOURGOGNE FRANCHE COMTE,2016-04-19 18:00:00,2016,110,18:00:00,110.75,22.0,0.0,50.0,75.0,243.0,18.0,0.0,1870.0,0.0,0.0,329.0,329.0,0.0,0.0,414.0,264.0,513.0,513.0,30.0,30.0,2818338
PROVENCE ALPES COTE D AZUR,2013-08-12 13:00:00,2013,224,13:00:00,224.54,189.0,0.0,0.0,445.0,1047.0,63.0,0.0,3135.0,0.0,0.0,2590.0,2316.0,0.0,0.0,45.0,718.0,3158.0,3158.0,151.0,151.0,4953675
ILE DE FRANCE,2020-07-09 04:30:00,2020,191,04:30:00,191.19,106.0,0.0,1.0,0.0,4.0,162.0,0.0,4366.0,0.0,0.0,2170.0,2040.0,0.0,0.0,108.0,152.0,20.0,20.0,314.0,314.0,12271794
PROVENCE ALPES COTE D AZUR,2021-08-30 01:30:00,2021,242,01:30:00,242.06,25.0,0.0,14.0,0.0,549.0,90.0,0.0,2970.0,0.0,0.0,2715.0,2452.0,0.0,0.0,96.0,1657.0,3266.0,3235.0,357.0,357.0,5127840
CENTRE VAL DE LOIRE,2021-03-03 01:00:00,2021,62,01:00:00,62.04,78.0,8749.0,57.0,0.0,20.0,55.0,0.0,-6878.0,0.0,0.0,229.0,229.0,11630.0,10320.0,1278.0,482.0,92.0,92.0,88.0,88.0,2573303
BOURGOGNE FRANCHE COMTE,2016-02-13 18:30:00,2016,44,18:30:00,44.77,138.0,0.0,313.0,0.0,158.0,22.0,0.0,2320.0,0.0,0.0,329.0,329.0,0.0,0.0,414.0,264.0,513.0,513.0,29.0,29.0,2818338
AUVERGNE RHONE ALPES,2016-09-05 18:00:00,2016,249,18:00:00,249.75,445.0,4969.0,118.0,114.0,2785.0,79.0,-19.0,-1452.0,0.0,0.0,966.0,966.0,13570.0,12614.0,399.0,924.0,11226.0,11054.0,177.0,177.0,7916889
GRAND EST,2022-09-02 11:30:00,2022,245,11:30:00,245.48,1205.0,3724.0,361.0,720.0,742.0,126.0,0.0,-1818.0,0.0,0.0,3590.0,3163.0,10820.0,9786.0,4290.0,1095.0,2308.0,1954.0,235.0,235.0,5563889
NORMANDIE,2013-11-14 21:30:00,2013,318,21:30:00,318.9,378.0,9072.0,292.0,0.0,5.0,55.0,0.0,-5731.0,0.0,0.0,761.0,181.0,10640.0,10640.0,444.0,210.0,23.0,23.0,88.0,88.0,3328364
PAYS DE LA LOIRE,2021-06-07 09:30:00,2021,158,09:30:00,158.4,0.0,0.0,11.0,218.0,1.0,56.0,0.0,2543.0,0.0,0.0,2056.0,2056.0,0.0,0.0,1097.0,743.0,10.0,10.0,78.0,78.0,3853999
AUVERGNE RHONE ALPES,2020-09-01 04:30:00,2020,245,04:30:00,245.19,384.0,8544.0,90.0,0.0,2096.0,107.0,-1633.0,-4538.0,0.0,0.0,1034.0,1034.0,13570.0,12634.0,647.0,1297.0,11749.0,11555.0,193.0,193.0,8078652
NORMANDIE,2015-02-12 22:00:00,2015,43,22:00:00,43.92,446.0,8778.0,157.0,0.0,15.0,63.0,0.0,-5034.0,0.0,0.0,761.0,181.0,10640.0,9310.0,510.0,214.0,24.0,24.0,92.0,92.0,3339131
OCCITANIE,2019-01-22 22:00:00,2019,22,22:00:00,22.92,92.0,2606.0,617.0,0.0,793.0,88.0,0.0,2019.0,0.0,0.0,307.0,307.0,2620.0,2620.0,1485.0,1987.0,5485.0,5308.0,146.0,146.0,5933185
PROVENCE ALPES COTE D AZUR,2022-09-19 13:30:00,2022,262,13:30:00,262.56,505.0,0.0,53.0,1347.0,217.0,202.0,0.0,1978.0,0.0,0.0,2724.0,2360.0,0.0,0.0,96.0,1871.0,3267.0,3217.0,357.0,357.0,5150362
NOUVELLE AQUITAINE,2020-03-24 11:00:00,2020,84,11:00:00,84.46,155.0,5234.0,73.0,1677.0,474.0,203.0,0.0,-3314.0,0.0,0.0,571.0,571.0,6630.0,5281.0,1089.0,2638.0,1783.0,1678.0,340.0,340.0,6033952
NOUVELLE AQUITAINE,2014-02-12 19:00:00,2014,43,19:00:00,43.79,135.0,6144.0,325.0,0.0,1099.0,138.0,0.0,-574.0,0.0,0.0,421.0,421.0,6630.0,6630.0,381.0,1044.0,1760.0,1760.0,219.0,219.0,5879144
GRAND EST,2013-10-20 09:30:00,2013,293,09:30:00,293.4,92.0,7364.0,686.0,9.0,988.0,50.0,-347.0,-4654.0,0.0,0.0,3398.0,3398.0,10820.0,10820.0,1943.0,506.0,2281.0,2281.0,93.0,93.0,5552388
PROVENCE ALPES COTE D AZUR,2015-02-19 06:00:00,2015,50,06:00:00,50.25,1352.0,0.0,2.0,0.0,1173.0,63.0,-2.0,3162.0,0.0,0.0,2600.0,2245.0,0.0,0.0,45.0,883.0,3168.0,3168.0,183.0,183.0,5007977
AUVERGNE RHONE ALPES,2015-05-14 20:00:00,2015,134,20:00:00,134.83,39.0,9774.0,169.0,14.0,4784.0,84.0,-6.0,-8680.0,0.0,0.0,944.0,944.0,13570.0,12715.0,372.0,875.0,11181.0,10845.0,141.0,141.0,7877698
NORMANDIE,2015-09-08 02:00:00,2015,251,02:00:00,251.08,528.0,5609.0,62.0,0.0,12.0,48.0,0.0,-3719.0,0.0,0.0,761.0,766.0,10640.0,9310.0,538.0,216.0,24.0,24.0,95.0,95.0,3339131
PAYS DE LA LOIRE,2020-06-11 08:30:00,2020,163,08:30:00,163.35,378.0,0.0,546.0,30.0,1.0,60.0,0.0,1906.0,0.0,0.0,2050.0,1777.0,0.0,0.0,1000.0,640.0,10.0,10.0,77.0,77.0,3832120
ILE DE FRANCE,2017-12-05 22:30:00,2017,339,22:30:00,339.94,821.0,0.0,1.0,0.0,7.0,154.0,0.0,9671.0,0.0,0.0,2151.0,2000.0,0.0,0.0,88.0,119.0,19.0,19.0,306.0,306.0,12174880
BRETAGNE,2018-09-30 13:30:00,2018,273,13:30:00,273.56,1.0,0.0,106.0,110.0,5.0,46.0,0.0,1597.0,0.0,0.0,918.0,833.0,0.0,0.0,988.0,254.0,270.0,270.0,69.0,69.0,3335414
CENTRE VAL DE LOIRE,2013-01-11 21:30:00,2013,11,21:30:00,11.9,94.0,10486.0,59.0,0.0,28.0,22.0,0.0,-7838.0,0.0,0.0,157.0,157.0,11630.0,11630.0,662.0,207.0,91.0,91.0,41.0,41.0,2570548
BRETAGNE,2018-05-01 22:00:00,2018,121,22:00:00,121.92,1.0,0.0,259.0,0.0,6.0,46.0,-23.0,2021.0,0.0,0.0,904.0,770.0,0.0,0.0,951.0,252.0,270.0,270.0,68.0,68.0,3335414
GRAND EST,2022-08-21 04:30:00,2022,233,04:30:00,233.19,455.0,3657.0,46.0,0.0,847.0,145.0,-523.0,-1559.0,0.0,0.0,3590.0,3163.0,10820.0,9761.0,4290.0,1081.0,2308.0,1954.0,235.0,235.0,5563889
NORMANDIE,2017-11-10 09:00:00,2017,314,09:00:00,314.38,515.0,6431.0,265.0,1.0,11.0,60.0,0.0,-3448.0,0.0,0.0,813.0,303.0,10640.0,9310.0,705.0,232.0,31.0,31.0,100.0,100.0,3330478
PAYS DE LA LOIRE,2016-09-24 11:30:00,2016,268,11:30:00,268.48,386.0,0.0,74.0,198.0,0.0,40.0,0.0,1671.0,0.0,0.0,1880.0,1289.0,0.0,0.0,687.0,479.0,8.0,8.0,63.0,63.0,3737632
NORMANDIE,2016-11-18 02:00:00,2016,323,02:00:00,323.08,873.0,7638.0,427.0,0.0,14.0,49.0,0.0,-5716.0,0.0,0.0,785.0,785.0,10640.0,9310.0,616.0,219.0,31.0,31.0,96.0,96.0,3335929
GRAND EST,2020-01-04 14:00:00,2020,4,14:00:00,4.58,1176.0,11896.0,812.0,158.0,773.0,123.0,0.0,-9240.0,0.0,0.0,3534.0,3534.0,10820.0,9940.0,3567.0,608.0,2303.0,2089.0,178.0,178.0,5562651
HAUTS DE FRANCE,2020-11-26 18:30:00,2020,331,18:30:00,331.77,1990.0,4577.0,45.0,0.0,1.0,131.0,0.0,277.0,0.0,0.0,2984.0,2984.0,5460.0,4550.0,5303.0,273.0,5.0,5.0,181.0,181.0,5997734
HAUTS DE FRANCE,2018-11-28 16:00:00,2018,332,16:00:00,332.67,1760.0,4520.0,1997.0,3.0,1.0,109.0,0.0,-1219.0,0.0,0.0,2967.0,2736.0,5460.0,4626.0,4173.0,234.0,5.0,5.0,177.0,177.0,6004108
HAUTS DE FRANCE,2019-05-02 07:00:00,2019,122,07:00:00,122.29,327.0,3569.0,199.0,1.0,5.0,135.0,0.0,1300.0,0.0,0.0,2969.0,2593.0,5460.0,4550.0,4467.0,235.0,5.0,5.0,178.0,178.0,6004947
GRAND EST,2021-08-24 20:00:00,2021,236,20:00:00,236.83,401.0,7486.0,1582.0,25.0,1090.0,141.0,0.0,-6584.0,0.0,0.0,3585.0,3585.0,10820.0,10126.0,3939.0,927.0,2305.0,2103.0,209.0,209.0,5561287
ILE DE FRANCE,2016-04-29 05:30:00,2016,120,05:30:00,120.23,-7.0,0.0,11.0,0.0,11.0,116.0,0.0,7267.0,0.0,0.0,2149.0,1581.0,0.0,0.0,61.0,114.0,19.0,19.0,300.0,300.0,12117132
PROVENCE ALPES COTE D AZUR,2019-01-13 09:00:00,2019,13,09:00:00,13.38,227.0,0.0,17.0,35.0,339.0,95.0,0.0,5113.0,0.0,0.0,2673.0,2296.0,0.0,0.0,48.0,1325.0,3235.0,3111.0,357.0,207.0,5081101
AUVERGNE RHONE ALPES,2021-02-28 06:30:00,2021,59,06:30:00,59.27,215.0,9614.0,86.0,0.0,2862.0,127.0,-211.0,-5599.0,0.0,0.0,1047.0,1047.0,13570.0,12684.0,723.0,1410.0,11767.0,11609.0,208.0,208.0,8114361
ILE DE FRANCE,2018-03-12 02:30:00,2018,71,02:30:00,71.1,382.0,0.0,47.0,0.0,0.0,152.0,0.0,6243.0,0.0,0.0,2157.0,1974.0,0.0,0.0,88.0,122.0,20.0,20.0,306.0,306.0,12213447
BRETAGNE,2016-11-26 01:30:00,2016,331,01:30:00,331.06,142.0,0.0,88.0,0.0,9.0,36.0,-1.0,2421.0,0.0,0.0,823.0,823.0,0.0,0.0,877.0,231.0,275.0,275.0,57.0,57.0,3306529
NOUVELLE AQUITAINE,2016-11-14 01:30:00,2016,319,01:30:00,319.06,171.0,5210.0,133.0,-1.0,190.0,177.0,0.0,-793.0,0.0,0.0,437.0,437.0,6630.0,5135.0,660.0,1913.0,1779.0,1779.0,284.0,284.0,5935603
BRETAGNE,2020-01-19 20:00:00,2020,19,20:00:00,19.83,246.0,0.0,381.0,0.0,171.0,49.0,-1.0,2554.0,0.0,0.0,978.0,978.0,0.0,0.0,1021.0,276.0,272.0,272.0,77.0,77.0,3373835
OCCITANIE,2013-05-16 20:30:00,2013,136,20:30:00,136.85,-2.0,2386.0,45.0,17.0,1936.0,63.0,-8.0,-560.0,0.0,0.0,245.0,245.0,2620.0,2620.0,861.0,1056.0,5379.0,5379.0,126.0,126.0,5683878
BRETAGNE,2017-12-23 11:30:00,2017,357,11:30:00,357.48,224.0,0.0,33.0,11.0,9.0,42.0,-51.0,2701.0,0.0,0.0,899.0,899.0,0.0,0.0,942.0,249.0,270.0,270.0,67.0,67.0,3318904
ILE DE FRANCE,2017-11-13 03:30:00,2017,317,03:30:00,317.15,511.0,0.0,24.0,0.0,5.0,142.0,0.0,6602.0,0.0,0.0,2151.0,1988.0,0.0,0.0,88.0,119.0,19.0,19.0,302.0,302.0,12174880
NORMANDIE,2022-06-07 13:30:00,2022,158,13:30:00,158.56,177.0,3780.0,240.0,125.0,12.0,92.0,0.0,-1572.0,0.0,0.0,852.0,852.0,10640.0,9310.0,933.0,312.0,31.0,31.0,149.0,149.0,3327604
BOURGOGNE FRANCHE COMTE,2013-03-22 07:30:00,2013,81,07:30:00,81.31,396.0,0.0,69.0,6.0,101.0,16.0,0.0,2528.0,0.0,0.0,301.0,301.0,0.0,0.0,204.0,228.0,480.0,480.0,24.0,24.0,2819783
BOURGOGNE FRANCHE COMTE,2020-11-22 21:00:00,2020,327,21:00:00,327.88,109.0,0.0,1.0,0.0,138.0,46.0,0.0,2337.0,0.0,0.0,401.0,401.0,0.0,0.0,889.0,391.0,523.0,523.0,71.0,71.0,2801695
HAUTS DE FRANCE,2020-11-07 13:00:00,2020,312,13:00:00,312.54,500.0,3390.0,233.0,103.0,1.0,113.0,0.0,1663.0,0.0,0.0,2984.0,2399.0,5460.0,4575.0,5285.0,272.0,5.0,5.0,181.0,181.0,5997734
CENTRE VAL DE LOIRE,2013-01-31 14:30:00,2013,31,14:30:00,31.6,96.0,10415.0,619.0,23.0,32.0,24.0,0.0,-8315.0,0.0,0.0,157.0,157.0,11630.0,11630.0,662.0,208.0,91.0,91.0,41.0,41.0,2570548
BOURGOGNE FRANCHE COMTE,2018-06-12 20:30:00,2018,163,20:30:00,163.85,25.0,0.0,166.0,14.0,135.0,32.0,0.0,1737.0,0.0,0.0,386.0,386.0,0.0,0.0,688.0,307.0,520.0,404.0,37.0,37.0,2807807
NOUVELLE AQUITAINE,2021-09-02 21:00:00,2021,245,21:00:00,245.88,16.0,4191.0,174.0,0.0,714.0,197.0,0.0,-878.0,0.0,0.0,578.0,578.0,6630.0,5135.0,1311.0,3247.0,1784.0,1784.0,354.0,354.0,6069352
CENTRE VAL DE LOIRE,2014-11-24 19:00:00,2014,328,19:00:00,328.79,74.0,10392.0,179.0,0.0,6.0,49.0,0.0,-7870.0,0.0,0.0,162.0,162.0,11630.0,11630.0,801.0,223.0,91.0,91.0,71.0,71.0,2577435
BRETAGNE,2022-12-04 19:00:00,2022,338,19:00:00,338.79,670.0,0.0,26.0,0.0,11.0,57.0,-24.0,2567.0,0.0,0.0,1432.0,1432.0,0.0,0.0,1226.0,412.0,272.0,272.0,83.0,83.0,3414637
AUVERGNE RHONE ALPES,2016-02-22 04:00:00,2016,53,04:00:00,53.17,228.0,9647.0,113.0,0.0,2424.0,119.0,-1457.0,-3763.0,0.0,0.0,952.0,551.0,13570.0,13042.0,384.0,897.0,11205.0,11047.0,170.0,170.0,7916889
OCCITANIE,2016-10-13 05:00:00,2016,287,05:00:00,287.21,0.0,2428.0,751.0,0.0,432.0,78.0,0.0,-529.0,0.0,0.0,266.0,266.0,2620.0,2620.0,1142.0,1652.0,5463.0,5236.0,139.0,139.0,5808435
BRETAGNE,2020-02-10 08:00:00,2020,41,08:00:00,41.33,258.0,0.0,516.0,0.0,35.0,47.0,-1.0,2716.0,0.0,0.0,978.0,978.0,0.0,0.0,1021.0,278.0,272.0,272.0,78.0,78.0,3373835
GRAND EST,2020-09-13 07:00:00,2020,257,07:00:00,257.29,520.0,4549.0,33.0,0.0,704.0,119.0,0.0,-2782.0,0.0,0.0,3585.0,3126.0,10820.0,9568.0,3739.0,647.0,2305.0,1901.0,186.0,186.0,5562651
BRETAGNE,2019-06-03 18:00:00,2019,154,18:00:00,154.75,1.0,0.0,97.0,93.0,0.0,47.0,-1.0,1930.0,0.0,0.0,956.0,846.0,0.0,0.0,1021.0,265.0,270.0,270.0,73.0,73.0,3354854
PAYS DE LA LOIRE,2017-06-03 06:00:00,2017,154,06:00:00,154.25,-3.0,0.0,41.0,0.0,0.0,40.0,0.0,1838.0,0.0,0.0,1921.0,1345.0,0.0,0.0,722.0,499.0,8.0,8.0,66.0,66.0,3757600
PAYS DE LA LOIRE,2022-07-17 23:30:00,2022,198,23:30:00,198.98,32.0,0.0,460.0,0.0,0.0,60.0,0.0,2101.0,0.0,0.0,2068.0,1592.0,0.0,0.0,1662.0,862.0,10.0,10.0,80.0,80.0,3878839
NOUVELLE AQUITAINE,2019-10-01 03:30:00,2019,274,03:30:00,274.15,20.0,5034.0,205.0,-1.0,22.0,158.0,0.0,-2231.0,0.0,0.0,538.0,538.0,6630.0,5815.0,1029.0,2581.0,1782.0,1677.0,320.0,320.0,6010289
AUVERGNE RHONE ALPES,2017-05-03 02:30:00,2017,123,02:30:00,123.1,245.0,8873.0,26.0,0.0,1475.0,86.0,-88.0,-3349.0,0.0,0.0,985.0,985.0,13570.0,12559.0,486.0,946.0,11239.0,11048.0,178.0,178.0,7948287
NOUVELLE AQUITAINE,2018-06-02 00:30:00,2018,153,00:30:00,153.02,23.0,4136.0,77.0,-1.0,529.0,198.0,0.0,-969.0,0.0,0.0,482.0,482.0,6630.0,5603.0,924.0,2320.0,1781.0,1667.0,315.0,315.0,5979778
BRETAGNE,2017-06-08 20:00:00,2017,159,20:00:00,159.83,1.0,0.0,182.0,13.0,3.0,41.0,-19.0,1963.0,0.0,0.0,848.0,777.0,0.0,0.0,898.0,237.0,275.0,275.0,66.0,66.0,3318904
HAUTS DE FRANCE,2022-07-07 04:30:00,2022,188,04:30:00,188.19,1566.0,2729.0,846.0,0.0,1.0,117.0,0.0,-901.0,0.0,0.0,2996.0,2951.0,5460.0,4550.0,5806.0,443.0,6.0,6.0,197.0,197.0,5990765
BOURGOGNE FRANCHE COMTE,2020-06-09 23:00:00,2020,161,23:00:00,161.96,59.0,0.0,120.0,0.0,109.0,33.0,0.0,1792.0,0.0,0.0,401.0,401.0,0.0,0.0,877.0,350.0,521.0,521.0,69.0,69.0,2801695
NOUVELLE AQUITAINE,2023-01-01 17:30:00,2023,1,17:30:00,1.73,156.0,2710.0,732.0,12.0,508.0,208.0,0.0,-792.0,0.0,0.0,581.0,581.0,6630.0,5683.0,1644.0,3941.0,1786.0,1786.0,356.0,356.0,6110365
AUVERGNE RHONE ALPES,2014-03-26 04:30:00,2014,85,04:30:00,85.19,181.0,9413.0,25.0,0.0,2727.0,93.0,-975.0,-3659.0,0.0,0.0,938.0,938.0,13570.0,12655.0,347.0,799.0,11136.0,10877.0,140.0,140.0,7820966
CENTRE VAL DE LOIRE,2015-10-21 20:30:00,2015,294,20:30:00,294.85,3.0,7883.0,93.0,0.0,0.0,45.0,0.0,-5782.0,0.0,0.0,166.0,166.0,11630.0,10766.0,842.0,240.0,91.0,91.0,71.0,71.0,2578592
PROVENCE ALPES COTE D AZUR,2021-02-12 02:30:00,2021,43,02:30:00,43.1,1779.0,0.0,5.0,0.0,1090.0,89.0,-51.0,2604.0,0.0,0.0,2715.0,2386.0,0.0,0.0,96.0,1560.0,3266.0,3235.0,357.0,357.0,5127840
HAUTS DE FRANCE,2019-11-09 08:30:00,2019,313,08:30:00,313.35,1398.0,3055.0,276.0,4.0,2.0,128.0,0.0,1309.0,0.0,0.0,2970.0,2970.0,5460.0,4597.0,4665.0,239.0,5.0,5.0,180.0,180.0,6004947
BRETAGNE,2021-12-04 17:30:00,2021,338,17:30:00,338.73,225.0,0.0,570.0,0.0,50.0,53.0,-1.0,1932.0,0.0,0.0,1428.0,982.0,0.0,0.0,1125.0,352.0,272.0,272.0,82.0,82.0,3394567
NORMANDIE,2013-08-20 13:00:00,2013,232,13:00:00,232.54,612.0,8980.0,1.0,63.0,15.0,45.0,0.0,-6768.0,0.0,0.0,761.0,521.0,10640.0,10640.0,444.0,209.0,23.0,23.0,88.0,88.0,3328364
NOUVELLE AQUITAINE,2015-09-14 04:30:00,2015,257,04:30:00,257.19,16.0,4775.0,264.0,0.0,131.0,163.0,0.0,-2429.0,0.0,0.0,427.0,427.0,6630.0,5995.0,534.0,1536.0,1777.0,1671.0,239.0,239.0,5911482
ILE DE FRANCE,2018-02-14 20:00:00,2018,45,20:00:00,45.83,412.0,0.0,34.0,0.0,0.0,150.0,0.0,13049.0,0.0,0.0,2157.0,2157.0,0.0,0.0,88.0,122.0,20.0,20.0,306.0,306.0,12213447
PROVENCE ALPES COTE D AZUR,2013-01-13 15:00:00,2013,13,15:00:00,13.62,552.0,0.0,10.0,47.0,1153.0,72.0,0.0,4268.0,0.0,0.0,2590.0,2528.0,0.0,0.0,45.0,668.0,3158.0,3158.0,149.0,149.0,4953675
PAYS DE LA LOIRE,2017-03-10 20:00:00,2017,69,20:00:00,69.83,571.0,0.0,47.0,0.0,3.0,40.0,0.0,2813.0,0.0,0.0,1916.0,1376.0,0.0,0.0,707.0,494.0,8.0,8.0,65.0,65.0,3757600
CENTRE VAL DE LOIRE,2016-08-10 02:30:00,2016,223,02:30:00,223.1,0.0,7281.0,221.0,0.0,0.0,54.0,0.0,-6155.0,0.0,0.0,170.0,170.0,11630.0,10731.0,886.0,259.0,91.0,91.0,71.0,71.0,2577866
HAUTS DE FRANCE,2013-09-17 16:30:00,2013,260,16:30:00,260.69,290.0,3536.0,647.0,5.0,0.0,65.0,0.0,1387.0,0.0,0.0,2268.0,1868.0,5460.0,5460.0,2205.0,210.0,5.0,5.0,139.0,139.0,5987883
CENTRE VAL DE LOIRE,2017-11-28 13:30:00,2017,332,13:30:00,332.56,96.0,9119.0,157.0,54.0,1.0,51.0,0.0,-6629.0,0.0,0.0,214.0,214.0,11630.0,10741.0,963.0,278.0,91.0,91.0,76.0,76.0,2576252
HAUTS DE FRANCE,2014-03-22 23:30:00,2014,81,23:30:00,81.98,552.0,3593.0,649.0,0.0,2.0,97.0,0.0,915.0,0.0,0.0,2278.0,2278.0,5460.0,5460.0,2275.0,211.0,5.0,5.0,139.0,139.0,6006156
NOUVELLE AQUITAINE,2014-07-26 14:00:00,2014,207,14:00:00,207.58,25.0,4063.0,12.0,632.0,114.0,127.0,0.0,-505.0,0.0,0.0,421.0,421.0,6630.0,5720.0,447.0,1191.0,1772.0,1772.0,220.0,220.0,5879144
PAYS DE LA LOIRE,2023-01-27 15:30:00,2023,27,15:30:00,27.65,1721.0,0.0,699.0,108.0,6.0,56.0,0.0,1718.0,0.0,0.0,2068.0,2028.0,0.0,0.0,1707.0,941.0,10.0,10.0,80.0,80.0,3907426
PROVENCE ALPES COTE D AZUR,2013-10-28 18:00:00,2013,301,18:00:00,301.75,722.0,0.0,0.0,0.0,1488.0,41.0,0.0,2278.0,0.0,0.0,2590.0,2316.0,0.0,0.0,45.0,740.0,3160.0,3160.0,151.0,151.0,4953675
PROVENCE ALPES COTE D AZUR,2022-01-02 17:30:00,2022,2,17:30:00,2.73,163.0,0.0,5.0,0.0,847.0,86.0,0.0,4195.0,0.0,0.0,2724.0,2460.0,0.0,0.0,96.0,1748.0,3266.0,3222.0,357.0,357.0,5150362
HAUTS DE FRANCE,2023-01-24 23:00:00,2023,24,23:00:00,24.96,2268.0,4547.0,177.0,0.0,2.0,125.0,0.0,-818.0,0.0,0.0,3003.0,2897.0,5460.0,4550.0,6095.0,463.0,6.0,6.0,198.0,198.0,5980697
HAUTS DE FRANCE,2013-07-28 17:00:00,2013,209,17:00:00,209.71,295.0,3450.0,165.0,54.0,1.0,64.0,0.0,34.0,0.0,0.0,2268.0,2268.0,5460.0,5460.0,2193.0,210.0,5.0,5.0,139.0,139.0,5987883
PROVENCE ALPES COTE D AZUR,2018-11-21 14:30:00,2018,325,14:30:00,325.6,1894.0,0.0,2.0,155.0,1801.0,86.0,0.0,1676.0,0.0,0.0,2671.0,2365.0,0.0,0.0,48.0,1318.0,3233.0,3109.0,357.0,207.0,5052832
PAYS DE LA LOIRE,2016-01-07 23:30:00,2016,7,23:30:00,7.98,448.0,0.0,32.0,0.0,4.0,36.0,0.0,3394.0,0.0,0.0,1880.0,1488.0,0.0,0.0,605.0,457.0,8.0,8.0,61.0,61.0,3737632
NOUVELLE AQUITAINE,2019-02-03 13:00:00,2019,34,13:00:00,34.54,278.0,6639.0,147.0,1269.0,380.0,211.0,0.0,-1919.0,0.0,0.0,538.0,538.0,6630.0,6630.0,975.0,2443.0,1781.0,1675.0,318.0,318.0,6010289
AUVERGNE RHONE ALPES,2018-05-08 17:30:00,2018,128,17:30:00,128.73,18.0,8270.0,55.0,187.0,3729.0,126.0,-989.0,-5543.0,0.0,0.0,1000.0,1000.0,13570.0,12562.0,578.0,1044.0,11259.0,11055.0,179.0,179.0,7994459
OCCITANIE,2020-12-07 05:00:00,2020,342,05:00:00,342.21,87.0,1071.0,313.0,0.0,381.0,90.0,-453.0,3443.0,0.0,0.0,318.0,318.0,2620.0,1310.0,1593.0,2354.0,5498.0,5268.0,172.0,172.0,5973969
NOUVELLE AQUITAINE,2018-01-02 06:30:00,2018,2,06:30:00,2.27,154.0,5642.0,260.0,-1.0,784.0,178.0,0.0,-1820.0,0.0,0.0,478.0,478.0,6630.0,5780.0,882.0,2219.0,1781.0,1781.0,307.0,307.0,5979778
AUVERGNE RHONE ALPES,2016-07-21 02:00:00,2016,203,02:00:00,203.08,75.0,6471.0,60.0,0.0,2148.0,94.0,-440.0,-2305.0,0.0,0.0,959.0,959.0,13570.0,12629.0,399.0,919.0,11219.0,11060.0,170.0,170.0,7916889
PROVENCE ALPES COTE D AZUR,2015-05-01 21:30:00,2015,121,21:30:00,121.9,163.0,0.0,0.0,0.0,1151.0,59.0,0.0,2838.0,0.0,0.0,2610.0,2241.0,0.0,0.0,45.0,913.0,3168.0,3168.0,183.0,183.0,5007977
NORMANDIE,2017-10-26 11:00:00,2017,299,11:00:00,299.46,825.0,6088.0,11.0,19.0,16.0,46.0,0.0,-3571.0,0.0,0.0,802.0,714.0,10640.0,9602.0,701.0,223.0,31.0,31.0,100.0,100.0,3330478
BOURGOGNE FRANCHE COMTE,2014-07-25 20:00:00,2014,206,20:00:00,206.83,15.0,0.0,18.0,8.0,123.0,20.0,0.0,1815.0,0.0,0.0,313.0,68.0,0.0,0.0,254.0,251.0,508.0,508.0,26.0,26.0,2820623
HAUTS DE FRANCE,2018-09-18 20:30:00,2018,261,20:30:00,261.85,1024.0,1938.0,187.0,0.0,0.0,120.0,0.0,2323.0,0.0,0.0,2922.0,2693.0,5460.0,4571.0,4016.0,229.0,5.0,5.0,171.0,171.0,6004108
OCCITANIE,2021-06-04 18:00:00,2021,155,18:00:00,155.75,0.0,1256.0,53.0,249.0,1616.0,49.0,-102.0,467.0,0.0,0.0,318.0,318.0,2620.0,2620.0,1593.0,2568.0,5499.0,5332.0,172.0,172.0,6022176
NORMANDIE,2014-09-24 11:30:00,2014,267,11:30:00,267.48,251.0,7668.0,69.0,44.0,11.0,63.0,0.0,-5027.0,0.0,0.0,761.0,181.0,10640.0,10640.0,489.0,213.0,24.0,24.0,91.0,91.0,3335645
PROVENCE ALPES COTE D AZUR,2022-03-24 16:30:00,2022,83,16:30:00,83.69,1776.0,0.0,0.0,699.0,353.0,112.0,0.0,1385.0,0.0,0.0,2724.0,2693.0,0.0,0.0,96.0,1797.0,3266.0,3124.0,357.0,357.0,5150362
GRAND EST,2022-02-10 00:30:00,2022,41,00:30:00,41.02,2049.0,7451.0,2047.0,0.0,793.0,160.0,0.0,-6486.0,0.0,0.0,3590.0,3384.0,10820.0,10035.0,4200.0,994.0,2306.0,2104.0,212.0,212.0,5563889
AUVERGNE RHONE ALPES,2016-02-04 10:00:00,2016,35,10:00:00,35.42,188.0,12559.0,153.0,129.0,6164.0,128.0,-11.0,-9036.0,0.0,0.0,952.0,952.0,13570.0,13042.0,384.0,896.0,11204.0,10917.0,170.0,170.0,7916889
AUVERGNE RHONE ALPES,2020-10-17 19:00:00,2020,291,19:00:00,291.79,416.0,9839.0,58.0,0.0,3809.0,112.0,-5.0,-6833.0,0.0,0.0,1035.0,1035.0,13570.0,12656.0,700.0,1329.0,11751.0,11589.0,194.0,194.0,8078652
AUVERGNE RHONE ALPES,2021-07-13 11:30:00,2021,194,11:30:00,194.48,422.0,7933.0,138.0,422.0,3967.0,114.0,-22.0,-5628.0,0.0,0.0,1047.0,1047.0,13570.0,13570.0,723.0,1499.0,11771.0,11624.0,208.0,208.0,8114361
CENTRE VAL DE LOIRE,2021-06-04 01:30:00,2021,155,01:30:00,155.06,0.0,6310.0,65.0,0.0,2.0,67.0,0.0,-4882.0,0.0,0.0,229.0,229.0,11630.0,11630.0,1333.0,546.0,92.0,92.0,89.0,89.0,2573303
NORMANDIE,2016-06-02 12:30:00,2016,154,12:30:00,154.52,226.0,6062.0,313.0,18.0,3.0,24.0,0.0,-3383.0,0.0,0.0,773.0,193.0,10640.0,9516.0,563.0,218.0,31.0,31.0,95.0,95.0,3335929
NOUVELLE AQUITAINE,2016-12-15 05:00:00,2016,350,05:00:00,350.21,238.0,5230.0,126.0,0.0,96.0,142.0,0.0,-251.0,0.0,0.0,450.0,450.0,6630.0,5135.0,696.0,1919.0,1780.0,1780.0,293.0,293.0,5935603
NORMANDIE,2017-03-09 21:00:00,2017,68,21:00:00,68.88,934.0,6520.0,29.0,0.0,19.0,50.0,0.0,-4005.0,0.0,0.0,785.0,785.0,10640.0,9310.0,622.0,220.0,31.0,31.0,97.0,97.0,3330478
PROVENCE ALPES COTE D AZUR,2014-03-05 20:00:00,2014,64,20:00:00,64.83,255.0,0.0,43.0,0.0,2011.0,60.0,0.0,3957.0,0.0,0.0,2592.0,2318.0,0.0,0.0,45.0,795.0,3160.0,3160.0,164.0,164.0,4983438
OCCITANIE,2021-07-18 07:00:00,2021,199,07:00:00,199.29,0.0,1251.0,436.0,27.0,443.0,67.0,-477.0,870.0,0.0,0.0,325.0,325.0,2620.0,2620.0,1593.0,2606.0,5499.0,5332.0,172.0,172.0,6022176
BOURGOGNE FRANCHE COMTE,2018-08-28 18:00:00,2018,240,18:00:00,240.75,25.0,0.0,4.0,72.0,14.0,28.0,-1.0,2170.0,0.0,0.0,386.0,386.0,0.0,0.0,708.0,309.0,520.0,443.0,37.0,37.0,2807807
PAYS DE LA LOIRE,2014-11-22 22:30:00,2014,326,22:30:00,326.94,545.0,0.0,94.0,0.0,5.0,48.0,0.0,2013.0,0.0,0.0,1864.0,1864.0,0.0,0.0,527.0,435.0,7.0,7.0,58.0,58.0,3690833
NORMANDIE,2022-12-06 11:00:00,2022,340,11:00:00,340.46,438.0,6128.0,24.0,29.0,13.0,83.0,0.0,-2346.0,0.0,0.0,852.0,852.0,10640.0,9392.0,965.0,321.0,31.0,31.0,149.0,149.0,3327604
PAYS DE LA LOIRE,2016-05-01 13:30:00,2016,122,13:30:00,122.56,12.0,0.0,14.0,286.0,5.0,36.0,0.0,2274.0,0.0,0.0,1880.0,1337.0,0.0,0.0,649.0,466.0,8.0,8.0,62.0,62.0,3737632
GRAND EST,2019-08-30 11:30:00,2019,242,11:30:00,242.48,1397.0,8076.0,11.0,478.0,1149.0,125.0,0.0,-5851.0,0.0,0.0,3531.0,3531.0,10820.0,9609.0,3445.0,592.0,2303.0,2032.0,172.0,172.0,5556219
HAUTS DE FRANCE,2021-11-04 14:00:00,2021,308,14:00:00,308.58,1772.0,2642.0,1096.0,70.0,2.0,115.0,0.0,1042.0,0.0,0.0,2990.0,2990.0,5460.0,4550.0,5579.0,422.0,5.0,5.0,190.0,190.0,5995292
AUVERGNE RHONE ALPES,2016-04-11 05:30:00,2016,102,05:30:00,102.23,34.0,8678.0,279.0,0.0,2009.0,106.0,-1381.0,-2914.0,0.0,0.0,959.0,558.0,13570.0,12700.0,384.0,910.0,11205.0,11021.0,170.0,170.0,7916889
NORMANDIE,2013-09-23 03:30:00,2013,266,03:30:00,266.15,231.0,5652.0,38.0,0.0,14.0,42.0,0.0,-3733.0,0.0,0.0,761.0,761.0,10640.0,10640.0,444.0,210.0,23.0,23.0,88.0,88.0,3328364
GRAND EST,2018-11-27 00:00:00,2018,331,00:00:00,331.0,2375.0,11606.0,128.0,0.0,299.0,112.0,0.0,-8488.0,0.0,0.0,3531.0,2936.0,10820.0,9981.0,3267.0,561.0,2301.0,2006.0,161.0,161.0,5550389
HAUTS DE FRANCE,2013-04-21 19:00:00,2013,111,19:00:00,111.79,313.0,2676.0,104.0,19.0,1.0,47.0,0.0,1520.0,0.0,0.0,2268.0,2268.0,5460.0,5460.0,2114.0,210.0,5.0,5.0,139.0,139.0,5987883
OCCITANIE,2013-04-17 05:00:00,2013,107,05:00:00,107.21,-3.0,1961.0,34.0,0.0,1654.0,41.0,-79.0,-821.0,0.0,0.0,245.0,245.0,2620.0,2620.0,861.0,1053.0,5378.0,5378.0,126.0,126.0,5683878
PAYS DE LA LOIRE,2022-02-07 20:30:00,2022,38,20:30:00,38.85,1572.0,0.0,38.0,1.0,5.0,57.0,0.0,2162.0,0.0,0.0,2068.0,2068.0,0.0,0.0,1137.0,812.0,10.0,10.0,80.0,80.0,3878839
BRETAGNE,2015-06-01 06:30:00,2015,152,06:30:00,152.27,0.0,0.0,45.0,0.0,28.0,31.0,-1.0,1812.0,0.0,0.0,724.0,639.0,0.0,0.0,801.0,220.0,272.0,272.0,55.0,55.0,3293850
BRETAGNE,2014-06-05 14:00:00,2014,156,14:00:00,156.58,0.0,0.0,87.0,87.0,7.0,28.0,-1.0,2194.0,0.0,0.0,688.0,688.0,0.0,0.0,763.0,211.0,272.0,272.0,51.0,51.0,3276543
PAYS DE LA LOIRE,2015-05-14 09:00:00,2015,134,09:00:00,134.38,20.0,0.0,241.0,25.0,2.0,36.0,0.0,1732.0,0.0,0.0,1867.0,1274.0,0.0,0.0,560.0,447.0,7.0,7.0,59.0,59.0,3718512
ILE DE FRANCE,2021-05-08 15:30:00,2021,128,15:30:00,128.65,6.0,0.0,44.0,65.0,11.0,145.0,0.0,6185.0,0.0,0.0,2171.0,2171.0,0.0,0.0,125.0,172.0,20.0,20.0,314.0,314.0,12317279
BOURGOGNE FRANCHE COMTE,2014-03-28 00:30:00,2014,87,00:30:00,87.02,100.0,0.0,4.0,0.0,60.0,25.0,0.0,2256.0,0.0,0.0,313.0,68.0,0.0,0.0,242.0,245.0,508.0,508.0,25.0,25.0,2820623
NOUVELLE AQUITAINE,2019-08-26 16:30:00,2019,238,16:30:00,238.69,19.0,2351.0,61.0,1133.0,119.0,189.0,0.0,990.0,0.0,0.0,538.0,538.0,6630.0,5633.0,1017.0,2545.0,1782.0,1673.0,319.0,319.0,6010289
ILE DE FRANCE,2017-08-09 19:30:00,2017,221,19:30:00,221.81,2.0,0.0,5.0,8.0,5.0,140.0,0.0,6012.0,0.0,0.0,2149.0,1811.0,0.0,0.0,88.0,117.0,19.0,19.0,301.0,301.0,12174880
NORMANDIE,2015-06-06 23:00:00,2015,157,23:00:00,157.96,241.0,4959.0,27.0,0.0,15.0,55.0,0.0,-2348.0,0.0,0.0,761.0,181.0,10640.0,9310.0,522.0,215.0,24.0,24.0,94.0,94.0,3339131
PROVENCE ALPES COTE D AZUR,2022-08-08 06:00:00,2022,220,06:00:00,220.25,706.0,0.0,6.0,0.0,271.0,67.0,0.0,2365.0,0.0,0.0,2724.0,2540.0,0.0,0.0,96.0,1866.0,3267.0,3191.0,357.0,357.0,5150362
GRAND EST,2021-08-10 01:30:00,2021,222,01:30:00,222.06,29.0,7606.0,262.0,1.0,1276.0,145.0,0.0,-5713.0,0.0,0.0,3585.0,3585.0,10820.0,9940.0,3939.0,925.0,2305.0,2103.0,208.0,208.0,5561287
PROVENCE ALPES COTE D AZUR,2019-05-22 00:00:00,2019,142,00:00:00,142.0,1192.0,0.0,23.0,0.0,957.0,111.0,0.0,1856.0,0.0,0.0,2674.0,2283.0,0.0,0.0,48.0,1362.0,3241.0,3115.0,357.0,207.0,5081101
HAUTS DE FRANCE,2017-03-19 07:30:00,2017,78,07:30:00,78.31,368.0,3457.0,1636.0,0.0,2.0,128.0,0.0,-651.0,0.0,0.0,2900.0,2900.0,5460.0,4550.0,3351.0,214.0,5.0,5.0,164.0,164.0,6003815
ILE DE FRANCE,2014-06-05 21:30:00,2014,156,21:30:00,156.9,-1.0,0.0,0.0,1.0,7.0,124.0,0.0,6780.0,0.0,0.0,2122.0,2122.0,0.0,0.0,37.0,111.0,19.0,19.0,282.0,282.0,12027565
NORMANDIE,2022-07-16 14:30:00,2022,197,14:30:00,197.6,178.0,3639.0,66.0,170.0,4.0,86.0,0.0,-1814.0,0.0,0.0,852.0,852.0,10640.0,9310.0,933.0,314.0,31.0,31.0,149.0,149.0,3327604
PROVENCE ALPES COTE D AZUR,2020-06-05 16:30:00,2020,157,16:30:00,157.69,77.0,0.0,17.0,806.0,1971.0,101.0,0.0,778.0,0.0,0.0,2710.0,2279.0,0.0,0.0,48.0,1462.0,3259.0,3259.0,357.0,207.0,5098666
BRETAGNE,2016-08-10 19:00:00,2016,223,19:00:00,223.79,1.0,0.0,118.0,40.0,121.0,39.0,-1.0,1755.0,0.0,0.0,771.0,771.0,0.0,0.0,877.0,228.0,275.0,275.0,56.0,56.0,3306529
BRETAGNE,2016-04-09 13:30:00,2016,100,13:30:00,100.56,0.0,0.0,281.0,69.0,188.0,35.0,-1.0,2075.0,0.0,0.0,771.0,771.0,0.0,0.0,829.0,225.0,275.0,275.0,56.0,56.0,3306529
HAUTS DE FRANCE,2019-01-08 11:00:00,2019,8,11:00:00,8.46,1724.0,5454.0,1824.0,35.0,2.0,118.0,0.0,-1763.0,0.0,0.0,2969.0,2738.0,5460.0,5460.0,4359.0,235.0,5.0,5.0,177.0,177.0,6004947
AUVERGNE RHONE ALPES,2017-12-15 23:30:00,2017,349,23:30:00,349.98,211.0,8473.0,179.0,0.0,3340.0,145.0,-336.0,-1983.0,0.0,0.0,1000.0,1000.0,13570.0,12698.0,548.0,997.0,11253.0,11042.0,179.0,179.0,7948287
NOUVELLE AQUITAINE,2021-09-22 06:00:00,2021,265,06:00:00,265.25,61.0,4242.0,272.0,0.0,208.0,116.0,0.0,-1425.0,0.0,0.0,578.0,578.0,6630.0,5135.0,1336.0,3269.0,1784.0,1784.0,354.0,354.0,6069352
OCCITANIE,2015-10-28 12:00:00,2015,301,12:00:00,301.5,-3.0,2559.0,184.0,310.0,1611.0,81.0,0.0,-297.0,0.0,0.0,266.0,0.0,2620.0,2620.0,1039.0,1461.0,5456.0,5169.0,137.0,137.0,5774185
BRETAGNE,2017-05-02 00:00:00,2017,122,00:00:00,122.0,1.0,0.0,212.0,0.0,4.0,41.0,-1.0,2493.0,0.0,0.0,848.0,763.0,0.0,0.0,898.0,235.0,275.0,275.0,66.0,66.0,3318904
NORMANDIE,2019-09-17 20:00:00,2019,260,20:00:00,260.83,234.0,5035.0,222.0,1.0,7.0,57.0,0.0,-2845.0,0.0,0.0,833.0,253.0,10640.0,9310.0,806.0,258.0,31.0,31.0,108.0,108.0,3325032
ILE DE FRANCE,2015-09-01 09:30:00,2015,244,09:30:00,244.4,-2.0,0.0,4.0,3.0,8.0,126.0,0.0,7668.0,0.0,0.0,2144.0,1728.0,0.0,0.0,49.0,113.0,19.0,19.0,300.0,300.0,12082144
BOURGOGNE FRANCHE COMTE,2014-04-01 15:00:00,2014,91,15:00:00,91.62,27.0,0.0,36.0,101.0,52.0,11.0,0.0,2223.0,0.0,0.0,313.0,68.0,0.0,0.0,242.0,245.0,508.0,508.0,25.0,25.0,2820623
GRAND EST,2020-11-06 03:30:00,2020,311,03:30:00,311.15,513.0,10212.0,1725.0,0.0,899.0,123.0,-348.0,-8099.0,0.0,0.0,3585.0,3169.0,10820.0,9667.0,3833.0,670.0,2305.0,2103.0,190.0,190.0,5562651
AUVERGNE RHONE ALPES,2018-06-29 22:00:00,2018,180,22:00:00,180.92,20.0,8994.0,31.0,0.0,5376.0,112.0,-7.0,-7857.0,0.0,0.0,1000.0,599.0,13570.0,12581.0,578.0,1060.0,11260.0,11097.0,179.0,179.0,7994459
AUVERGNE RHONE ALPES,2019-10-29 01:00:00,2019,302,01:00:00,302.04,454.0,9834.0,11.0,0.0,2124.0,111.0,-415.0,-6058.0,0.0,0.0,1027.0,1027.0,13570.0,12648.0,635.0,1200.0,11632.0,11439.0,191.0,191.0,8042936
NOUVELLE AQUITAINE,2018-09-25 21:00:00,2018,268,21:00:00,268.88,20.0,4243.0,398.0,-1.0,364.0,168.0,0.0,-993.0,0.0,0.0,485.0,485.0,6630.0,5428.0,947.0,2399.0,1781.0,1781.0,316.0,316.0,5979778
OCCITANIE,2013-01-22 17:00:00,2013,22,17:00:00,22.71,75.0,2611.0,71.0,25.0,1851.0,59.0,0.0,1359.0,0.0,0.0,245.0,245.0,2620.0,2620.0,861.0,1043.0,5369.0,5369.0,126.0,126.0,5683878
CENTRE VAL DE LOIRE,2018-04-25 06:30:00,2018,115,06:30:00,115.27,0.0,7200.0,162.0,0.0,2.0,59.0,0.0,-5793.0,0.0,0.0,216.0,216.0,11630.0,10734.0,1014.0,286.0,91.0,91.0,76.0,76.0,2572853
BOURGOGNE FRANCHE COMTE,2017-07-10 21:00:00,2017,191,21:00:00,191.88,56.0,0.0,100.0,1.0,18.0,22.0,0.0,2014.0,0.0,0.0,331.0,331.0,0.0,0.0,605.0,270.0,519.0,519.0,32.0,32.0,2811423
OCCITANIE,2021-07-08 16:30:00,2021,189,16:30:00,189.69,0.0,1249.0,744.0,1358.0,600.0,79.0,-425.0,213.0,0.0,0.0,318.0,318.0,2620.0,2620.0,1593.0,2603.0,5499.0,5332.0,172.0,172.0,6022176
NOUVELLE AQUITAINE,2018-02-18 22:00:00,2018,49,22:00:00,49.92,209.0,6554.0,34.0,-1.0,699.0,190.0,0.0,-1842.0,0.0,0.0,482.0,482.0,6630.0,5720.0,882.0,2267.0,1781.0,1781.0,314.0,314.0,5979778
PROVENCE ALPES COTE D AZUR,2018-04-25 22:00:00,2018,115,22:00:00,115.92,64.0,0.0,13.0,0.0,1929.0,223.0,0.0,1643.0,0.0,0.0,2666.0,2287.0,0.0,0.0,48.0,1244.0,3233.0,3087.0,357.0,357.0,5052832
BRETAGNE,2019-11-06 06:30:00,2019,310,06:30:00,310.27,185.0,0.0,143.0,0.0,18.0,40.0,-1.0,2367.0,0.0,0.0,974.0,840.0,0.0,0.0,1021.0,270.0,272.0,272.0,75.0,75.0,3354854
GRAND EST,2021-05-20 09:30:00,2021,140,09:30:00,140.4,468.0,6410.0,95.0,180.0,1195.0,137.0,0.0,-2796.0,0.0,0.0,3585.0,3172.0,10820.0,9940.0,3900.0,888.0,2305.0,2103.0,207.0,207.0,5561287
AUVERGNE RHONE ALPES,2016-06-04 14:30:00,2016,156,14:30:00,156.6,51.0,6937.0,5.0,308.0,4371.0,99.0,-337.0,-5308.0,0.0,0.0,959.0,959.0,13570.0,12628.0,384.0,917.0,11211.0,11012.0,170.0,170.0,7916889
BOURGOGNE FRANCHE COMTE,2021-04-22 12:00:00,2021,112,12:00:00,112.5,58.0,0.0,63.0,236.0,32.0,47.0,0.0,2210.0,0.0,0.0,401.0,401.0,0.0,0.0,955.0,416.0,523.0,523.0,71.0,71.0,2800194
BOURGOGNE FRANCHE COMTE,2013-12-13 11:00:00,2013,347,11:00:00,347.46,104.0,0.0,6.0,50.0,204.0,11.0,0.0,3438.0,0.0,0.0,313.0,313.0,0.0,0.0,216.0,241.0,490.0,490.0,25.0,25.0,2819783
NOUVELLE AQUITAINE,2013-01-15 20:00:00,2013,15,20:00:00,15.83,261.0,6720.0,43.0,0.0,687.0,138.0,0.0,-337.0,0.0,0.0,418.0,418.0,6630.0,6630.0,356.0,943.0,1757.0,1757.0,208.0,208.0,5844177
PAYS DE LA LOIRE,2017-09-09 09:30:00,2017,252,09:30:00,252.4,3.0,0.0,142.0,76.0,0.0,44.0,0.0,2096.0,0.0,0.0,1921.0,1302.0,0.0,0.0,727.0,505.0,8.0,8.0,66.0,66.0,3757600
OCCITANIE,2013-08-18 02:30:00,2013,230,02:30:00,230.1,-2.0,1112.0,45.0,0.0,562.0,79.0,-638.0,1725.0,0.0,0.0,246.0,246.0,2620.0,2620.0,889.0,1098.0,5387.0,5387.0,126.0,126.0,5683878
PAYS DE LA LOIRE,2015-07-28 23:00:00,2015,209,23:00:00,209.96,27.0,0.0,14.0,0.0,0.0,38.0,0.0,3029.0,0.0,0.0,1867.0,1274.0,0.0,0.0,560.0,454.0,7.0,7.0,61.0,61.0,3718512
AUVERGNE RHONE ALPES,2022-12-21 01:00:00,2022,355,01:00:00,355.04,145.0,10521.0,352.0,0.0,2080.0,118.0,-1537.0,-4722.0,0.0,0.0,1050.0,1050.0,13570.0,12715.0,723.0,1850.0,11791.0,11685.0,208.0,208.0,8155762
NOUVELLE AQUITAINE,2017-11-01 20:30:00,2017,305,20:30:00,305.85,184.0,6624.0,261.0,-1.0,169.0,191.0,0.0,-2490.0,0.0,0.0,473.0,473.0,6630.0,6630.0,855.0,2086.0,1780.0,1675.0,307.0,307.0,5956978
ILE DE FRANCE,2022-04-21 17:30:00,2022,111,17:30:00,111.73,0.0,0.0,34.0,68.0,8.0,123.0,0.0,6941.0,0.0,0.0,2171.0,2031.0,0.0,0.0,148.0,217.0,20.0,20.0,314.0,314.0,12354286
PROVENCE ALPES COTE D AZUR,2020-10-01 08:30:00,2020,275,08:30:00,275.35,1229.0,0.0,2.0,90.0,920.0,74.0,0.0,1691.0,0.0,0.0,2711.0,2352.0,0.0,0.0,48.0,1525.0,3262.0,3185.0,357.0,207.0,5098666
CENTRE VAL DE LOIRE,2022-01-31 22:30:00,2022,31,22:30:00,31.94,96.0,10448.0,335.0,0.0,6.0,60.0,0.0,-8224.0,0.0,0.0,229.0,229.0,11630.0,10867.0,1381.0,698.0,92.0,92.0,90.0,90.0,2572916
NOUVELLE AQUITAINE,2013-03-04 05:00:00,2013,63,05:00:00,63.21,236.0,6406.0,86.0,0.0,435.0,139.0,0.0,-1410.0,0.0,0.0,418.0,418.0,6630.0,6630.0,356.0,948.0,1759.0,1759.0,208.0,208.0,5844177
GRAND EST,2013-02-17 22:30:00,2013,48,22:30:00,48.94,1694.0,9668.0,704.0,0.0,1155.0,58.0,0.0,-7277.0,0.0,0.0,3398.0,3398.0,10820.0,10820.0,1812.0,500.0,2280.0,2280.0,86.0,86.0,5552388
GRAND EST,2014-06-02 10:30:00,2014,153,10:30:00,153.44,621.0,9136.0,21.0,239.0,1228.0,52.0,0.0,-6173.0,0.0,0.0,3398.0,3198.0,10820.0,10820.0,2050.0,515.0,2283.0,2283.0,96.0,96.0,5554645
NOUVELLE AQUITAINE,2021-07-24 20:30:00,2021,205,20:30:00,205.85,6.0,4991.0,573.0,176.0,549.0,182.0,0.0,-2507.0,0.0,0.0,578.0,578.0,6630.0,6630.0,1311.0,3222.0,1784.0,1784.0,354.0,354.0,6069352
GRAND EST,2022-07-31 23:30:00,2022,212,23:30:00,212.98,448.0,2389.0,753.0,0.0,941.0,153.0,0.0,-867.0,0.0,0.0,3590.0,3149.0,10820.0,9782.0,4290.0,1078.0,2308.0,1954.0,235.0,235.0,5563889
PAYS DE LA LOIRE,2013-10-28 10:30:00,2013,301,10:30:00,301.44,1009.0,0.0,415.0,55.0,0.0,22.0,0.0,1668.0,0.0,0.0,1837.0,1837.0,0.0,0.0,502.0,397.0,6.0,6.0,58.0,58.0,3660852
CENTRE VAL DE LOIRE,2016-04-17 18:30:00,2016,108,18:30:00,108.77,0.0,8270.0,160.0,42.0,50.0,50.0,0.0,-6796.0,0.0,0.0,170.0,170.0,11630.0,10637.0,862.0,248.0,91.0,91.0,71.0,71.0,2577866
CENTRE VAL DE LOIRE,2013-07-13 01:30:00,2013,194,01:30:00,194.06,6.0,7220.0,264.0,0.0,0.0,29.0,0.0,-5722.0,0.0,0.0,162.0,162.0,11630.0,11630.0,697.0,211.0,91.0,91.0,56.0,56.0,2570548
CENTRE VAL DE LOIRE,2020-08-10 15:30:00,2020,223,15:30:00,223.65,12.0,5416.0,11.0,160.0,0.0,59.0,0.0,-3809.0,0.0,0.0,229.0,229.0,11630.0,10685.0,1256.0,377.0,92.0,92.0,88.0,88.0,2574863
BOURGOGNE FRANCHE COMTE,2020-08-27 16:00:00,2020,240,16:00:00,240.67,25.0,0.0,157.0,185.0,9.0,29.0,0.0,1850.0,0.0,0.0,401.0,401.0,0.0,0.0,889.0,357.0,521.0,521.0,70.0,70.0,2801695
HAUTS DE FRANCE,2013-03-24 02:30:00,2013,83,02:30:00,83.1,875.0,3654.0,385.0,0.0,1.0,72.0,0.0,1291.0,0.0,0.0,2268.0,2268.0,5460.0,5460.0,2114.0,210.0,4.0,4.0,122.0,122.0,5987883
NOUVELLE AQUITAINE,2015-02-19 04:30:00,2015,50,04:30:00,50.19,155.0,4849.0,32.0,0.0,561.0,162.0,0.0,381.0,0.0,0.0,427.0,427.0,6630.0,5720.0,469.0,1406.0,1774.0,1774.0,234.0,234.0,5911482
NOUVELLE AQUITAINE,2018-12-06 06:30:00,2018,340,06:30:00,340.27,223.0,6425.0,352.0,-1.0,143.0,188.0,0.0,-2219.0,0.0,0.0,527.0,527.0,6630.0,6630.0,965.0,2417.0,1781.0,1781.0,318.0,318.0,5979778
NOUVELLE AQUITAINE,2017-09-19 07:30:00,2017,262,07:30:00,262.31,43.0,5730.0,50.0,-1.0,467.0,168.0,0.0,-1621.0,0.0,0.0,465.0,465.0,6630.0,5720.0,814.0,2017.0,1780.0,1670.0,306.0,306.0,5956978
PROVENCE ALPES COTE D AZUR,2022-09-10 09:00:00,2022,253,09:00:00,253.38,486.0,0.0,10.0,379.0,213.0,66.0,0.0,2474.0,0.0,0.0,2724.0,2377.0,0.0,0.0,96.0,1870.0,3267.0,3216.0,357.0,357.0,5150362
OCCITANIE,2015-03-07 06:00:00,2015,66,06:00:00,66.25,60.0,2574.0,42.0,0.0,1726.0,87.0,-16.0,215.0,0.0,0.0,266.0,266.0,2620.0,2620.0,943.0,1378.0,5441.0,5214.0,133.0,133.0,5774185
ILE DE FRANCE,2013-11-14 08:00:00,2013,318,08:00:00,318.33,412.0,0.0,8.0,0.0,0.0,115.0,0.0,10597.0,0.0,0.0,2122.0,2122.0,0.0,0.0,37.0,109.0,19.0,19.0,282.0,282.0,11959807
BRETAGNE,2019-06-07 00:00:00,2019,158,00:00:00,158.0,1.0,0.0,122.0,0.0,1.0,49.0,-41.0,2359.0,0.0,0.0,956.0,846.0,0.0,0.0,1021.0,266.0,270.0,270.0,73.0,73.0,3354854
OCCITANIE,2014-11-07 03:00:00,2014,311,03:00:00,311.12,60.0,1075.0,17.0,0.0,504.0,101.0,-901.0,3079.0,0.0,0.0,251.0,0.0,2620.0,2620.0,943.0,1313.0,5416.0,5416.0,132.0,132.0,5730753
PAYS DE LA LOIRE,2017-09-19 08:30:00,2017,262,08:30:00,262.35,957.0,0.0,147.0,6.0,1.0,33.0,0.0,2137.0,0.0,0.0,1921.0,1302.0,0.0,0.0,727.0,505.0,8.0,8.0,66.0,66.0,3757600
NORMANDIE,2016-04-30 13:00:00,2016,121,13:00:00,121.54,568.0,5111.0,143.0,46.0,19.0,50.0,0.0,-2401.0,0.0,0.0,773.0,493.0,10640.0,9484.0,563.0,218.0,31.0,31.0,95.0,95.0,3335929
NOUVELLE AQUITAINE,2014-05-13 23:00:00,2014,133,23:00:00,133.96,28.0,5603.0,47.0,0.0,487.0,144.0,0.0,-1414.0,0.0,0.0,421.0,421.0,6630.0,6630.0,417.0,1100.0,1770.0,1770.0,220.0,220.0,5879144
CENTRE VAL DE LOIRE,2014-06-13 20:30:00,2014,164,20:30:00,164.85,2.0,8488.0,147.0,9.0,1.0,40.0,0.0,-7050.0,0.0,0.0,162.0,162.0,11630.0,11630.0,801.0,216.0,91.0,91.0,56.0,56.0,2577435
GRAND EST,2017-08-01 21:30:00,2017,213,21:30:00,213.9,1091.0,9974.0,14.0,0.0,944.0,81.0,0.0,-7910.0,0.0,0.0,3453.0,2970.0,10820.0,10034.0,2996.0,548.0,2298.0,1947.0,141.0,141.0,5549586
CENTRE VAL DE LOIRE,2020-09-05 15:30:00,2020,249,15:30:00,249.65,25.0,5851.0,170.0,133.0,0.0,66.0,0.0,-4746.0,0.0,0.0,229.0,229.0,11630.0,10668.0,1256.0,381.0,92.0,92.0,88.0,88.0,2574863
AUVERGNE RHONE ALPES,2020-07-31 15:30:00,2020,213,15:30:00,213.65,286.0,6946.0,63.0,668.0,3359.0,86.0,-15.0,-4055.0,0.0,0.0,1034.0,1034.0,13570.0,12655.0,647.0,1293.0,11746.0,11541.0,193.0,193.0,8078652
BRETAGNE,2013-09-04 18:30:00,2013,247,18:30:00,247.77,0.0,0.0,34.0,43.0,0.0,30.0,0.0,2179.0,0.0,0.0,665.0,665.0,0.0,0.0,722.0,206.0,11.0,11.0,48.0,48.0,3258707
HAUTS DE FRANCE,2019-06-27 14:30:00,2019,178,14:30:00,178.6,1416.0,2939.0,1470.0,108.0,1.0,111.0,0.0,-712.0,0.0,0.0,2969.0,2832.0,5460.0,4601.0,4531.0,237.0,5.0,5.0,178.0,178.0,6004947
OCCITANIE,2022-01-30 01:30:00,2022,30,01:30:00,30.06,88.0,2474.0,696.0,0.0,838.0,92.0,-9.0,1712.0,0.0,0.0,326.0,326.0,2620.0,1860.0,1593.0,2798.0,5500.0,5465.0,173.0,173.0,6067101
HAUTS DE FRANCE,2019-07-07 18:30:00,2019,188,18:30:00,188.77,541.0,3003.0,230.0,25.0,0.0,129.0,0.0,449.0,0.0,0.0,2969.0,2792.0,5460.0,4681.0,4531.0,237.0,5.0,5.0,178.0,178.0,6004947
ILE DE FRANCE,2017-08-13 00:30:00,2017,225,00:30:00,225.02,1.0,0.0,3.0,0.0,6.0,158.0,0.0,5142.0,0.0,0.0,2149.0,1844.0,0.0,0.0,88.0,117.0,19.0,19.0,301.0,301.0,12174880
GRAND EST,2021-06-22 19:30:00,2021,173,19:30:00,173.81,1191.0,7341.0,210.0,94.0,1261.0,126.0,0.0,-5251.0,0.0,0.0,3585.0,3172.0,10820.0,9940.0,3913.0,897.0,2305.0,2103.0,208.0,208.0,5561287
ILE DE FRANCE,2021-09-07 16:00:00,2021,250,16:00:00,250.67,0.0,0.0,40.0,93.0,6.0,174.0,0.0,7214.0,0.0,0.0,2171.0,2171.0,0.0,0.0,148.0,175.0,20.0,20.0,314.0,314.0,12317279
AUVERGNE RHONE ALPES,2022-09-16 21:00:00,2022,259,21:00:00,259.88,73.0,7040.0,226.0,1.0,1963.0,130.0,-13.0,-2371.0,0.0,0.0,1049.0,629.0,13570.0,12618.0,723.0,1784.0,11788.0,11663.0,208.0,208.0,8155762
NORMANDIE,2019-03-14 06:00:00,2019,73,06:00:00,73.25,391.0,7393.0,623.0,0.0,17.0,53.0,0.0,-4917.0,0.0,0.0,833.0,833.0,10640.0,9488.0,801.0,253.0,31.0,31.0,105.0,105.0,3325032
AUVERGNE RHONE ALPES,2020-06-23 16:30:00,2020,175,16:30:00,175.69,352.0,7162.0,23.0,651.0,3462.0,99.0,-13.0,-4779.0,0.0,0.0,1034.0,1034.0,13570.0,12586.0,647.0,1270.0,11746.0,11553.0,192.0,192.0,8078652
OCCITANIE,2021-11-18 10:30:00,2021,322,10:30:00,322.44,116.0,1236.0,444.0,796.0,773.0,80.0,0.0,1947.0,0.0,0.0,326.0,326.0,2620.0,2620.0,1593.0,2752.0,5500.0,5465.0,173.0,173.0,6022176
CENTRE VAL DE LOIRE,2018-06-23 11:30:00,2018,174,11:30:00,174.48,0.0,6406.0,121.0,177.0,1.0,65.0,0.0,-5078.0,0.0,0.0,216.0,216.0,11630.0,10720.0,1036.0,289.0,91.0,91.0,76.0,76.0,2572853
NORMANDIE,2013-09-22 06:00:00,2013,265,06:00:00,265.25,245.0,7153.0,1.0,0.0,11.0,40.0,0.0,-5330.0,0.0,0.0,761.0,761.0,10640.0,10640.0,444.0,210.0,23.0,23.0,88.0,88.0,3328364
BOURGOGNE FRANCHE COMTE,2022-08-13 18:30:00,2022,225,18:30:00,225.77,0.0,0.0,92.0,157.0,19.0,53.0,0.0,1307.0,0.0,0.0,401.0,401.0,0.0,0.0,1067.0,594.0,524.0,524.0,75.0,75.0,2797366
AUVERGNE RHONE ALPES,2017-04-06 12:30:00,2017,96,12:30:00,96.52,382.0,11082.0,224.0,434.0,2917.0,73.0,-4.0,-6704.0,0.0,0.0,985.0,985.0,13570.0,12454.0,486.0,942.0,11239.0,11061.0,178.0,178.0,7948287
OCCITANIE,2021-03-27 02:00:00,2021,86,02:00:00,86.08,76.0,1194.0,816.0,1.0,664.0,85.0,-510.0,1642.0,0.0,0.0,318.0,318.0,2620.0,2620.0,1593.0,2513.0,5499.0,5266.0,172.0,172.0,6022176
OCCITANIE,2017-12-31 21:00:00,2017,365,21:00:00,365.88,74.0,1244.0,962.0,0.0,906.0,95.0,-848.0,2721.0,0.0,0.0,291.0,291.0,2620.0,1310.0,1365.0,1808.0,5481.0,5481.0,145.0,145.0,5845102
AUVERGNE RHONE ALPES,2022-04-25 19:30:00,2022,115,19:30:00,115.81,269.0,7882.0,40.0,105.0,4665.0,109.0,-3.0,-5934.0,0.0,0.0,1048.0,1048.0,13570.0,12664.0,723.0,1676.0,11781.0,11615.0,208.0,208.0,8155762
CENTRE VAL DE LOIRE,2021-12-23 12:00:00,2021,357,12:00:00,357.5,125.0,8308.0,391.0,264.0,15.0,61.0,0.0,-6169.0,0.0,0.0,229.0,229.0,11630.0,10735.0,1381.0,693.0,92.0,92.0,90.0,90.0,2573303
BRETAGNE,2014-04-18 23:00:00,2014,108,23:00:00,108.96,1.0,0.0,214.0,0.0,6.0,27.0,-1.0,2369.0,0.0,0.0,688.0,688.0,0.0,0.0,747.0,210.0,251.0,251.0,51.0,51.0,3276543
BRETAGNE,2016-12-13 00:30:00,2016,348,00:30:00,348.02,194.0,0.0,139.0,0.0,194.0,39.0,-1.0,2386.0,0.0,0.0,842.0,842.0,0.0,0.0,877.0,232.0,275.0,275.0,57.0,57.0,3306529
HAUTS DE FRANCE,2020-01-04 11:30:00,2020,4,11:30:00,4.48,1566.0,4591.0,1320.0,58.0,2.0,133.0,0.0,-1043.0,0.0,0.0,2970.0,2832.0,5460.0,4550.0,4895.0,240.0,5.0,5.0,180.0,180.0,5997734
NORMANDIE,2013-05-11 21:30:00,2013,131,21:30:00,131.9,259.0,5578.0,307.0,0.0,6.0,44.0,0.0,-3348.0,0.0,0.0,761.0,761.0,10640.0,10150.0,423.0,208.0,23.0,23.0,88.0,88.0,3328364
BRETAGNE,2022-10-07 15:00:00,2022,280,15:00:00,280.62,407.0,0.0,65.0,224.0,0.0,57.0,0.0,1462.0,0.0,0.0,1432.0,1298.0,0.0,0.0,1209.0,403.0,272.0,272.0,83.0,83.0,3414637
HAUTS DE FRANCE,2017-09-30 13:30:00,2017,273,13:30:00,273.56,309.0,3572.0,347.0,65.0,1.0,116.0,0.0,935.0,0.0,0.0,2910.0,2335.0,5460.0,4550.0,3609.0,216.0,5.0,5.0,165.0,165.0,6003815
NOUVELLE AQUITAINE,2018-03-03 21:00:00,2018,62,21:00:00,62.88,169.0,6580.0,156.0,-1.0,1139.0,126.0,0.0,-2814.0,0.0,0.0,482.0,482.0,6630.0,5646.0,882.0,2277.0,1781.0,1781.0,314.0,314.0,5979778
NORMANDIE,2019-10-27 07:30:00,2019,300,07:30:00,300.31,158.0,2785.0,130.0,0.0,13.0,60.0,0.0,-708.0,0.0,0.0,833.0,253.0,10640.0,9393.0,806.0,259.0,31.0,31.0,108.0,108.0,3325032
BOURGOGNE FRANCHE COMTE,2022-02-04 01:30:00,2022,35,01:30:00,35.06,162.0,0.0,252.0,0.0,142.0,57.0,0.0,2077.0,0.0,0.0,401.0,401.0,0.0,0.0,1034.0,498.0,524.0,524.0,74.0,74.0,2797366
BRETAGNE,2015-03-19 08:00:00,2015,78,08:00:00,78.33,109.0,0.0,416.0,5.0,8.0,36.0,-2.0,2844.0,0.0,0.0,721.0,721.0,0.0,0.0,801.0,219.0,272.0,272.0,54.0,54.0,3293850
OCCITANIE,2017-06-19 00:30:00,2017,170,00:30:00,170.02,3.0,2435.0,386.0,0.0,501.0,69.0,-44.0,321.0,0.0,0.0,282.0,282.0,2620.0,1910.0,1237.0,1716.0,5475.0,5150.0,140.0,140.0,5845102
AUVERGNE RHONE ALPES,2017-12-03 05:30:00,2017,337,05:30:00,337.23,493.0,7509.0,126.0,0.0,1410.0,124.0,-1222.0,819.0,0.0,0.0,1000.0,1000.0,13570.0,12706.0,548.0,981.0,11247.0,11016.0,179.0,179.0,7948287
ILE DE FRANCE,2017-02-22 01:00:00,2017,53,01:00:00,53.04,410.0,0.0,11.0,0.0,12.0,145.0,0.0,7644.0,0.0,0.0,2149.0,1581.0,0.0,0.0,73.0,116.0,19.0,19.0,301.0,301.0,12174880
BRETAGNE,2015-06-09 05:30:00,2015,160,05:30:00,160.23,1.0,0.0,365.0,0.0,202.0,33.0,-1.0,1088.0,0.0,0.0,724.0,639.0,0.0,0.0,801.0,220.0,272.0,272.0,55.0,55.0,3293850
AUVERGNE RHONE ALPES,2013-01-01 04:00:00,2013,1,04:00:00,1.17,252.0,11302.0,221.0,0.0,2114.0,66.0,-1769.0,-4807.0,0.0,0.0,904.0,904.0,13570.0,13570.0,335.0,704.0,11113.0,11113.0,105.0,105.0,7757595
AUVERGNE RHONE ALPES,2022-06-01 11:30:00,2022,152,11:30:00,152.48,231.0,8597.0,23.0,503.0,3029.0,122.0,-6.0,-5104.0,0.0,0.0,1048.0,1048.0,13570.0,12814.0,723.0,1691.0,11782.0,11623.0,208.0,208.0,8155762
BRETAGNE,2018-10-28 07:30:00,2018,301,07:30:00,301.31,12.0,0.0,333.0,0.0,3.0,28.0,-1.0,2157.0,0.0,0.0,936.0,851.0,0.0,0.0,988.0,255.0,270.0,270.0,70.0,70.0,3335414
BOURGOGNE FRANCHE COMTE,2016-05-26 14:00:00,2016,147,14:00:00,147.58,65.0,0.0,5.0,109.0,307.0,19.0,0.0,1858.0,0.0,0.0,329.0,329.0,0.0,0.0,426.0,264.0,513.0,513.0,30.0,30.0,2818338
GRAND EST,2020-09-13 19:30:00,2020,257,19:30:00,257.81,792.0,4834.0,56.0,12.0,803.0,116.0,0.0,-2769.0,0.0,0.0,3585.0,3126.0,10820.0,9568.0,3739.0,647.0,2305.0,1901.0,186.0,186.0,5562651
BOURGOGNE FRANCHE COMTE,2018-11-20 15:30:00,2018,324,15:30:00,324.65,149.0,0.0,77.0,19.0,9.0,44.0,-1.0,3035.0,0.0,0.0,395.0,395.0,0.0,0.0,746.0,318.0,520.0,443.0,57.0,57.0,2807807
NOUVELLE AQUITAINE,2021-07-04 05:00:00,2021,185,05:00:00,185.21,29.0,3110.0,42.0,0.0,305.0,181.0,0.0,-727.0,0.0,0.0,578.0,578.0,6630.0,6630.0,1301.0,3170.0,1784.0,1784.0,354.0,354.0,6069352
ILE DE FRANCE,2018-07-30 07:00:00,2018,211,07:00:00,211.29,-1.0,0.0,11.0,1.0,7.0,136.0,0.0,5379.0,0.0,0.0,2157.0,2116.0,0.0,0.0,88.0,123.0,20.0,20.0,306.0,306.0,12213447
NOUVELLE AQUITAINE,2018-01-25 13:00:00,2018,25,13:00:00,25.54,239.0,6677.0,57.0,182.0,1202.0,173.0,0.0,-1767.0,0.0,0.0,482.0,482.0,6630.0,6630.0,882.0,2246.0,1781.0,1781.0,307.0,307.0,5979778
CENTRE VAL DE LOIRE,2016-01-13 13:30:00,2016,13,13:30:00,13.56,74.0,11493.0,145.0,60.0,35.0,48.0,0.0,-8909.0,0.0,0.0,170.0,170.0,11630.0,11630.0,842.0,243.0,91.0,91.0,71.0,71.0,2577866
GRAND EST,2015-12-05 07:00:00,2015,339,07:00:00,339.29,167.0,12331.0,477.0,0.0,517.0,89.0,-526.0,-7566.0,0.0,0.0,3424.0,3108.0,10820.0,10820.0,2548.0,525.0,2285.0,2083.0,119.0,119.0,5559051
OCCITANIE,2016-11-23 23:00:00,2016,328,23:00:00,328.96,54.0,2438.0,523.0,0.0,1374.0,90.0,0.0,227.0,0.0,0.0,273.0,273.0,2620.0,1550.0,1172.0,1667.0,5463.0,5253.0,140.0,140.0,5808435
GRAND EST,2022-07-24 05:00:00,2022,205,05:00:00,205.21,891.0,2465.0,45.0,0.0,498.0,148.0,0.0,-758.0,0.0,0.0,3590.0,3154.0,10820.0,9795.0,4290.0,1071.0,2308.0,1954.0,235.0,235.0,5563889
PROVENCE ALPES COTE D AZUR,2013-04-28 10:00:00,2013,118,10:00:00,118.42,433.0,0.0,11.0,54.0,1840.0,38.0,0.0,2036.0,0.0,0.0,2590.0,2528.0,0.0,0.0,45.0,689.0,3158.0,3158.0,151.0,151.0,4953675
NORMANDIE,2015-08-21 00:30:00,2015,233,00:30:00,233.02,223.0,6722.0,20.0,0.0,13.0,54.0,0.0,-4453.0,0.0,0.0,761.0,181.0,10640.0,9310.0,538.0,215.0,24.0,24.0,94.0,94.0,3339131
BRETAGNE,2014-11-29 02:30:00,2014,333,02:30:00,333.1,93.0,0.0,153.0,0.0,10.0,43.0,0.0,2180.0,0.0,0.0,712.0,712.0,0.0,0.0,781.0,217.0,272.0,272.0,52.0,52.0,3276543
PROVENCE ALPES COTE D AZUR,2018-05-05 10:30:00,2018,125,10:30:00,125.44,31.0,0.0,2.0,587.0,2051.0,103.0,0.0,1230.0,0.0,0.0,2666.0,2267.0,0.0,0.0,48.0,1245.0,3233.0,3233.0,357.0,215.0,5052832
HAUTS DE FRANCE,2013-04-24 03:00:00,2013,114,03:00:00,114.12,305.0,2991.0,99.0,0.0,1.0,57.0,0.0,1957.0,0.0,0.0,2268.0,2268.0,5460.0,5460.0,2114.0,210.0,5.0,5.0,139.0,139.0,5987883
OCCITANIE,2015-06-14 10:30:00,2015,165,10:30:00,165.44,-3.0,2394.0,170.0,361.0,1164.0,49.0,-656.0,-460.0,0.0,0.0,266.0,0.0,2620.0,2620.0,1039.0,1403.0,5453.0,5226.0,133.0,133.0,5774185
PROVENCE ALPES COTE D AZUR,2022-06-24 09:00:00,2022,175,09:00:00,175.38,835.0,0.0,11.0,354.0,1250.0,92.0,0.0,1959.0,0.0,0.0,2724.0,2405.0,0.0,0.0,96.0,1838.0,3267.0,3231.0,357.0,357.0,5150362
GRAND EST,2016-03-21 14:30:00,2016,81,14:30:00,81.6,2364.0,10224.0,454.0,130.0,895.0,96.0,0.0,-7894.0,0.0,0.0,3424.0,3424.0,10820.0,9772.0,2575.0,525.0,2286.0,2084.0,120.0,120.0,5555186
NORMANDIE,2015-10-08 07:30:00,2015,281,07:30:00,281.31,224.0,7697.0,27.0,0.0,11.0,50.0,0.0,-4684.0,0.0,0.0,773.0,486.0,10640.0,9310.0,538.0,216.0,24.0,24.0,95.0,95.0,3339131
ILE DE FRANCE,2018-10-30 02:00:00,2018,303,02:00:00,303.08,100.0,0.0,6.0,0.0,6.0,149.0,0.0,7881.0,0.0,0.0,2169.0,2123.0,0.0,0.0,88.0,123.0,20.0,20.0,306.0,306.0,12213447
BRETAGNE,2020-06-22 18:30:00,2020,174,18:30:00,174.77,1.0,0.0,26.0,95.0,3.0,37.0,-1.0,2018.0,0.0,0.0,978.0,893.0,0.0,0.0,1028.0,283.0,272.0,272.0,79.0,79.0,3373835
HAUTS DE FRANCE,2020-06-03 00:30:00,2020,155,00:30:00,155.02,846.0,4360.0,435.0,0.0,2.0,92.0,0.0,-950.0,0.0,0.0,2970.0,2555.0,5460.0,4550.0,5066.0,242.0,5.0,5.0,181.0,181.0,5997734
PAYS DE LA LOIRE,2021-02-27 01:30:00,2021,58,01:30:00,58.06,165.0,0.0,400.0,0.0,6.0,48.0,0.0,2758.0,0.0,0.0,2055.0,2055.0,0.0,0.0,1058.0,698.0,10.0,10.0,78.0,78.0,3853999
AUVERGNE RHONE ALPES,2016-07-29 21:30:00,2016,211,21:30:00,211.9,64.0,7484.0,16.0,0.0,3321.0,103.0,-17.0,-4554.0,0.0,0.0,959.0,959.0,13570.0,12669.0,399.0,923.0,11219.0,11058.0,170.0,170.0,7916889
AUVERGNE RHONE ALPES,2014-03-16 15:00:00,2014,75,15:00:00,75.62,169.0,9539.0,174.0,303.0,1588.0,109.0,-2025.0,-3712.0,0.0,0.0,938.0,938.0,13570.0,13570.0,347.0,794.0,11136.0,11136.0,140.0,140.0,7820966
BRETAGNE,2019-03-23 23:30:00,2019,82,23:30:00,82.98,250.0,0.0,193.0,0.0,6.0,47.0,0.0,2062.0,0.0,0.0,956.0,871.0,0.0,0.0,1004.0,263.0,270.0,270.0,71.0,71.0,3354854
NOUVELLE AQUITAINE,2022-08-22 09:00:00,2022,234,09:00:00,234.38,43.0,1078.0,74.0,328.0,94.0,182.0,0.0,2513.0,0.0,0.0,579.0,579.0,6630.0,5659.0,1565.0,3748.0,1786.0,1677.0,356.0,356.0,6098051
PAYS DE LA LOIRE,2017-06-15 18:30:00,2017,166,18:30:00,166.77,487.0,0.0,175.0,170.0,0.0,46.0,0.0,1969.0,0.0,0.0,1921.0,1345.0,0.0,0.0,727.0,500.0,8.0,8.0,66.0,66.0,3757600
OCCITANIE,2013-04-06 14:30:00,2013,96,14:30:00,96.6,-3.0,2550.0,558.0,133.0,2413.0,44.0,-16.0,-146.0,0.0,0.0,245.0,245.0,2620.0,2620.0,861.0,1052.0,5377.0,5377.0,126.0,126.0,5683878
CENTRE VAL DE LOIRE,2021-04-05 18:00:00,2021,95,18:00:00,95.75,0.0,8792.0,536.0,68.0,2.0,60.0,0.0,-7608.0,0.0,0.0,229.0,229.0,11630.0,11630.0,1288.0,487.0,92.0,92.0,89.0,89.0,2573303
HAUTS DE FRANCE,2020-12-27 05:00:00,2020,362,05:00:00,362.21,404.0,4594.0,3545.0,0.0,1.0,125.0,0.0,-3391.0,0.0,0.0,2984.0,2572.0,5460.0,4550.0,5329.0,287.0,5.0,5.0,181.0,181.0,5997734
BRETAGNE,2014-04-24 22:00:00,2014,114,22:00:00,114.92,0.0,0.0,44.0,0.0,114.0,25.0,-1.0,2237.0,0.0,0.0,688.0,688.0,0.0,0.0,747.0,211.0,251.0,251.0,51.0,51.0,3276543
GRAND EST,2017-09-30 16:00:00,2017,273,16:00:00,273.67,1571.0,7541.0,136.0,58.0,618.0,86.0,0.0,-5577.0,0.0,0.0,3464.0,2869.0,10820.0,9541.0,3030.0,549.0,2298.0,1980.0,141.0,141.0,5549586
CENTRE VAL DE LOIRE,2013-03-08 06:00:00,2013,67,06:00:00,67.25,82.0,8516.0,219.0,0.0,29.0,27.0,0.0,-6750.0,0.0,0.0,157.0,157.0,11630.0,10740.0,662.0,208.0,91.0,91.0,49.0,49.0,2570548
NORMANDIE,2015-01-03 08:00:00,2015,3,08:00:00,3.33,377.0,10270.0,337.0,0.0,10.0,46.0,0.0,-7182.0,0.0,0.0,761.0,181.0,10640.0,10640.0,496.0,214.0,24.0,24.0,91.0,91.0,3339131
NORMANDIE,2014-03-29 07:00:00,2014,88,07:00:00,88.29,336.0,6178.0,171.0,0.0,22.0,67.0,0.0,-3704.0,0.0,0.0,761.0,181.0,10640.0,10640.0,453.0,211.0,24.0,24.0,89.0,89.0,3335645
PAYS DE LA LOIRE,2021-03-13 08:00:00,2021,72,08:00:00,72.33,166.0,0.0,860.0,10.0,5.0,49.0,0.0,2190.0,0.0,0.0,2055.0,2055.0,0.0,0.0,1065.0,701.0,10.0,10.0,78.0,78.0,3853999
NORMANDIE,2018-08-24 06:00:00,2018,236,06:00:00,236.25,236.0,7616.0,172.0,0.0,12.0,57.0,0.0,-5845.0,0.0,0.0,817.0,237.0,10640.0,9311.0,736.0,250.0,31.0,31.0,104.0,104.0,3327477
NORMANDIE,2019-01-26 07:00:00,2019,26,07:00:00,26.29,470.0,6375.0,251.0,0.0,11.0,61.0,0.0,-3545.0,0.0,0.0,821.0,241.0,10640.0,9310.0,791.0,253.0,31.0,31.0,105.0,105.0,3325032
OCCITANIE,2021-12-02 04:00:00,2021,336,04:00:00,336.17,127.0,1269.0,513.0,0.0,437.0,82.0,-474.0,3123.0,0.0,0.0,326.0,326.0,2620.0,2620.0,1593.0,2765.0,5500.0,5465.0,173.0,173.0,6022176
GRAND EST,2015-07-28 16:00:00,2015,209,16:00:00,209.67,18.0,11091.0,1348.0,155.0,1040.0,59.0,0.0,-9218.0,0.0,0.0,3420.0,3199.0,10820.0,10315.0,2426.0,525.0,2284.0,2284.0,119.0,119.0,5559051
PROVENCE ALPES COTE D AZUR,2015-12-24 08:30:00,2015,358,08:30:00,358.35,323.0,0.0,10.0,0.0,410.0,84.0,0.0,4293.0,0.0,0.0,2612.0,2147.0,0.0,0.0,48.0,973.0,3178.0,3056.0,183.0,183.0,5007977
NORMANDIE,2017-06-13 07:30:00,2017,164,07:30:00,164.31,339.0,4432.0,5.0,9.0,13.0,51.0,0.0,-2105.0,0.0,0.0,785.0,205.0,10640.0,9445.0,622.0,222.0,31.0,31.0,98.0,98.0,3330478
BOURGOGNE FRANCHE COMTE,2018-06-28 16:30:00,2018,179,16:30:00,179.69,21.0,0.0,464.0,153.0,22.0,29.0,-65.0,1727.0,0.0,0.0,386.0,386.0,0.0,0.0,688.0,307.0,520.0,443.0,37.0,37.0,2807807
PROVENCE ALPES COTE D AZUR,2021-07-24 03:00:00,2021,205,03:00:00,205.12,23.0,0.0,38.0,0.0,958.0,74.0,0.0,2687.0,0.0,0.0,2715.0,2452.0,0.0,0.0,96.0,1622.0,3266.0,3235.0,357.0,357.0,5127840
AUVERGNE RHONE ALPES,2021-03-23 14:00:00,2021,82,14:00:00,82.58,447.0,10352.0,52.0,728.0,2789.0,113.0,-3.0,-5907.0,0.0,0.0,1047.0,1047.0,13570.0,12690.0,723.0,1429.0,11767.0,11619.0,208.0,208.0,8114361
GRAND EST,2015-03-29 23:30:00,2015,88,23:30:00,88.98,181.0,7224.0,2121.0,0.0,1311.0,75.0,0.0,-5808.0,0.0,0.0,3420.0,3160.0,10820.0,9572.0,2362.0,523.0,2284.0,2284.0,109.0,109.0,5559051
PROVENCE ALPES COTE D AZUR,2014-01-23 06:30:00,2014,23,06:30:00,23.27,259.0,0.0,3.0,0.0,1268.0,67.0,0.0,4230.0,0.0,0.0,2592.0,2334.0,0.0,0.0,45.0,784.0,3160.0,3160.0,151.0,151.0,4983438
NORMANDIE,2020-04-13 01:00:00,2020,104,01:00:00,104.04,187.0,3700.0,96.0,0.0,16.0,57.0,0.0,-1784.0,0.0,0.0,833.0,253.0,10640.0,9310.0,816.0,263.0,31.0,31.0,110.0,110.0,3325522
CENTRE VAL DE LOIRE,2016-05-06 14:30:00,2016,127,14:30:00,127.6,0.0,8014.0,100.0,160.0,25.0,56.0,0.0,-6660.0,0.0,0.0,170.0,170.0,11630.0,10637.0,874.0,249.0,91.0,91.0,71.0,71.0,2577866
BRETAGNE,2017-06-07 10:00:00,2017,158,10:00:00,158.42,0.0,0.0,127.0,69.0,1.0,34.0,-1.0,2204.0,0.0,0.0,848.0,763.0,0.0,0.0,898.0,237.0,275.0,275.0,66.0,66.0,3318904
BRETAGNE,2022-07-17 06:00:00,2022,198,06:00:00,198.25,15.0,0.0,446.0,0.0,216.0,54.0,-1.0,557.0,0.0,0.0,1432.0,1298.0,0.0,0.0,1191.0,376.0,272.0,272.0,82.0,82.0,3414637
BRETAGNE,2013-10-16 00:00:00,2013,289,00:00:00,289.0,1.0,0.0,32.0,0.0,154.0,22.0,0.0,2432.0,0.0,0.0,669.0,669.0,0.0,0.0,730.0,206.0,251.0,251.0,48.0,48.0,3258707
BOURGOGNE FRANCHE COMTE,2013-07-11 06:30:00,2013,192,06:30:00,192.27,26.0,0.0,35.0,0.0,37.0,9.0,0.0,1896.0,0.0,0.0,301.0,301.0,0.0,0.0,204.0,229.0,480.0,480.0,24.0,24.0,2819783
ILE DE FRANCE,2015-05-02 23:00:00,2015,122,23:00:00,122.96,-13.0,0.0,1.0,0.0,1.0,96.0,0.0,8241.0,0.0,0.0,2144.0,1693.0,0.0,0.0,37.0,112.0,19.0,19.0,286.0,286.0,12082144
HAUTS DE FRANCE,2018-08-31 22:30:00,2018,243,22:30:00,243.94,1451.0,2704.0,483.0,0.0,1.0,134.0,0.0,246.0,0.0,0.0,2922.0,2922.0,5460.0,4657.0,3979.0,229.0,5.0,5.0,171.0,171.0,6004108
NORMANDIE,2015-01-28 11:30:00,2015,28,11:30:00,28.48,421.0,10305.0,446.0,6.0,17.0,65.0,0.0,-6660.0,0.0,0.0,761.0,181.0,10640.0,10640.0,510.0,214.0,24.0,24.0,91.0,91.0,3339131
CENTRE VAL DE LOIRE,2015-03-17 06:00:00,2015,76,06:00:00,76.25,78.0,11354.0,0.0,0.0,7.0,52.0,0.0,-8968.0,0.0,0.0,166.0,166.0,11630.0,11370.0,818.0,227.0,91.0,91.0,71.0,71.0,2578592
PAYS DE LA LOIRE,2018-06-20 18:00:00,2018,171,18:00:00,171.75,-1.0,0.0,23.0,222.0,4.0,38.0,0.0,2611.0,0.0,0.0,1968.0,1761.0,0.0,0.0,804.0,545.0,8.0,8.0,69.0,69.0,3781423
GRAND EST,2017-02-28 16:30:00,2017,59,16:30:00,59.69,2162.0,8655.0,1969.0,33.0,775.0,95.0,0.0,-7246.0,0.0,0.0,3453.0,2858.0,10820.0,9569.0,2870.0,535.0,2297.0,2083.0,140.0,140.0,5549586
AUVERGNE RHONE ALPES,2022-07-19 13:30:00,2022,200,13:30:00,200.56,276.0,6601.0,271.0,1107.0,2330.0,91.0,-12.0,-2398.0,0.0,0.0,1048.0,628.0,13570.0,12643.0,723.0,1727.0,11787.0,11609.0,208.0,208.0,8155762
BRETAGNE,2020-05-19 15:00:00,2020,140,15:00:00,140.62,1.0,0.0,4.0,157.0,13.0,50.0,-1.0,1968.0,0.0,0.0,978.0,893.0,0.0,0.0,1028.0,281.0,272.0,272.0,79.0,79.0,3373835
NORMANDIE,2021-07-08 11:30:00,2021,189,11:30:00,189.48,216.0,8971.0,37.0,59.0,18.0,79.0,0.0,-6452.0,0.0,0.0,852.0,852.0,10640.0,10040.0,878.0,295.0,31.0,31.0,147.0,147.0,3327966
OCCITANIE,2022-07-17 04:30:00,2022,198,04:30:00,198.19,0.0,298.0,68.0,0.0,416.0,107.0,-632.0,2853.0,0.0,0.0,326.0,326.0,2620.0,1385.0,1593.0,2992.0,5503.0,5345.0,174.0,174.0,6067101
CENTRE VAL DE LOIRE,2013-09-16 10:30:00,2013,259,10:30:00,259.44,6.0,5538.0,176.0,33.0,0.0,17.0,0.0,-3780.0,0.0,0.0,162.0,162.0,11630.0,10715.0,717.0,212.0,91.0,91.0,56.0,56.0,2570548
CENTRE VAL DE LOIRE,2013-12-11 23:00:00,2013,345,23:00:00,345.96,78.0,9706.0,36.0,0.0,6.0,36.0,0.0,-6720.0,0.0,0.0,162.0,162.0,11630.0,11630.0,739.0,214.0,91.0,91.0,56.0,56.0,2570548
NOUVELLE AQUITAINE,2017-03-02 04:00:00,2017,61,04:00:00,61.17,253.0,5730.0,89.0,-1.0,285.0,197.0,0.0,-1745.0,0.0,0.0,465.0,465.0,6630.0,5652.0,734.0,1929.0,1780.0,1780.0,304.0,304.0,5956978
AUVERGNE RHONE ALPES,2019-09-14 07:00:00,2019,257,07:00:00,257.29,23.0,10081.0,14.0,0.0,912.0,109.0,-1123.0,-4732.0,0.0,0.0,1027.0,1027.0,13570.0,12583.0,635.0,1191.0,11631.0,11392.0,190.0,190.0,8042936
PAYS DE LA LOIRE,2013-04-12 05:00:00,2013,102,05:00:00,102.21,338.0,0.0,441.0,0.0,2.0,40.0,0.0,2205.0,0.0,0.0,1837.0,1569.0,0.0,0.0,466.0,389.0,5.0,5.0,57.0,57.0,3660852
PAYS DE LA LOIRE,2018-06-24 21:30:00,2018,175,21:30:00,175.9,2.0,0.0,121.0,10.0,4.0,44.0,0.0,1864.0,0.0,0.0,1968.0,1761.0,0.0,0.0,804.0,545.0,8.0,8.0,69.0,69.0,3781423
BOURGOGNE FRANCHE COMTE,2016-03-03 08:30:00,2016,63,08:30:00,63.35,151.0,0.0,258.0,5.0,99.0,20.0,0.0,3060.0,0.0,0.0,329.0,329.0,0.0,0.0,414.0,264.0,513.0,513.0,30.0,30.0,2818338
CENTRE VAL DE LOIRE,2016-07-23 08:00:00,2016,205,08:00:00,205.33,0.0,5540.0,131.0,18.0,1.0,54.0,0.0,-4325.0,0.0,0.0,170.0,170.0,11630.0,10661.0,886.0,258.0,91.0,91.0,71.0,71.0,2577866
AUVERGNE RHONE ALPES,2018-10-26 18:00:00,2018,299,18:00:00,299.75,403.0,9362.0,21.0,34.0,2179.0,124.0,-5.0,-4857.0,0.0,0.0,1020.0,1020.0,13570.0,12599.0,603.0,1110.0,11266.0,11026.0,188.0,188.0,7994459
BRETAGNE,2018-07-04 05:30:00,2018,185,05:30:00,185.23,1.0,0.0,79.0,0.0,164.0,44.0,-1.0,1403.0,0.0,0.0,904.0,786.0,0.0,0.0,969.0,253.0,270.0,270.0,68.0,68.0,3335414
BOURGOGNE FRANCHE COMTE,2021-08-07 03:00:00,2021,219,03:00:00,219.12,24.0,0.0,127.0,0.0,129.0,48.0,0.0,1142.0,0.0,0.0,401.0,401.0,0.0,0.0,969.0,459.0,524.0,524.0,72.0,72.0,2800194
OCCITANIE,2019-12-31 01:30:00,2019,365,01:30:00,365.06,94.0,2518.0,146.0,0.0,1953.0,89.0,-446.0,694.0,0.0,0.0,308.0,308.0,2620.0,2620.0,1570.0,2159.0,5490.0,5362.0,146.0,146.0,5933185
PROVENCE ALPES COTE D AZUR,2018-10-16 05:30:00,2018,289,05:30:00,289.23,1520.0,0.0,9.0,0.0,428.0,214.0,0.0,758.0,0.0,0.0,2666.0,2300.0,0.0,0.0,48.0,1298.0,3233.0,3109.0,357.0,357.0,5052832
NORMANDIE,2014-09-27 19:30:00,2014,270,19:30:00,270.81,222.0,7146.0,41.0,2.0,16.0,65.0,0.0,-5080.0,0.0,0.0,761.0,181.0,10640.0,10640.0,489.0,213.0,24.0,24.0,91.0,91.0,3335645
PROVENCE ALPES COTE D AZUR,2019-01-20 19:30:00,2019,20,19:30:00,20.81,1850.0,0.0,3.0,0.0,1685.0,94.0,0.0,3003.0,0.0,0.0,2673.0,2296.0,0.0,0.0,48.0,1327.0,3239.0,3115.0,357.0,207.0,5081101
NOUVELLE AQUITAINE,2020-01-01 05:00:00,2020,1,05:00:00,1.21,166.0,5659.0,181.0,0.0,526.0,185.0,0.0,-1706.0,0.0,0.0,571.0,571.0,6630.0,5720.0,1075.0,2615.0,1783.0,1678.0,340.0,340.0,6033952
NOUVELLE AQUITAINE,2018-04-08 02:00:00,2018,98,02:00:00,98.08,15.0,4167.0,90.0,-1.0,629.0,146.0,0.0,-743.0,0.0,0.0,482.0,482.0,6630.0,5428.0,924.0,2295.0,1781.0,1667.0,314.0,314.0,5979778
PROVENCE ALPES COTE D AZUR,2013-04-18 11:00:00,2013,108,11:00:00,108.46,419.0,0.0,0.0,327.0,1691.0,39.0,0.0,2016.0,0.0,0.0,2590.0,2528.0,0.0,0.0,45.0,689.0,3158.0,3158.0,151.0,151.0,4953675
ILE DE FRANCE,2018-09-14 18:00:00,2018,257,18:00:00,257.75,-1.0,0.0,4.0,20.0,5.0,149.0,0.0,6899.0,0.0,0.0,2157.0,2095.0,0.0,0.0,88.0,123.0,20.0,20.0,306.0,306.0,12213447
HAUTS DE FRANCE,2014-10-14 00:30:00,2014,287,00:30:00,287.02,410.0,3896.0,1092.0,0.0,1.0,60.0,0.0,288.0,0.0,0.0,2301.0,2067.0,5460.0,5460.0,2461.0,212.0,5.0,5.0,142.0,142.0,6006156
AUVERGNE RHONE ALPES,2014-12-13 20:30:00,2014,347,20:30:00,347.85,186.0,10580.0,206.0,0.0,2663.0,120.0,-8.0,-5332.0,0.0,0.0,940.0,940.0,13570.0,12655.0,347.0,853.0,11165.0,10960.0,141.0,141.0,7820966
NORMANDIE,2016-05-26 21:00:00,2016,147,21:00:00,147.88,229.0,5927.0,39.0,1.0,11.0,37.0,0.0,-3669.0,0.0,0.0,773.0,193.0,10640.0,9417.0,563.0,218.0,31.0,31.0,95.0,95.0,3335929
HAUTS DE FRANCE,2015-08-03 19:00:00,2015,215,19:00:00,215.79,333.0,3454.0,168.0,24.0,0.0,89.0,0.0,587.0,0.0,0.0,2301.0,1970.0,5460.0,4550.0,2759.0,213.0,5.0,5.0,160.0,160.0,6009976
PAYS DE LA LOIRE,2022-10-12 03:30:00,2022,285,03:30:00,285.15,443.0,0.0,51.0,0.0,0.0,54.0,0.0,1479.0,0.0,0.0,2068.0,1711.0,0.0,0.0,1675.0,921.0,10.0,10.0,80.0,80.0,3878839
ILE DE FRANCE,2014-08-20 17:30:00,2014,232,17:30:00,232.73,-2.0,0.0,13.0,15.0,8.0,139.0,0.0,6256.0,0.0,0.0,2122.0,2122.0,0.0,0.0,37.0,111.0,19.0,19.0,282.0,282.0,12027565
OCCITANIE,2021-04-08 06:00:00,2021,98,06:00:00,98.25,0.0,2598.0,213.0,0.0,1055.0,84.0,0.0,569.0,0.0,0.0,318.0,318.0,2620.0,2620.0,1593.0,2521.0,5499.0,5266.0,172.0,172.0,6022176
GRAND EST,2015-10-07 09:00:00,2015,280,09:00:00,280.38,2113.0,9470.0,1197.0,12.0,844.0,66.0,0.0,-8091.0,0.0,0.0,3420.0,3199.0,10820.0,9415.0,2504.0,525.0,2285.0,2285.0,119.0,119.0,5559051
NOUVELLE AQUITAINE,2020-07-15 15:00:00,2020,197,15:00:00,197.62,46.0,3280.0,156.0,1496.0,59.0,179.0,0.0,-274.0,0.0,0.0,571.0,571.0,6630.0,5549.0,1166.0,2693.0,1783.0,1678.0,341.0,341.0,6033952
PROVENCE ALPES COTE D AZUR,2013-02-26 00:30:00,2013,57,00:30:00,57.02,862.0,0.0,11.0,0.0,1660.0,44.0,0.0,4386.0,0.0,0.0,2590.0,2528.0,0.0,0.0,45.0,670.0,3158.0,3158.0,149.0,149.0,4953675
BOURGOGNE FRANCHE COMTE,2017-10-23 13:30:00,2017,296,13:30:00,296.56,59.0,0.0,56.0,21.0,133.0,17.0,0.0,2476.0,0.0,0.0,343.0,343.0,0.0,0.0,676.0,271.0,519.0,519.0,35.0,35.0,2811423
PROVENCE ALPES COTE D AZUR,2019-02-25 21:30:00,2019,56,21:30:00,56.9,1862.0,0.0,3.0,0.0,1011.0,110.0,0.0,2188.0,0.0,0.0,2674.0,2296.0,0.0,0.0,48.0,1332.0,3239.0,3115.0,357.0,207.0,5081101
PAYS DE LA LOIRE,2020-11-18 18:30:00,2020,323,18:30:00,323.77,560.0,0.0,251.0,0.0,2.0,55.0,0.0,2691.0,0.0,0.0,2054.0,2054.0,0.0,0.0,1046.0,676.0,10.0,10.0,77.0,77.0,3832120
BRETAGNE,2020-07-11 05:30:00,2020,193,05:30:00,193.23,1.0,0.0,156.0,0.0,207.0,52.0,-1.0,1085.0,0.0,0.0,978.0,978.0,0.0,0.0,1028.0,285.0,272.0,272.0,79.0,79.0,3373835
NOUVELLE AQUITAINE,2019-07-06 22:00:00,2019,187,22:00:00,187.92,20.0,4513.0,102.0,-1.0,171.0,161.0,0.0,-934.0,0.0,0.0,538.0,538.0,6630.0,5392.0,1017.0,2501.0,1782.0,1670.0,319.0,319.0,6010289
OCCITANIE,2014-09-25 23:30:00,2014,268,23:30:00,268.98,2.0,1089.0,151.0,0.0,1081.0,65.0,0.0,1319.0,0.0,0.0,251.0,251.0,2620.0,2620.0,943.0,1303.0,5415.0,5415.0,132.0,132.0,5730753
BRETAGNE,2015-01-04 01:00:00,2015,4,01:00:00,4.04,108.0,0.0,99.0,0.0,220.0,40.0,-1.0,2201.0,0.0,0.0,719.0,719.0,0.0,0.0,791.0,218.0,272.0,272.0,53.0,53.0,3293850
AUVERGNE RHONE ALPES,2013-12-19 22:30:00,2013,353,22:30:00,353.94,179.0,13311.0,5.0,0.0,3104.0,81.0,-328.0,-7576.0,0.0,0.0,930.0,930.0,13570.0,13570.0,335.0,760.0,11132.0,11132.0,125.0,125.0,7757595
PAYS DE LA LOIRE,2022-12-24 11:00:00,2022,358,11:00:00,358.46,120.0,0.0,411.0,37.0,5.0,56.0,0.0,2363.0,0.0,0.0,2068.0,1740.0,0.0,0.0,1707.0,940.0,10.0,10.0,80.0,80.0,3878839
OCCITANIE,2018-08-30 04:00:00,2018,242,04:00:00,242.17,0.0,362.0,535.0,0.0,352.0,99.0,-639.0,2281.0,0.0,0.0,295.0,295.0,2620.0,1400.0,1425.0,1956.0,5485.0,5205.0,146.0,146.0,5885496
HAUTS DE FRANCE,2022-05-24 22:00:00,2022,144,22:00:00,144.92,1253.0,3674.0,314.0,0.0,2.0,118.0,0.0,-379.0,0.0,0.0,2993.0,2512.0,5460.0,4550.0,5774.0,442.0,6.0,6.0,196.0,196.0,5990765
NOUVELLE AQUITAINE,2019-12-08 02:00:00,2019,342,02:00:00,342.08,216.0,5599.0,457.0,-1.0,794.0,176.0,0.0,-1928.0,0.0,0.0,571.0,571.0,6630.0,5428.0,1055.0,2612.0,1783.0,1678.0,340.0,340.0,6010289
NORMANDIE,2015-02-11 18:00:00,2015,42,18:00:00,42.75,442.0,9095.0,13.0,1.0,21.0,64.0,0.0,-5369.0,0.0,0.0,761.0,181.0,10640.0,9310.0,510.0,214.0,24.0,24.0,92.0,92.0,3339131
PAYS DE LA LOIRE,2015-03-31 17:00:00,2015,90,17:00:00,90.71,145.0,0.0,413.0,140.0,5.0,38.0,0.0,2432.0,0.0,0.0,1867.0,1234.0,0.0,0.0,545.0,442.0,7.0,7.0,59.0,59.0,3718512
CENTRE VAL DE LOIRE,2021-01-14 10:30:00,2021,14,10:30:00,14.44,115.0,10170.0,705.0,18.0,52.0,63.0,0.0,-8334.0,0.0,0.0,229.0,229.0,11630.0,10520.0,1278.0,420.0,92.0,92.0,88.0,88.0,2573303
ILE DE FRANCE,2013-06-24 10:00:00,2013,175,10:00:00,175.42,398.0,0.0,3.0,13.0,4.0,112.0,0.0,7652.0,0.0,0.0,2121.0,2121.0,0.0,0.0,37.0,109.0,19.0,19.0,265.0,265.0,11959807
BOURGOGNE FRANCHE COMTE,2019-10-14 10:30:00,2019,287,10:30:00,287.44,21.0,0.0,339.0,134.0,28.0,24.0,0.0,1953.0,0.0,0.0,401.0,401.0,0.0,0.0,831.0,341.0,521.0,521.0,68.0,68.0,2805580
ILE DE FRANCE,2021-01-03 02:30:00,2021,3,02:30:00,3.1,426.0,0.0,0.0,0.0,5.0,130.0,0.0,8352.0,0.0,0.0,2171.0,2171.0,0.0,0.0,125.0,170.0,20.0,20.0,314.0,314.0,12317279
ILE DE FRANCE,2016-07-11 12:30:00,2016,193,12:30:00,193.52,-3.0,0.0,5.0,25.0,8.0,146.0,0.0,7614.0,0.0,0.0,2149.0,1619.0,0.0,0.0,61.0,115.0,19.0,19.0,300.0,300.0,12117132
BRETAGNE,2017-10-23 07:00:00,2017,296,07:00:00,296.29,1.0,0.0,225.0,0.0,1.0,35.0,-2.0,2021.0,0.0,0.0,858.0,858.0,0.0,0.0,934.0,245.0,270.0,270.0,66.0,66.0,3318904
CENTRE VAL DE LOIRE,2017-11-01 18:00:00,2017,305,18:00:00,305.75,82.0,7435.0,116.0,0.0,0.0,63.0,0.0,-5557.0,0.0,0.0,214.0,214.0,11630.0,10709.0,963.0,276.0,91.0,91.0,76.0,76.0,2576252
AUVERGNE RHONE ALPES,2013-07-23 18:30:00,2013,204,18:30:00,204.77,38.0,8360.0,47.0,75.0,4723.0,56.0,-17.0,-5927.0,0.0,0.0,919.0,919.0,13570.0,13570.0,335.0,724.0,11116.0,11116.0,106.0,106.0,7757595
AUVERGNE RHONE ALPES,2020-09-28 14:30:00,2020,272,14:30:00,272.6,445.0,10552.0,173.0,191.0,3416.0,92.0,-16.0,-6799.0,0.0,0.0,1034.0,1034.0,13570.0,12631.0,682.0,1308.0,11750.0,11563.0,194.0,194.0,8078652
OCCITANIE,2018-03-10 14:30:00,2018,69,14:30:00,69.6,78.0,2466.0,637.0,648.0,2306.0,91.0,-436.0,-1163.0,0.0,0.0,291.0,291.0,2620.0,2620.0,1365.0,1837.0,5482.0,5255.0,145.0,145.0,5885496
CENTRE VAL DE LOIRE,2018-03-11 18:30:00,2018,70,18:30:00,70.77,88.0,9373.0,289.0,6.0,22.0,58.0,0.0,-7977.0,0.0,0.0,216.0,216.0,11630.0,10902.0,996.0,285.0,91.0,91.0,76.0,76.0,2572853
NOUVELLE AQUITAINE,2015-09-22 20:00:00,2015,265,20:00:00,265.83,23.0,4745.0,196.0,0.0,578.0,163.0,0.0,-1141.0,0.0,0.0,427.0,427.0,6630.0,5720.0,534.0,1537.0,1777.0,1665.0,239.0,239.0,5911482
GRAND EST,2016-10-12 01:30:00,2016,286,01:30:00,286.06,2169.0,8714.0,574.0,0.0,345.0,80.0,-538.0,-6221.0,0.0,0.0,3428.0,3428.0,10820.0,9688.0,2674.0,529.0,2295.0,2093.0,137.0,137.0,5555186
NORMANDIE,2018-11-13 05:00:00,2018,317,05:00:00,317.21,347.0,5482.0,395.0,0.0,14.0,57.0,0.0,-3378.0,0.0,0.0,821.0,251.0,10640.0,9373.0,767.0,251.0,31.0,31.0,105.0,105.0,3327477
NORMANDIE,2015-01-05 18:30:00,2015,5,18:30:00,5.77,448.0,10453.0,25.0,0.0,17.0,57.0,0.0,-6286.0,0.0,0.0,761.0,181.0,10640.0,10640.0,496.0,214.0,24.0,24.0,91.0,91.0,3339131
BRETAGNE,2014-05-06 19:00:00,2014,126,19:00:00,126.79,0.0,0.0,380.0,28.0,60.0,30.0,-1.0,1885.0,0.0,0.0,688.0,688.0,0.0,0.0,747.0,211.0,251.0,251.0,51.0,51.0,3276543
HAUTS DE FRANCE,2021-12-02 17:00:00,2021,336,17:00:00,336.71,2109.0,3649.0,1624.0,0.0,2.0,117.0,0.0,95.0,0.0,0.0,2990.0,2990.0,5460.0,4550.0,5609.0,435.0,5.0,5.0,190.0,190.0,5995292
AUVERGNE RHONE ALPES,2019-02-13 17:00:00,2019,44,17:00:00,44.71,687.0,12534.0,42.0,161.0,3605.0,133.0,-10.0,-7731.0,0.0,0.0,1027.0,1027.0,13570.0,12681.0,607.0,1126.0,11234.0,11084.0,189.0,189.0,8042936
BRETAGNE,2020-01-06 00:00:00,2020,6,00:00:00,6.0,252.0,0.0,229.0,0.0,11.0,51.0,0.0,3028.0,0.0,0.0,978.0,978.0,0.0,0.0,1021.0,276.0,272.0,272.0,77.0,77.0,3373835
PAYS DE LA LOIRE,2016-01-16 17:00:00,2016,16,17:00:00,16.71,1491.0,0.0,14.0,20.0,4.0,29.0,0.0,1976.0,0.0,0.0,1880.0,1488.0,0.0,0.0,605.0,457.0,8.0,8.0,61.0,61.0,3737632
BRETAGNE,2021-02-06 04:00:00,2021,37,04:00:00,37.17,251.0,0.0,84.0,1.0,23.0,52.0,-1.0,2221.0,0.0,0.0,982.0,982.0,0.0,0.0,1052.0,299.0,272.0,272.0,81.0,81.0,3394567
BRETAGNE,2015-01-08 04:30:00,2015,8,04:30:00,8.19,103.0,0.0,401.0,0.0,199.0,35.0,-1.0,1908.0,0.0,0.0,719.0,719.0,0.0,0.0,791.0,218.0,272.0,272.0,53.0,53.0,3293850
GRAND EST,2017-02-07 13:00:00,2017,38,13:00:00,38.54,2344.0,11220.0,252.0,46.0,880.0,102.0,0.0,-7572.0,0.0,0.0,3453.0,2858.0,10820.0,10172.0,2864.0,535.0,2297.0,2083.0,139.0,139.0,5549586
NORMANDIE,2022-10-26 13:00:00,2022,299,13:00:00,299.54,182.0,5104.0,558.0,90.0,12.0,87.0,0.0,-3397.0,0.0,0.0,852.0,852.0,10640.0,9310.0,965.0,319.0,31.0,31.0,149.0,149.0,3327604
OCCITANIE,2021-06-17 19:30:00,2021,168,19:30:00,168.81,0.0,1235.0,572.0,128.0,1631.0,43.0,-18.0,456.0,0.0,0.0,318.0,318.0,2620.0,2620.0,1593.0,2575.0,5499.0,5332.0,172.0,172.0,6022176
AUVERGNE RHONE ALPES,2017-09-09 09:30:00,2017,252,09:30:00,252.4,30.0,11810.0,173.0,21.0,1213.0,96.0,-679.0,-6380.0,0.0,0.0,985.0,985.0,13570.0,12804.0,486.0,962.0,11246.0,11040.0,178.0,178.0,7948287
GRAND EST,2022-07-28 16:30:00,2022,209,16:30:00,209.69,849.0,2405.0,88.0,384.0,476.0,152.0,-168.0,579.0,0.0,0.0,3590.0,3154.0,10820.0,9795.0,4290.0,1077.0,2308.0,1954.0,235.0,235.0,5563889
NOUVELLE AQUITAINE,2016-04-26 08:30:00,2016,117,08:30:00,117.35,72.0,4304.0,50.0,94.0,948.0,170.0,0.0,21.0,0.0,0.0,429.0,429.0,6630.0,5525.0,559.0,1847.0,1778.0,1672.0,279.0,279.0,5935603
GRAND EST,2016-08-16 05:00:00,2016,229,05:00:00,229.21,296.0,7855.0,570.0,0.0,927.0,68.0,-520.0,-5943.0,0.0,0.0,3424.0,2920.0,10820.0,9788.0,2644.0,528.0,2295.0,2093.0,123.0,123.0,5555186
BOURGOGNE FRANCHE COMTE,2017-11-03 11:30:00,2017,307,11:30:00,307.48,129.0,0.0,14.0,111.0,18.0,22.0,0.0,2586.0,0.0,0.0,343.0,343.0,0.0,0.0,676.0,272.0,520.0,520.0,35.0,35.0,2811423
PAYS DE LA LOIRE,2019-08-27 05:30:00,2019,239,05:30:00,239.23,409.0,0.0,91.0,0.0,0.0,46.0,0.0,1614.0,0.0,0.0,2037.0,1783.0,0.0,0.0,926.0,595.0,10.0,10.0,71.0,71.0,3806461
HAUTS DE FRANCE,2014-09-07 05:00:00,2014,250,05:00:00,250.21,291.0,4342.0,3.0,0.0,1.0,81.0,0.0,-737.0,0.0,0.0,2289.0,2289.0,5460.0,5460.0,2384.0,212.0,5.0,5.0,139.0,139.0,6006156
BRETAGNE,2020-10-02 21:30:00,2020,276,21:30:00,276.9,1.0,0.0,584.0,0.0,12.0,41.0,-55.0,1919.0,0.0,0.0,978.0,877.0,0.0,0.0,1039.0,290.0,272.0,272.0,81.0,81.0,3373835
NORMANDIE,2021-04-18 01:00:00,2021,108,01:00:00,108.04,222.0,3887.0,124.0,0.0,11.0,83.0,0.0,-1188.0,0.0,0.0,852.0,852.0,10640.0,9797.0,872.0,280.0,31.0,31.0,146.0,146.0,3327966
BRETAGNE,2015-06-01 02:00:00,2015,152,02:00:00,152.08,1.0,0.0,77.0,0.0,156.0,30.0,-1.0,1617.0,0.0,0.0,724.0,639.0,0.0,0.0,801.0,220.0,272.0,272.0,55.0,55.0,3293850
ILE DE FRANCE,2016-09-04 01:30:00,2016,248,01:30:00,248.06,-3.0,0.0,2.0,0.0,6.0,118.0,0.0,5253.0,0.0,0.0,2149.0,1647.0,0.0,0.0,61.0,115.0,19.0,19.0,300.0,300.0,12117132
BRETAGNE,2017-04-26 03:00:00,2017,116,03:00:00,116.12,1.0,0.0,163.0,0.0,223.0,36.0,-1.0,1799.0,0.0,0.0,848.0,763.0,0.0,0.0,898.0,234.0,275.0,275.0,61.0,61.0,3318904
BRETAGNE,2016-08-11 02:30:00,2016,224,02:30:00,224.1,0.0,0.0,40.0,0.0,0.0,37.0,-51.0,1678.0,0.0,0.0,771.0,771.0,0.0,0.0,877.0,228.0,275.0,275.0,56.0,56.0,3306529
NORMANDIE,2017-04-29 08:00:00,2017,119,08:00:00,119.33,317.0,6239.0,26.0,8.0,13.0,54.0,0.0,-3447.0,0.0,0.0,785.0,205.0,10640.0,9475.0,622.0,222.0,31.0,31.0,98.0,98.0,3330478
PAYS DE LA LOIRE,2020-04-05 13:30:00,2020,96,13:30:00,96.56,8.0,0.0,450.0,350.0,4.0,55.0,0.0,1521.0,0.0,0.0,2050.0,1953.0,0.0,0.0,989.0,635.0,10.0,10.0,76.0,76.0,3832120
HAUTS DE FRANCE,2014-04-28 09:30:00,2014,118,09:30:00,118.4,258.0,1562.0,76.0,16.0,2.0,78.0,0.0,4101.0,0.0,0.0,2278.0,2278.0,5460.0,5460.0,2296.0,211.0,5.0,5.0,139.0,139.0,6006156
OCCITANIE,2018-01-19 09:30:00,2018,19,09:30:00,19.4,80.0,2585.0,813.0,84.0,3113.0,80.0,-17.0,-881.0,0.0,0.0,291.0,291.0,2620.0,2620.0,1365.0,1812.0,5481.0,5293.0,145.0,145.0,5885496
CENTRE VAL DE LOIRE,2022-10-28 20:00:00,2022,301,20:00:00,301.83,28.0,5376.0,167.0,0.0,1.0,60.0,0.0,-3912.0,0.0,0.0,229.0,229.0,11630.0,10687.0,1551.0,789.0,93.0,93.0,91.0,91.0,2572916
GRAND EST,2018-04-04 19:30:00,2018,94,19:30:00,94.81,63.0,8395.0,1674.0,23.0,1095.0,88.0,0.0,-5657.0,0.0,0.0,3471.0,3471.0,10820.0,9904.0,3068.0,553.0,2300.0,1978.0,146.0,146.0,5550389
NORMANDIE,2018-04-16 05:30:00,2018,106,05:30:00,106.23,228.0,7590.0,82.0,0.0,12.0,49.0,0.0,-5143.0,0.0,0.0,813.0,233.0,10640.0,9457.0,712.0,234.0,31.0,31.0,103.0,103.0,3327477
NORMANDIE,2017-05-11 15:30:00,2017,131,15:30:00,131.65,234.0,4910.0,123.0,28.0,15.0,54.0,0.0,-2433.0,0.0,0.0,785.0,205.0,10640.0,9438.0,622.0,222.0,31.0,31.0,98.0,98.0,3330478
BOURGOGNE FRANCHE COMTE,2022-06-15 20:30:00,2022,166,20:30:00,166.85,0.0,0.0,58.0,25.0,13.0,52.0,0.0,1950.0,0.0,0.0,401.0,401.0,0.0,0.0,1049.0,541.0,524.0,524.0,75.0,75.0,2797366
GRAND EST,2020-09-08 20:30:00,2020,252,20:30:00,252.85,866.0,4860.0,53.0,0.0,822.0,123.0,0.0,-1950.0,0.0,0.0,3585.0,3126.0,10820.0,9568.0,3739.0,646.0,2305.0,1901.0,185.0,185.0,5562651
BRETAGNE,2022-10-10 08:30:00,2022,283,08:30:00,283.35,534.0,0.0,37.0,0.0,14.0,54.0,-1.0,1720.0,0.0,0.0,1432.0,1298.0,0.0,0.0,1209.0,403.0,272.0,272.0,83.0,83.0,3414637
HAUTS DE FRANCE,2021-08-20 22:00:00,2021,232,22:00:00,232.92,782.0,3561.0,147.0,0.0,2.0,113.0,0.0,-86.0,0.0,0.0,2990.0,2990.0,5460.0,4550.0,5523.0,407.0,5.0,5.0,183.0,183.0,5995292
BOURGOGNE FRANCHE COMTE,2016-04-30 06:00:00,2016,121,06:00:00,121.25,27.0,0.0,0.0,0.0,100.0,17.0,0.0,1907.0,0.0,0.0,329.0,329.0,0.0,0.0,426.0,264.0,513.0,513.0,30.0,30.0,2818338
AUVERGNE RHONE ALPES,2015-04-18 14:30:00,2015,108,14:30:00,108.6,65.0,10192.0,74.0,320.0,2287.0,83.0,-1134.0,-5296.0,0.0,0.0,944.0,944.0,13570.0,12445.0,372.0,874.0,11181.0,10845.0,141.0,141.0,7877698
ILE DE FRANCE,2015-11-13 23:00:00,2015,317,23:00:00,317.96,383.0,0.0,6.0,0.0,6.0,135.0,0.0,8202.0,0.0,0.0,2146.0,1919.0,0.0,0.0,61.0,113.0,19.0,19.0,300.0,300.0,12082144
ILE DE FRANCE,2020-01-14 05:30:00,2020,14,05:30:00,14.23,296.0,0.0,74.0,0.0,6.0,132.0,0.0,7348.0,0.0,0.0,2170.0,2170.0,0.0,0.0,108.0,143.0,20.0,20.0,314.0,314.0,12271794
PAYS DE LA LOIRE,2021-04-27 14:00:00,2021,117,14:00:00,117.58,805.0,0.0,83.0,461.0,2.0,61.0,0.0,1499.0,0.0,0.0,2055.0,2055.0,0.0,0.0,1088.0,734.0,10.0,10.0,78.0,78.0,3853999
CENTRE VAL DE LOIRE,2019-05-07 05:30:00,2019,127,05:30:00,127.23,12.0,8222.0,114.0,0.0,2.0,67.0,0.0,-6433.0,0.0,0.0,228.0,228.0,11630.0,10730.0,1160.0,311.0,91.0,91.0,84.0,84.0,2573180
PROVENCE ALPES COTE D AZUR,2017-08-27 13:00:00,2017,239,13:00:00,239.54,33.0,0.0,0.0,707.0,565.0,109.0,0.0,3046.0,0.0,0.0,2630.0,2257.0,0.0,0.0,48.0,1152.0,3220.0,3026.0,354.0,354.0,5030890
GRAND EST,2013-12-10 09:30:00,2013,344,09:30:00,344.4,3488.0,11232.0,204.0,40.0,1215.0,55.0,0.0,-8717.0,0.0,0.0,3398.0,3163.0,10820.0,10820.0,1943.0,507.0,2282.0,2282.0,94.0,94.0,5552388
BOURGOGNE FRANCHE COMTE,2020-04-07 11:30:00,2020,98,11:30:00,98.48,17.0,0.0,23.0,180.0,87.0,43.0,0.0,1907.0,0.0,0.0,401.0,401.0,0.0,0.0,877.0,347.0,521.0,521.0,69.0,69.0,2801695
CENTRE VAL DE LOIRE,2015-09-15 16:30:00,2015,258,16:30:00,258.69,1.0,9313.0,238.0,60.0,0.0,47.0,0.0,-7772.0,0.0,0.0,166.0,166.0,11630.0,10800.0,832.0,240.0,91.0,91.0,71.0,71.0,2578592
GRAND EST,2015-12-19 15:00:00,2015,353,15:00:00,353.62,162.0,12093.0,197.0,96.0,357.0,84.0,-356.0,-7765.0,0.0,0.0,3424.0,3093.0,10820.0,10820.0,2548.0,525.0,2285.0,2083.0,119.0,119.0,5559051
PROVENCE ALPES COTE D AZUR,2014-11-16 01:30:00,2014,320,01:30:00,320.06,222.0,0.0,0.0,0.0,836.0,67.0,0.0,3563.0,0.0,0.0,2595.0,2321.0,0.0,0.0,45.0,878.0,3168.0,3168.0,170.0,170.0,4983438
PAYS DE LA LOIRE,2015-01-28 12:30:00,2015,28,12:30:00,28.52,1471.0,0.0,418.0,34.0,4.0,43.0,0.0,2707.0,0.0,0.0,1867.0,1867.0,0.0,0.0,537.0,439.0,7.0,7.0,58.0,58.0,3718512
BRETAGNE,2014-01-20 15:00:00,2014,20,15:00:00,20.62,83.0,0.0,89.0,40.0,170.0,30.0,-1.0,3136.0,0.0,0.0,684.0,684.0,0.0,0.0,747.0,208.0,251.0,251.0,50.0,50.0,3276543
GRAND EST,2022-12-13 23:00:00,2022,347,23:00:00,347.96,2684.0,5180.0,691.0,0.0,438.0,133.0,-349.0,-1953.0,0.0,0.0,3615.0,3615.0,10820.0,9685.0,4511.0,1121.0,2308.0,2106.0,237.0,237.0,5563889
BOURGOGNE FRANCHE COMTE,2015-10-24 00:00:00,2015,297,00:00:00,297.0,22.0,0.0,36.0,0.0,60.0,18.0,0.0,2232.0,0.0,0.0,325.0,80.0,0.0,0.0,408.0,262.0,513.0,513.0,29.0,29.0,2820940
OCCITANIE,2018-02-27 15:00:00,2018,58,15:00:00,58.62,87.0,2606.0,153.0,1065.0,2672.0,94.0,0.0,253.0,0.0,0.0,291.0,291.0,2620.0,2620.0,1365.0,1830.0,5482.0,5255.0,145.0,145.0,5885496
GRAND EST,2014-08-19 19:00:00,2014,231,19:00:00,231.79,36.0,10716.0,347.0,61.0,1342.0,55.0,0.0,-8220.0,0.0,0.0,3398.0,3198.0,10820.0,10820.0,2112.0,516.0,2283.0,2081.0,98.0,98.0,5554645
CENTRE VAL DE LOIRE,2021-02-28 19:00:00,2021,59,19:00:00,59.79,89.0,8630.0,311.0,0.0,36.0,55.0,0.0,-6632.0,0.0,0.0,229.0,229.0,11630.0,10320.0,1278.0,481.0,92.0,92.0,88.0,88.0,2573303
OCCITANIE,2013-10-14 00:30:00,2013,287,00:30:00,287.02,-1.0,2346.0,9.0,0.0,1003.0,83.0,-13.0,198.0,0.0,0.0,251.0,251.0,2620.0,2620.0,889.0,1164.0,5387.0,5387.0,126.0,126.0,5683878
HAUTS DE FRANCE,2015-04-07 07:00:00,2015,97,07:00:00,97.29,921.0,3561.0,104.0,0.0,2.0,91.0,0.0,2230.0,0.0,0.0,2301.0,2040.0,5460.0,4550.0,2713.0,213.0,5.0,5.0,159.0,159.0,6009976
HAUTS DE FRANCE,2015-07-28 07:30:00,2015,209,07:30:00,209.31,265.0,4452.0,1168.0,4.0,1.0,117.0,0.0,-1418.0,0.0,0.0,2301.0,1970.0,5460.0,4550.0,2759.0,213.0,5.0,5.0,160.0,160.0,6009976
AUVERGNE RHONE ALPES,2017-02-12 00:30:00,2017,43,00:30:00,43.02,638.0,12406.0,205.0,0.0,3894.0,121.0,-11.0,-8389.0,0.0,0.0,984.0,984.0,13570.0,12854.0,482.0,938.0,11238.0,11048.0,177.0,177.0,7948287
BRETAGNE,2013-02-21 08:30:00,2013,52,08:30:00,52.35,59.0,0.0,298.0,1.0,42.0,18.0,-1.0,3825.0,0.0,0.0,658.0,658.0,0.0,0.0,716.0,202.0,11.0,11.0,36.0,36.0,3258707
OCCITANIE,2019-12-01 07:30:00,2019,335,07:30:00,335.31,88.0,2285.0,26.0,0.0,1327.0,91.0,-676.0,1038.0,0.0,0.0,308.0,308.0,2620.0,2058.0,1570.0,2153.0,5489.0,5312.0,146.0,146.0,5933185
NOUVELLE AQUITAINE,2015-07-26 03:30:00,2015,207,03:30:00,207.15,17.0,2106.0,9.0,0.0,47.0,166.0,0.0,1105.0,0.0,0.0,427.0,427.0,6630.0,5886.0,504.0,1520.0,1775.0,1661.0,239.0,239.0,5911482
NOUVELLE AQUITAINE,2022-10-25 17:00:00,2022,298,17:00:00,298.71,62.0,2780.0,427.0,615.0,154.0,183.0,0.0,-146.0,0.0,0.0,579.0,579.0,6630.0,5659.0,1592.0,3806.0,1786.0,1674.0,356.0,356.0,6098051
GRAND EST,2014-08-18 18:30:00,2014,230,18:30:00,230.77,36.0,10706.0,378.0,75.0,1671.0,58.0,0.0,-8713.0,0.0,0.0,3398.0,3198.0,10820.0,10820.0,2112.0,516.0,2283.0,2283.0,98.0,98.0,5554645
CENTRE VAL DE LOIRE,2017-10-24 02:00:00,2017,297,02:00:00,297.08,2.0,6112.0,186.0,0.0,0.0,66.0,0.0,-4551.0,0.0,0.0,210.0,210.0,11630.0,10655.0,963.0,276.0,91.0,91.0,76.0,76.0,2576252
BOURGOGNE FRANCHE COMTE,2021-09-19 14:30:00,2021,262,14:30:00,262.6,61.0,0.0,95.0,67.0,15.0,48.0,-67.0,1639.0,0.0,0.0,401.0,401.0,0.0,0.0,969.0,467.0,524.0,524.0,72.0,72.0,2800194
ILE DE FRANCE,2020-02-05 09:30:00,2020,36,09:30:00,36.4,296.0,0.0,8.0,6.0,2.0,105.0,0.0,10876.0,0.0,0.0,2170.0,2170.0,0.0,0.0,108.0,144.0,20.0,20.0,314.0,314.0,12271794
NOUVELLE AQUITAINE,2021-12-20 12:30:00,2021,354,12:30:00,354.52,304.0,2740.0,446.0,924.0,649.0,179.0,0.0,2923.0,0.0,0.0,578.0,578.0,6630.0,5135.0,1368.0,3433.0,1784.0,1784.0,356.0,356.0,6069352
BOURGOGNE FRANCHE COMTE,2019-09-15 09:30:00,2019,258,09:30:00,258.4,62.0,0.0,12.0,90.0,18.0,24.0,0.0,1501.0,0.0,0.0,401.0,401.0,0.0,0.0,831.0,340.0,521.0,521.0,68.0,68.0,2805580
BOURGOGNE FRANCHE COMTE,2017-12-13 11:30:00,2017,347,11:30:00,347.48,186.0,0.0,542.0,18.0,91.0,26.0,0.0,2860.0,0.0,0.0,356.0,356.0,0.0,0.0,676.0,304.0,520.0,520.0,35.0,35.0,2811423
BRETAGNE,2021-05-01 10:30:00,2021,121,10:30:00,121.44,1.0,0.0,41.0,105.0,1.0,57.0,-1.0,2021.0,0.0,0.0,982.0,982.0,0.0,0.0,1077.0,317.0,272.0,272.0,81.0,81.0,3394567
PROVENCE ALPES COTE D AZUR,2017-12-11 22:30:00,2017,345,22:30:00,345.94,1421.0,0.0,4.0,0.0,999.0,103.0,0.0,2733.0,0.0,0.0,2651.0,2282.0,0.0,0.0,48.0,1186.0,3227.0,3227.0,357.0,357.0,5030890
BRETAGNE,2020-04-03 12:00:00,2020,94,12:00:00,94.5,1.0,0.0,11.0,113.0,8.0,46.0,-1.0,2684.0,0.0,0.0,978.0,844.0,0.0,0.0,1028.0,280.0,272.0,272.0,79.0,79.0,3373835
OCCITANIE,2021-11-19 23:30:00,2021,323,23:30:00,323.98,76.0,1235.0,328.0,0.0,481.0,83.0,0.0,2974.0,0.0,0.0,326.0,326.0,2620.0,2620.0,1593.0,2753.0,5500.0,5465.0,173.0,173.0,6022176
ILE DE FRANCE,2018-01-20 11:00:00,2018,20,11:00:00,20.46,398.0,0.0,53.0,2.0,0.0,146.0,0.0,9808.0,0.0,0.0,2157.0,2057.0,0.0,0.0,88.0,121.0,19.0,19.0,306.0,306.0,12213447
CENTRE VAL DE LOIRE,2022-01-27 10:30:00,2022,27,10:30:00,27.44,137.0,10545.0,94.0,36.0,45.0,53.0,0.0,-7290.0,0.0,0.0,229.0,229.0,11630.0,10867.0,1381.0,698.0,92.0,92.0,90.0,90.0,2572916
PAYS DE LA LOIRE,2013-04-17 06:00:00,2013,107,06:00:00,107.25,386.0,0.0,37.0,0.0,2.0,28.0,0.0,2264.0,0.0,0.0,1837.0,1837.0,0.0,0.0,466.0,389.0,5.0,5.0,57.0,57.0,3660852
NOUVELLE AQUITAINE,2015-04-16 03:30:00,2015,106,03:30:00,106.15,51.0,5413.0,81.0,0.0,416.0,114.0,0.0,-2668.0,0.0,0.0,427.0,427.0,6630.0,6022.0,479.0,1476.0,1774.0,1669.0,234.0,234.0,5911482
CENTRE VAL DE LOIRE,2022-12-02 21:30:00,2022,336,21:30:00,336.9,123.0,9220.0,447.0,0.0,2.0,52.0,0.0,-7295.0,0.0,0.0,229.0,229.0,11630.0,10834.0,1566.0,798.0,93.0,93.0,91.0,91.0,2572916
GRAND EST,2016-07-15 18:30:00,2016,197,18:30:00,197.77,53.0,9791.0,44.0,83.0,1282.0,81.0,0.0,-7102.0,0.0,0.0,3424.0,2829.0,10820.0,9772.0,2634.0,527.0,2295.0,2093.0,123.0,123.0,5555186
HAUTS DE FRANCE,2014-12-31 04:00:00,2014,365,04:00:00,365.17,758.0,5334.0,114.0,0.0,2.0,109.0,0.0,-443.0,0.0,0.0,2301.0,2301.0,5460.0,5460.0,2595.0,212.0,5.0,5.0,155.0,155.0,6006156
AUVERGNE RHONE ALPES,2021-08-12 23:30:00,2021,224,23:30:00,224.98,43.0,8609.0,39.0,0.0,4411.0,117.0,-14.0,-7456.0,0.0,0.0,1047.0,1047.0,13570.0,12690.0,723.0,1511.0,11771.0,11626.0,208.0,208.0,8114361
OCCITANIE,2013-06-23 00:30:00,2013,174,00:30:00,174.02,-3.0,2418.0,301.0,0.0,1537.0,73.0,-28.0,-889.0,0.0,0.0,245.0,245.0,2620.0,2620.0,866.0,1059.0,5379.0,5379.0,126.0,126.0,5683878
NORMANDIE,2017-12-29 14:30:00,2017,363,14:30:00,363.6,428.0,9026.0,619.0,9.0,13.0,50.0,0.0,-6097.0,0.0,0.0,813.0,233.0,10640.0,9310.0,705.0,233.0,31.0,31.0,101.0,101.0,3330478
OCCITANIE,2021-04-23 08:00:00,2021,113,08:00:00,113.33,0.0,2520.0,97.0,154.0,1290.0,81.0,0.0,-22.0,0.0,0.0,318.0,318.0,2620.0,2620.0,1593.0,2529.0,5499.0,5266.0,172.0,172.0,6022176
HAUTS DE FRANCE,2020-11-08 14:00:00,2020,313,14:00:00,313.58,537.0,3404.0,671.0,41.0,1.0,111.0,0.0,477.0,0.0,0.0,2984.0,2399.0,5460.0,4575.0,5285.0,272.0,5.0,5.0,181.0,181.0,5997734
BRETAGNE,2016-11-22 15:30:00,2016,327,15:30:00,327.65,139.0,0.0,51.0,34.0,2.0,33.0,-1.0,2631.0,0.0,0.0,820.0,820.0,0.0,0.0,877.0,231.0,275.0,275.0,57.0,57.0,3306529
PAYS DE LA LOIRE,2022-10-29 18:00:00,2022,302,18:00:00,302.75,365.0,0.0,205.0,65.0,0.0,60.0,0.0,1448.0,0.0,0.0,2068.0,1778.0,0.0,0.0,1684.0,928.0,10.0,10.0,80.0,80.0,3878839
CENTRE VAL DE LOIRE,2018-04-02 06:00:00,2018,92,06:00:00,92.25,0.0,9149.0,304.0,0.0,5.0,51.0,0.0,-7557.0,0.0,0.0,216.0,216.0,11630.0,10665.0,996.0,285.0,91.0,91.0,76.0,76.0,2572853
HAUTS DE FRANCE,2016-01-21 06:30:00,2016,21,06:30:00,21.27,1578.0,5353.0,267.0,0.0,2.0,102.0,0.0,925.0,0.0,0.0,2301.0,2301.0,5460.0,5335.0,2886.0,213.0,5.0,5.0,160.0,160.0,6006870
ILE DE FRANCE,2021-05-02 21:00:00,2021,122,21:00:00,122.88,0.0,0.0,2.0,1.0,10.0,136.0,0.0,7836.0,0.0,0.0,2171.0,2171.0,0.0,0.0,125.0,172.0,20.0,20.0,314.0,314.0,12317279
NOUVELLE AQUITAINE,2014-09-07 08:00:00,2014,250,08:00:00,250.33,21.0,2216.0,41.0,14.0,84.0,145.0,0.0,559.0,0.0,0.0,421.0,421.0,6630.0,5720.0,447.0,1237.0,1772.0,1772.0,220.0,220.0,5879144
BOURGOGNE FRANCHE COMTE,2017-09-26 17:00:00,2017,269,17:00:00,269.71,23.0,0.0,3.0,29.0,12.0,16.0,0.0,2342.0,0.0,0.0,331.0,331.0,0.0,0.0,647.0,271.0,519.0,519.0,34.0,34.0,2811423
AUVERGNE RHONE ALPES,2017-06-01 18:30:00,2017,152,18:30:00,152.77,31.0,9058.0,41.0,147.0,4115.0,86.0,-8.0,-6343.0,0.0,0.0,985.0,584.0,13570.0,12583.0,486.0,950.0,11246.0,11055.0,178.0,178.0,7948287
BRETAGNE,2022-06-03 20:00:00,2022,154,20:00:00,154.83,480.0,0.0,69.0,25.0,9.0,46.0,-1.0,1469.0,0.0,0.0,1432.0,1322.0,0.0,0.0,1179.0,369.0,272.0,272.0,82.0,82.0,3414637
OCCITANIE,2014-11-27 15:00:00,2014,331,15:00:00,331.62,65.0,1271.0,557.0,198.0,1132.0,94.0,0.0,790.0,0.0,0.0,254.0,0.0,2620.0,2620.0,943.0,1317.0,5416.0,5416.0,132.0,132.0,5730753
OCCITANIE,2021-09-18 18:30:00,2021,261,18:30:00,261.77,0.0,1223.0,195.0,110.0,614.0,57.0,-415.0,1698.0,0.0,0.0,325.0,325.0,2620.0,2620.0,1593.0,2673.0,5499.0,5464.0,173.0,173.0,6022176
NOUVELLE AQUITAINE,2016-09-09 15:30:00,2016,253,15:30:00,253.65,35.0,4511.0,7.0,624.0,250.0,144.0,0.0,-801.0,0.0,0.0,429.0,429.0,6630.0,5971.0,625.0,1895.0,1779.0,1661.0,280.0,280.0,5935603
NOUVELLE AQUITAINE,2017-10-08 09:00:00,2017,281,09:00:00,281.38,81.0,6671.0,28.0,121.0,55.0,187.0,0.0,-3346.0,0.0,0.0,465.0,465.0,6630.0,6630.0,842.0,2043.0,1780.0,1668.0,307.0,307.0,5956978
BRETAGNE,2016-11-08 17:00:00,2016,313,17:00:00,313.71,139.0,0.0,94.0,3.0,0.0,35.0,-3.0,3009.0,0.0,0.0,814.0,814.0,0.0,0.0,877.0,231.0,275.0,275.0,57.0,57.0,3306529
CENTRE VAL DE LOIRE,2015-06-09 20:30:00,2015,160,20:30:00,160.85,1.0,9324.0,591.0,12.0,2.0,44.0,0.0,-8088.0,0.0,0.0,166.0,166.0,11630.0,10728.0,832.0,236.0,91.0,91.0,71.0,71.0,2578592
HAUTS DE FRANCE,2018-09-25 10:30:00,2018,268,10:30:00,268.44,609.0,2328.0,82.0,59.0,0.0,115.0,0.0,2774.0,0.0,0.0,2947.0,2726.0,5460.0,4623.0,4027.0,229.0,5.0,5.0,171.0,171.0,6004108
GRAND EST,2017-12-03 13:00:00,2017,337,13:00:00,337.54,1885.0,10140.0,150.0,63.0,876.0,117.0,0.0,-6425.0,0.0,0.0,3471.0,3121.0,10820.0,9590.0,3040.0,550.0,2299.0,1995.0,141.0,141.0,5549586
CENTRE VAL DE LOIRE,2020-09-07 13:30:00,2020,251,13:30:00,251.56,25.0,5182.0,64.0,263.0,1.0,65.0,0.0,-3696.0,0.0,0.0,229.0,229.0,11630.0,10669.0,1256.0,381.0,92.0,92.0,88.0,88.0,2574863
BRETAGNE,2015-07-07 05:30:00,2015,188,05:30:00,188.23,1.0,0.0,166.0,0.0,200.0,35.0,-1.0,1275.0,0.0,0.0,724.0,590.0,0.0,0.0,801.0,221.0,272.0,272.0,55.0,55.0,3293850
HAUTS DE FRANCE,2022-03-11 18:00:00,2022,70,18:00:00,70.75,1407.0,3383.0,3008.0,4.0,3.0,127.0,0.0,-1789.0,0.0,0.0,2990.0,2990.0,5460.0,4643.0,5723.0,439.0,6.0,6.0,190.0,190.0,5990765
ILE DE FRANCE,2014-11-01 01:00:00,2014,305,01:00:00,305.04,171.0,0.0,8.0,0.0,7.0,147.0,0.0,6148.0,0.0,0.0,2128.0,1543.0,0.0,0.0,37.0,112.0,19.0,19.0,282.0,282.0,12027565
BRETAGNE,2015-12-03 02:00:00,2015,337,02:00:00,337.08,130.0,0.0,135.0,0.0,1.0,35.0,0.0,2312.0,0.0,0.0,756.0,756.0,0.0,0.0,813.0,223.0,275.0,275.0,56.0,56.0,3293850
HAUTS DE FRANCE,2016-09-05 10:30:00,2016,249,10:30:00,249.44,1540.0,3171.0,63.0,25.0,1.0,114.0,0.0,664.0,0.0,0.0,2864.0,2727.0,5460.0,4648.0,3098.0,213.0,5.0,5.0,163.0,163.0,6006870
HAUTS DE FRANCE,2017-07-23 10:30:00,2017,204,10:30:00,204.44,611.0,1686.0,1248.0,30.0,0.0,121.0,0.0,630.0,0.0,0.0,2910.0,2910.0,5460.0,4560.0,3521.0,215.0,5.0,5.0,165.0,165.0,6003815
AUVERGNE RHONE ALPES,2016-11-07 17:30:00,2016,312,17:30:00,312.73,630.0,7482.0,75.0,0.0,4650.0,126.0,-6.0,-3739.0,0.0,0.0,982.0,982.0,13570.0,12692.0,399.0,932.0,11229.0,11001.0,177.0,177.0,7916889
NOUVELLE AQUITAINE,2021-12-13 04:30:00,2021,347,04:30:00,347.19,203.0,2686.0,71.0,0.0,374.0,179.0,0.0,1792.0,0.0,0.0,578.0,578.0,6630.0,5135.0,1368.0,3403.0,1784.0,1784.0,356.0,356.0,6069352
HAUTS DE FRANCE,2020-01-19 12:30:00,2020,19,12:30:00,19.52,1838.0,4570.0,895.0,82.0,3.0,127.0,0.0,-675.0,0.0,0.0,2970.0,2970.0,5460.0,4550.0,4924.0,240.0,5.0,5.0,180.0,180.0,5997734
NOUVELLE AQUITAINE,2016-09-30 03:30:00,2016,274,03:30:00,274.15,78.0,3738.0,35.0,-1.0,89.0,129.0,0.0,-749.0,0.0,0.0,429.0,429.0,6630.0,5281.0,625.0,1902.0,1779.0,1673.0,280.0,280.0,5935603
ILE DE FRANCE,2015-10-14 00:30:00,2015,287,00:30:00,287.02,-7.0,0.0,5.0,0.0,8.0,127.0,0.0,8129.0,0.0,0.0,2144.0,1773.0,0.0,0.0,49.0,113.0,19.0,19.0,300.0,300.0,12082144
GRAND EST,2013-02-09 00:30:00,2013,40,00:30:00,40.02,3222.0,8342.0,155.0,0.0,1083.0,62.0,0.0,-6488.0,0.0,0.0,3398.0,3398.0,10820.0,10820.0,1812.0,500.0,2280.0,2280.0,79.0,79.0,5552388
GRAND EST,2019-05-28 17:30:00,2019,148,17:30:00,148.73,803.0,5917.0,886.0,325.0,1249.0,111.0,0.0,-4376.0,0.0,0.0,3531.0,3151.0,10820.0,9572.0,3407.0,580.0,2302.0,2007.0,170.0,170.0,5556219
OCCITANIE,2020-12-14 04:30:00,2020,349,04:30:00,349.19,87.0,2090.0,363.0,0.0,896.0,89.0,-487.0,1610.0,0.0,0.0,318.0,318.0,2620.0,1648.0,1593.0,2357.0,5498.0,5269.0,172.0,172.0,5973969
ILE DE FRANCE,2013-12-07 03:00:00,2013,341,03:00:00,341.12,668.0,0.0,2.0,0.0,1.0,143.0,0.0,7508.0,0.0,0.0,2122.0,2122.0,0.0,0.0,37.0,110.0,19.0,19.0,282.0,282.0,11959807
PROVENCE ALPES COTE D AZUR,2022-06-08 01:00:00,2022,159,01:00:00,159.04,855.0,0.0,25.0,0.0,449.0,205.0,0.0,2062.0,0.0,0.0,2724.0,2370.0,0.0,0.0,96.0,1834.0,3267.0,3231.0,357.0,357.0,5150362
HAUTS DE FRANCE,2017-01-19 07:30:00,2017,19,07:30:00,19.31,2205.0,4224.0,742.0,0.0,2.0,103.0,0.0,1631.0,0.0,0.0,2900.0,2900.0,5460.0,4987.0,3292.0,214.0,5.0,5.0,164.0,164.0,6003815
PAYS DE LA LOIRE,2015-01-29 08:00:00,2015,29,08:00:00,29.33,1263.0,0.0,279.0,0.0,4.0,50.0,0.0,3131.0,0.0,0.0,1867.0,1867.0,0.0,0.0,537.0,439.0,7.0,7.0,58.0,58.0,3718512
CENTRE VAL DE LOIRE,2018-04-24 17:30:00,2018,114,17:30:00,114.73,0.0,7967.0,121.0,115.0,3.0,70.0,0.0,-6514.0,0.0,0.0,216.0,216.0,11630.0,10734.0,1003.0,286.0,91.0,91.0,76.0,76.0,2572853
GRAND EST,2014-06-19 22:00:00,2014,170,22:00:00,170.92,40.0,8841.0,334.0,0.0,779.0,51.0,0.0,-5408.0,0.0,0.0,3398.0,3198.0,10820.0,10820.0,2112.0,515.0,2283.0,2283.0,97.0,97.0,5554645
BRETAGNE,2013-01-16 08:00:00,2013,16,08:00:00,16.33,61.0,0.0,208.0,0.0,22.0,15.0,-1.0,3461.0,0.0,0.0,658.0,658.0,0.0,0.0,716.0,201.0,11.0,11.0,36.0,36.0,3258707
BRETAGNE,2014-10-24 13:00:00,2014,297,13:00:00,297.54,17.0,0.0,182.0,25.0,198.0,40.0,-1.0,2406.0,0.0,0.0,703.0,703.0,0.0,0.0,781.0,217.0,272.0,272.0,52.0,52.0,3276543
PAYS DE LA LOIRE,2022-01-29 15:00:00,2022,29,15:00:00,29.62,119.0,0.0,201.0,52.0,5.0,55.0,0.0,3096.0,0.0,0.0,2068.0,2068.0,0.0,0.0,1133.0,806.0,10.0,10.0,80.0,80.0,3878839
BOURGOGNE FRANCHE COMTE,2014-08-16 00:00:00,2014,228,00:00:00,228.0,15.0,0.0,22.0,0.0,193.0,16.0,0.0,1275.0,0.0,0.0,313.0,68.0,0.0,0.0,254.0,251.0,508.0,508.0,28.0,28.0,2820623
HAUTS DE FRANCE,2013-05-08 15:30:00,2013,128,15:30:00,128.65,277.0,3046.0,335.0,38.0,1.0,70.0,0.0,1004.0,0.0,0.0,2268.0,2034.0,5460.0,5460.0,2126.0,210.0,5.0,5.0,139.0,139.0,5987883
HAUTS DE FRANCE,2017-09-25 16:30:00,2017,268,16:30:00,268.69,882.0,4251.0,48.0,28.0,1.0,112.0,0.0,102.0,0.0,0.0,2910.0,2636.0,5460.0,4815.0,3609.0,215.0,5.0,5.0,165.0,165.0,6003815
PROVENCE ALPES COTE D AZUR,2017-11-25 05:00:00,2017,329,05:00:00,329.21,481.0,0.0,2.0,0.0,196.0,252.0,-51.0,3288.0,0.0,0.0,2643.0,2337.0,0.0,0.0,48.0,1180.0,3227.0,3227.0,357.0,357.0,5030890
PAYS DE LA LOIRE,2019-04-17 10:00:00,2019,107,10:00:00,107.42,442.0,0.0,155.0,164.0,4.0,49.0,0.0,2810.0,0.0,0.0,2037.0,1932.0,0.0,0.0,909.0,572.0,8.0,8.0,70.0,70.0,3806461
BOURGOGNE FRANCHE COMTE,2014-06-21 16:30:00,2014,172,16:30:00,172.69,16.0,0.0,6.0,108.0,7.0,9.0,0.0,1613.0,0.0,0.0,313.0,68.0,0.0,0.0,254.0,248.0,508.0,508.0,26.0,26.0,2820623
CENTRE VAL DE LOIRE,2018-11-03 11:00:00,2018,307,11:00:00,307.46,84.0,7078.0,27.0,131.0,0.0,63.0,0.0,-4914.0,0.0,0.0,222.0,222.0,11630.0,10675.0,1060.0,302.0,91.0,91.0,84.0,84.0,2572853
NOUVELLE AQUITAINE,2017-11-13 13:00:00,2017,317,13:00:00,317.54,307.0,6741.0,163.0,914.0,255.0,178.0,0.0,-2237.0,0.0,0.0,473.0,473.0,6630.0,6630.0,875.0,2097.0,1780.0,1675.0,307.0,307.0,5956978
CENTRE VAL DE LOIRE,2021-11-29 01:00:00,2021,333,01:00:00,333.04,73.0,7741.0,368.0,0.0,1.0,58.0,0.0,-5540.0,0.0,0.0,229.0,229.0,11630.0,10735.0,1381.0,674.0,92.0,92.0,90.0,90.0,2573303
BRETAGNE,2014-11-27 06:30:00,2014,331,06:30:00,331.27,88.0,0.0,3.0,0.0,104.0,38.0,-1.0,2468.0,0.0,0.0,712.0,712.0,0.0,0.0,781.0,217.0,272.0,272.0,52.0,52.0,3276543
AUVERGNE RHONE ALPES,2015-12-15 22:00:00,2015,349,22:00:00,349.92,388.0,10647.0,79.0,0.0,2177.0,130.0,-408.0,-4597.0,0.0,0.0,947.0,947.0,13570.0,12667.0,384.0,894.0,11196.0,10892.0,168.0,168.0,7877698
NORMANDIE,2022-07-29 20:30:00,2022,210,20:30:00,210.85,186.0,3613.0,42.0,11.0,7.0,90.0,0.0,-1513.0,0.0,0.0,852.0,852.0,10640.0,9378.0,933.0,314.0,31.0,31.0,149.0,149.0,3327604
AUVERGNE RHONE ALPES,2015-10-06 01:30:00,2015,279,01:30:00,279.06,11.0,8454.0,47.0,0.0,1905.0,76.0,-1295.0,-3089.0,0.0,0.0,944.0,543.0,13570.0,12978.0,372.0,890.0,11186.0,10949.0,141.0,141.0,7877698
NOUVELLE AQUITAINE,2017-01-04 22:30:00,2017,4,22:30:00,4.94,265.0,5209.0,121.0,-1.0,223.0,204.0,0.0,1400.0,0.0,0.0,450.0,450.0,6630.0,5135.0,706.0,1921.0,1780.0,1780.0,295.0,295.0,5956978
GRAND EST,2021-04-10 01:30:00,2021,100,01:30:00,100.06,1301.0,5046.0,1048.0,0.0,905.0,144.0,0.0,-3675.0,0.0,0.0,3585.0,3172.0,10820.0,9940.0,3885.0,882.0,2305.0,2103.0,206.0,206.0,5561287
NOUVELLE AQUITAINE,2017-06-27 09:30:00,2017,178,09:30:00,178.4,64.0,3386.0,31.0,352.0,320.0,185.0,0.0,387.0,0.0,0.0,465.0,465.0,6630.0,5548.0,742.0,1972.0,1780.0,1669.0,306.0,306.0,5956978
BRETAGNE,2014-08-09 22:30:00,2014,221,22:30:00,221.94,1.0,0.0,53.0,0.0,112.0,35.0,-1.0,1617.0,0.0,0.0,688.0,688.0,0.0,0.0,763.0,215.0,272.0,272.0,52.0,52.0,3276543
CENTRE VAL DE LOIRE,2013-10-11 13:30:00,2013,284,13:30:00,284.56,9.0,5685.0,47.0,25.0,0.0,36.0,0.0,-3588.0,0.0,0.0,162.0,162.0,11630.0,11630.0,731.0,212.0,91.0,91.0,56.0,56.0,2570548
ILE DE FRANCE,2021-01-08 08:00:00,2021,8,08:00:00,8.33,827.0,0.0,2.0,0.0,6.0,143.0,0.0,11206.0,0.0,0.0,2171.0,2171.0,0.0,0.0,125.0,170.0,20.0,20.0,314.0,314.0,12317279
BRETAGNE,2020-11-05 14:00:00,2020,310,14:00:00,310.58,188.0,0.0,406.0,140.0,160.0,46.0,-1.0,2098.0,0.0,0.0,980.0,980.0,0.0,0.0,1041.0,291.0,272.0,272.0,81.0,81.0,3373835
BOURGOGNE FRANCHE COMTE,2017-12-19 10:00:00,2017,353,10:00:00,353.42,168.0,0.0,35.0,5.0,351.0,26.0,0.0,2985.0,0.0,0.0,356.0,356.0,0.0,0.0,676.0,304.0,520.0,520.0,35.0,35.0,2811423
HAUTS DE FRANCE,2015-09-26 01:00:00,2015,269,01:00:00,269.04,969.0,3478.0,200.0,0.0,1.0,99.0,0.0,442.0,0.0,0.0,2301.0,2051.0,5460.0,4550.0,2774.0,213.0,5.0,5.0,160.0,160.0,6009976
PAYS DE LA LOIRE,2015-04-11 08:00:00,2015,101,08:00:00,101.33,22.0,0.0,171.0,1.0,4.0,37.0,0.0,2361.0,0.0,0.0,1867.0,1234.0,0.0,0.0,545.0,445.0,7.0,7.0,59.0,59.0,3718512
CENTRE VAL DE LOIRE,2020-12-30 23:30:00,2020,365,23:30:00,365.98,81.0,9255.0,803.0,0.0,53.0,62.0,0.0,-7409.0,0.0,0.0,229.0,229.0,11630.0,10587.0,1278.0,417.0,92.0,92.0,88.0,88.0,2574863
OCCITANIE,2021-05-22 01:00:00,2021,142,01:00:00,142.04,0.0,1278.0,652.0,0.0,1097.0,68.0,-524.0,748.0,0.0,0.0,318.0,318.0,2620.0,2620.0,1593.0,2549.0,5499.0,5266.0,172.0,172.0,6022176
PROVENCE ALPES COTE D AZUR,2017-10-08 18:00:00,2017,281,18:00:00,281.75,1568.0,0.0,21.0,187.0,166.0,84.0,0.0,1420.0,0.0,0.0,2630.0,2252.0,0.0,0.0,48.0,1167.0,3221.0,3097.0,354.0,354.0,5030890
OCCITANIE,2013-09-20 23:30:00,2013,263,23:30:00,263.98,-1.0,2212.0,272.0,0.0,557.0,69.0,-421.0,1011.0,0.0,0.0,246.0,246.0,2620.0,2620.0,889.0,1154.0,5387.0,5387.0,126.0,126.0,5683878
HAUTS DE FRANCE,2021-01-04 01:00:00,2021,4,01:00:00,4.04,1173.0,4602.0,1055.0,0.0,2.0,134.0,0.0,-666.0,0.0,0.0,2984.0,2572.0,5460.0,4550.0,5329.0,287.0,5.0,5.0,181.0,181.0,5995292
BRETAGNE,2019-08-09 12:30:00,2019,221,12:30:00,221.52,1.0,0.0,797.0,84.0,7.0,53.0,-1.0,1543.0,0.0,0.0,960.0,960.0,0.0,0.0,1021.0,268.0,270.0,270.0,74.0,74.0,3354854
OCCITANIE,2017-02-06 18:00:00,2017,37,18:00:00,37.75,73.0,2485.0,810.0,3.0,2123.0,89.0,-17.0,0.0,0.0,0.0,282.0,282.0,2620.0,1937.0,1194.0,1697.0,5473.0,5246.0,140.0,140.0,5845102
BOURGOGNE FRANCHE COMTE,2020-02-22 16:30:00,2020,53,16:30:00,53.69,133.0,0.0,366.0,86.0,105.0,48.0,-65.0,1565.0,0.0,0.0,401.0,401.0,0.0,0.0,877.0,346.0,521.0,521.0,69.0,69.0,2801695
NORMANDIE,2015-01-22 03:00:00,2015,22,03:00:00,22.12,341.0,10290.0,31.0,0.0,15.0,46.0,0.0,-6311.0,0.0,0.0,761.0,181.0,10640.0,9907.0,496.0,214.0,24.0,24.0,91.0,91.0,3339131
BOURGOGNE FRANCHE COMTE,2018-02-24 17:30:00,2018,55,17:30:00,55.73,159.0,0.0,222.0,17.0,108.0,32.0,0.0,2435.0,0.0,0.0,386.0,386.0,0.0,0.0,676.0,305.0,520.0,443.0,35.0,35.0,2807807
PROVENCE ALPES COTE D AZUR,2017-12-25 23:00:00,2017,359,23:00:00,359.96,174.0,0.0,16.0,0.0,432.0,110.0,0.0,4963.0,0.0,0.0,2651.0,2305.0,0.0,0.0,48.0,1206.0,3227.0,3079.0,357.0,357.0,5030890
AUVERGNE RHONE ALPES,2015-12-14 10:30:00,2015,348,10:30:00,348.44,597.0,10820.0,160.0,131.0,4985.0,120.0,-6.0,-6831.0,0.0,0.0,947.0,947.0,13570.0,12667.0,384.0,894.0,11196.0,10892.0,168.0,168.0,7877698
BOURGOGNE FRANCHE COMTE,2016-09-11 07:30:00,2016,255,07:30:00,255.31,24.0,0.0,9.0,1.0,10.0,23.0,0.0,1397.0,0.0,0.0,329.0,329.0,0.0,0.0,446.0,264.0,513.0,513.0,31.0,31.0,2818338
AUVERGNE RHONE ALPES,2020-01-03 18:30:00,2020,3,18:30:00,3.77,595.0,12235.0,171.0,0.0,4534.0,138.0,-4.0,-8226.0,0.0,0.0,1032.0,1032.0,13570.0,12777.0,635.0,1230.0,11741.0,11585.0,191.0,191.0,8078652
NOUVELLE AQUITAINE,2020-04-22 11:00:00,2020,113,11:00:00,113.46,19.0,4962.0,7.0,458.0,364.0,175.0,0.0,-1604.0,0.0,0.0,571.0,571.0,6630.0,5369.0,1089.0,2645.0,1783.0,1678.0,341.0,341.0,6033952
HAUTS DE FRANCE,2015-02-06 12:30:00,2015,37,12:30:00,37.52,1782.0,5509.0,1675.0,38.0,2.0,104.0,0.0,-187.0,0.0,0.0,2301.0,2301.0,5460.0,5460.0,2634.0,213.0,5.0,5.0,155.0,155.0,6009976
AUVERGNE RHONE ALPES,2020-03-14 22:00:00,2020,74,22:00:00,74.92,547.0,8801.0,139.0,0.0,4114.0,135.0,-3.0,-6514.0,0.0,0.0,1034.0,1034.0,13570.0,12644.0,647.0,1252.0,11746.0,11559.0,192.0,192.0,8078652
ILE DE FRANCE,2015-01-27 13:00:00,2015,27,13:00:00,27.54,1027.0,0.0,1.0,12.0,5.0,128.0,0.0,11310.0,0.0,0.0,2144.0,1559.0,0.0,0.0,37.0,112.0,19.0,19.0,286.0,286.0,12082144
AUVERGNE RHONE ALPES,2013-08-13 20:30:00,2013,225,20:30:00,225.85,41.0,9232.0,89.0,5.0,3125.0,57.0,-19.0,-6909.0,0.0,0.0,919.0,919.0,13570.0,13570.0,335.0,726.0,11122.0,10970.0,106.0,106.0,7757595
BRETAGNE,2021-03-02 15:30:00,2021,61,15:30:00,61.65,242.0,0.0,112.0,82.0,236.0,49.0,-1.0,2099.0,0.0,0.0,982.0,982.0,0.0,0.0,1052.0,305.0,272.0,272.0,81.0,81.0,3394567
BOURGOGNE FRANCHE COMTE,2020-02-05 13:00:00,2020,36,13:00:00,36.54,172.0,0.0,16.0,125.0,167.0,52.0,0.0,2593.0,0.0,0.0,401.0,401.0,0.0,0.0,877.0,345.0,521.0,521.0,69.0,69.0,2801695
NOUVELLE AQUITAINE,2015-05-25 19:00:00,2015,145,19:00:00,145.79,16.0,3184.0,132.0,239.0,275.0,157.0,0.0,-323.0,0.0,0.0,427.0,427.0,6630.0,5766.0,488.0,1503.0,1775.0,1650.0,239.0,239.0,5911482
NOUVELLE AQUITAINE,2022-03-12 00:30:00,2022,71,00:30:00,71.02,116.0,2215.0,508.0,1.0,305.0,181.0,0.0,2122.0,0.0,0.0,578.0,578.0,6630.0,5428.0,1429.0,3515.0,1784.0,1666.0,356.0,356.0,6098051
ILE DE FRANCE,2016-06-10 00:30:00,2016,162,00:30:00,162.02,-3.0,0.0,7.0,0.0,0.0,122.0,0.0,6519.0,0.0,0.0,2149.0,1620.0,0.0,0.0,61.0,114.0,19.0,19.0,300.0,300.0,12117132
HAUTS DE FRANCE,2017-04-04 04:30:00,2017,94,04:30:00,94.19,1302.0,3633.0,23.0,0.0,2.0,94.0,0.0,-218.0,0.0,0.0,2900.0,2822.0,5460.0,4550.0,3393.0,214.0,5.0,5.0,164.0,164.0,6003815
PROVENCE ALPES COTE D AZUR,2019-04-05 01:00:00,2019,95,01:00:00,95.04,1559.0,0.0,7.0,0.0,954.0,89.0,-51.0,2240.0,0.0,0.0,2674.0,2274.0,0.0,0.0,48.0,1344.0,3241.0,3051.0,357.0,207.0,5081101
CENTRE VAL DE LOIRE,2022-08-05 14:30:00,2022,217,14:30:00,217.6,13.0,7944.0,203.0,483.0,1.0,50.0,0.0,-6892.0,0.0,0.0,229.0,229.0,11630.0,10836.0,1482.0,766.0,92.0,92.0,90.0,90.0,2572916
CENTRE VAL DE LOIRE,2015-12-09 06:30:00,2015,343,06:30:00,343.27,72.0,7964.0,96.0,0.0,1.0,52.0,0.0,-5557.0,0.0,0.0,168.0,168.0,11630.0,10939.0,842.0,241.0,91.0,91.0,71.0,71.0,2578592
AUVERGNE RHONE ALPES,2017-08-23 17:00:00,2017,235,17:00:00,235.71,22.0,11185.0,16.0,361.0,1655.0,91.0,-18.0,-6195.0,0.0,0.0,985.0,985.0,13570.0,12655.0,486.0,961.0,11246.0,11060.0,178.0,178.0,7948287
PAYS DE LA LOIRE,2017-01-25 17:00:00,2017,25,17:00:00,25.71,2742.0,0.0,85.0,11.0,1.0,47.0,0.0,2208.0,0.0,0.0,1905.0,1605.0,0.0,0.0,697.0,492.0,8.0,8.0,63.0,63.0,3757600
OCCITANIE,2018-09-25 15:30:00,2018,268,15:30:00,268.65,0.0,2549.0,275.0,1052.0,480.0,70.0,-203.0,-266.0,0.0,0.0,295.0,295.0,2620.0,2620.0,1428.0,1965.0,5485.0,5253.0,146.0,146.0,5885496
AUVERGNE RHONE ALPES,2021-11-03 05:30:00,2021,307,05:30:00,307.23,326.0,10154.0,249.0,0.0,2008.0,114.0,-1668.0,-4100.0,0.0,0.0,1048.0,1048.0,13570.0,12669.0,723.0,1560.0,11776.0,11650.0,208.0,208.0,8114361
BRETAGNE,2021-10-30 22:30:00,2021,303,22:30:00,303.94,8.0,0.0,313.0,0.0,49.0,54.0,-1.0,1757.0,0.0,0.0,1428.0,1428.0,0.0,0.0,1106.0,348.0,272.0,272.0,82.0,82.0,3394567
PAYS DE LA LOIRE,2014-09-03 10:00:00,2014,246,10:00:00,246.42,1020.0,0.0,49.0,110.0,2.0,35.0,0.0,1772.0,0.0,0.0,1864.0,1429.0,0.0,0.0,518.0,421.0,7.0,7.0,58.0,58.0,3690833
PROVENCE ALPES COTE D AZUR,2014-10-05 16:30:00,2014,278,16:30:00,278.69,104.0,0.0,2.0,144.0,260.0,48.0,0.0,3044.0,0.0,0.0,2593.0,2212.0,0.0,0.0,45.0,873.0,3168.0,3168.0,170.0,170.0,4983438
OCCITANIE,2022-12-17 01:00:00,2022,351,01:00:00,351.04,113.0,1288.0,321.0,0.0,860.0,107.0,-46.0,2001.0,0.0,0.0,326.0,326.0,2620.0,1310.0,1667.0,3125.0,5505.0,5505.0,175.0,175.0,6067101
NORMANDIE,2021-03-04 08:00:00,2021,63,08:00:00,63.33,675.0,7637.0,86.0,3.0,16.0,91.0,0.0,-4863.0,0.0,0.0,852.0,852.0,10640.0,9797.0,842.0,279.0,31.0,31.0,146.0,146.0,3327966
AUVERGNE RHONE ALPES,2013-02-16 07:30:00,2013,47,07:30:00,47.31,285.0,12539.0,88.0,0.0,3355.0,54.0,-10.0,-7286.0,0.0,0.0,914.0,914.0,13570.0,13570.0,335.0,708.0,11115.0,11115.0,106.0,106.0,7757595
CENTRE VAL DE LOIRE,2022-08-31 22:00:00,2022,243,22:00:00,243.92,13.0,5577.0,129.0,0.0,9.0,66.0,0.0,-4172.0,0.0,0.0,229.0,229.0,11630.0,10599.0,1482.0,773.0,92.0,92.0,90.0,90.0,2572916
OCCITANIE,2020-01-23 00:00:00,2020,23,00:00:00,23.0,91.0,2369.0,872.0,0.0,1879.0,95.0,-9.0,455.0,0.0,0.0,308.0,308.0,2620.0,2620.0,1570.0,2163.0,5490.0,5313.0,171.0,171.0,5973969
GRAND EST,2014-04-27 18:00:00,2014,117,18:00:00,117.75,45.0,5152.0,532.0,68.0,936.0,60.0,0.0,-2973.0,0.0,0.0,3398.0,3198.0,10820.0,10820.0,2022.0,515.0,2283.0,2283.0,96.0,96.0,5554645
HAUTS DE FRANCE,2013-04-16 00:00:00,2013,106,00:00:00,106.0,461.0,2694.0,123.0,0.0,1.0,49.0,0.0,2336.0,0.0,0.0,2268.0,2268.0,5460.0,5460.0,2114.0,210.0,5.0,5.0,139.0,139.0,5987883
BOURGOGNE FRANCHE COMTE,2014-05-21 11:30:00,2014,141,11:30:00,141.48,29.0,0.0,46.0,58.0,46.0,19.0,0.0,2363.0,0.0,0.0,313.0,68.0,0.0,0.0,254.0,246.0,508.0,508.0,25.0,25.0,2820623
BRETAGNE,2018-04-28 20:00:00,2018,118,20:00:00,118.83,1.0,0.0,69.0,17.0,9.0,44.0,-26.0,1870.0,0.0,0.0,904.0,770.0,0.0,0.0,951.0,252.0,270.0,270.0,68.0,68.0,3335414
HAUTS DE FRANCE,2015-05-22 23:30:00,2015,142,23:30:00,142.98,356.0,4013.0,153.0,0.0,2.0,115.0,0.0,882.0,0.0,0.0,2301.0,1970.0,5460.0,5338.0,2734.0,213.0,5.0,5.0,159.0,159.0,6009976
BOURGOGNE FRANCHE COMTE,2022-10-13 16:00:00,2022,286,16:00:00,286.67,58.0,0.0,68.0,68.0,33.0,53.0,0.0,1900.0,0.0,0.0,401.0,401.0,0.0,0.0,1067.0,616.0,524.0,524.0,75.0,75.0,2797366
CENTRE VAL DE LOIRE,2019-01-18 10:00:00,2019,18,10:00:00,18.42,115.0,10382.0,112.0,21.0,11.0,54.0,0.0,-7106.0,0.0,0.0,228.0,228.0,11630.0,10320.0,1112.0,305.0,91.0,91.0,84.0,84.0,2573180
GRAND EST,2014-02-17 15:00:00,2014,48,15:00:00,48.62,1201.0,12018.0,125.0,196.0,913.0,82.0,-357.0,-8142.0,0.0,0.0,3398.0,3283.0,10820.0,10820.0,1999.0,509.0,2283.0,2283.0,94.0,94.0,5554645
BOURGOGNE FRANCHE COMTE,2022-01-06 09:30:00,2022,6,09:30:00,6.4,156.0,0.0,33.0,29.0,261.0,34.0,0.0,2920.0,0.0,0.0,401.0,401.0,0.0,0.0,992.0,494.0,524.0,381.0,74.0,74.0,2797366
CENTRE VAL DE LOIRE,2017-04-25 00:30:00,2017,115,00:30:00,115.02,0.0,10528.0,133.0,0.0,1.0,51.0,0.0,-8524.0,0.0,0.0,198.0,198.0,11630.0,10735.0,947.0,266.0,91.0,91.0,76.0,76.0,2576252
BRETAGNE,2015-07-26 23:30:00,2015,207,23:30:00,207.98,0.0,0.0,319.0,0.0,29.0,37.0,-1.0,1542.0,0.0,0.0,724.0,724.0,0.0,0.0,801.0,221.0,272.0,272.0,55.0,55.0,3293850
GRAND EST,2016-12-27 06:00:00,2016,362,06:00:00,362.25,1972.0,10331.0,218.0,0.0,393.0,121.0,-347.0,-7529.0,0.0,0.0,3449.0,3252.0,10820.0,10010.0,2825.0,535.0,2296.0,2046.0,138.0,138.0,5555186
PROVENCE ALPES COTE D AZUR,2015-08-08 18:30:00,2015,220,18:30:00,220.77,124.0,0.0,8.0,201.0,851.0,81.0,0.0,3705.0,0.0,0.0,2610.0,2215.0,0.0,0.0,48.0,930.0,3168.0,3168.0,183.0,183.0,5007977
ILE DE FRANCE,2014-09-18 11:00:00,2014,261,11:00:00,261.46,415.0,0.0,0.0,29.0,5.0,100.0,0.0,7815.0,0.0,0.0,2122.0,2122.0,0.0,0.0,37.0,111.0,19.0,19.0,282.0,282.0,12027565
GRAND EST,2020-01-28 23:00:00,2020,28,23:00:00,28.96,1841.0,10561.0,2844.0,0.0,592.0,113.0,0.0,-9776.0,0.0,0.0,3535.0,3535.0,10820.0,10106.0,3575.0,609.0,2303.0,2089.0,179.0,179.0,5562651
BOURGOGNE FRANCHE COMTE,2022-10-23 05:30:00,2022,296,05:30:00,296.23,58.0,0.0,551.0,0.0,61.0,52.0,-5.0,764.0,0.0,0.0,401.0,401.0,0.0,0.0,1067.0,624.0,524.0,524.0,75.0,75.0,2797366
ILE DE FRANCE,2022-08-04 05:30:00,2022,216,05:30:00,216.23,0.0,0.0,9.0,0.0,3.0,139.0,0.0,4771.0,0.0,0.0,2171.0,2022.0,0.0,0.0,148.0,227.0,20.0,20.0,314.0,314.0,12354286
HAUTS DE FRANCE,2022-10-11 07:30:00,2022,284,07:30:00,284.31,1422.0,4536.0,410.0,0.0,0.0,80.0,0.0,-692.0,0.0,0.0,2996.0,2875.0,5460.0,4551.0,5966.0,459.0,6.0,6.0,197.0,197.0,5990765
HAUTS DE FRANCE,2013-11-26 07:00:00,2013,330,07:00:00,330.29,1471.0,4526.0,188.0,0.0,1.0,92.0,0.0,1223.0,0.0,0.0,2278.0,2278.0,5460.0,5460.0,2235.0,210.0,5.0,5.0,139.0,139.0,5987883
CENTRE VAL DE LOIRE,2015-04-22 00:30:00,2015,112,00:30:00,112.02,0.0,7689.0,556.0,0.0,4.0,36.0,0.0,-6524.0,0.0,0.0,166.0,166.0,11630.0,10820.0,818.0,235.0,91.0,91.0,71.0,71.0,2578592
HAUTS DE FRANCE,2014-09-18 18:30:00,2014,261,18:30:00,261.77,285.0,3537.0,97.0,9.0,1.0,66.0,0.0,1764.0,0.0,0.0,2289.0,2289.0,5460.0,5460.0,2423.0,212.0,5.0,5.0,140.0,140.0,6006156
HAUTS DE FRANCE,2018-11-30 08:30:00,2018,334,08:30:00,334.35,1678.0,4932.0,1817.0,0.0,1.0,113.0,0.0,-1252.0,0.0,0.0,2967.0,2736.0,5460.0,4799.0,4173.0,234.0,5.0,5.0,177.0,177.0,6004108
BRETAGNE,2020-05-09 02:30:00,2020,130,02:30:00,130.1,1.0,0.0,19.0,0.0,210.0,55.0,-1.0,1390.0,0.0,0.0,978.0,893.0,0.0,0.0,1028.0,281.0,272.0,272.0,79.0,79.0,3373835
OCCITANIE,2020-09-12 02:00:00,2020,256,02:00:00,256.08,0.0,0.0,94.0,1.0,277.0,70.0,-222.0,3007.0,0.0,0.0,314.0,314.0,2620.0,1310.0,1593.0,2279.0,5494.0,5227.0,171.0,171.0,5973969
BRETAGNE,2021-10-28 23:00:00,2021,301,23:00:00,301.96,31.0,0.0,510.0,0.0,0.0,56.0,-1.0,1884.0,0.0,0.0,1428.0,1428.0,0.0,0.0,1106.0,348.0,272.0,272.0,82.0,82.0,3394567
PAYS DE LA LOIRE,2018-06-21 15:00:00,2018,172,15:00:00,172.62,6.0,0.0,192.0,342.0,4.0,41.0,0.0,2372.0,0.0,0.0,1968.0,1761.0,0.0,0.0,804.0,545.0,8.0,8.0,69.0,69.0,3781423
NORMANDIE,2015-08-23 15:00:00,2015,235,15:00:00,235.62,215.0,2278.0,74.0,50.0,11.0,55.0,0.0,-611.0,0.0,0.0,761.0,181.0,10640.0,9310.0,538.0,215.0,24.0,24.0,94.0,94.0,3339131
GRAND EST,2014-08-14 02:30:00,2014,226,02:30:00,226.1,36.0,8468.0,612.0,0.0,1283.0,57.0,-355.0,-6592.0,0.0,0.0,3398.0,3198.0,10820.0,10820.0,2112.0,516.0,2283.0,2283.0,98.0,98.0,5554645
ILE DE FRANCE,2022-08-21 18:00:00,2022,233,18:00:00,233.75,0.0,0.0,17.0,46.0,5.0,145.0,0.0,5231.0,0.0,0.0,2171.0,2034.0,0.0,0.0,148.0,227.0,20.0,20.0,314.0,314.0,12354286
BRETAGNE,2018-04-01 18:30:00,2018,91,18:30:00,91.77,1.0,0.0,421.0,12.0,19.0,41.0,-2.0,2276.0,0.0,0.0,904.0,904.0,0.0,0.0,951.0,252.0,270.0,270.0,68.0,68.0,3335414
PROVENCE ALPES COTE D AZUR,2013-07-31 12:30:00,2013,212,12:30:00,212.52,166.0,0.0,3.0,423.0,1519.0,64.0,-2.0,2883.0,0.0,0.0,2590.0,2316.0,0.0,0.0,45.0,718.0,3158.0,3158.0,151.0,151.0,4953675
PROVENCE ALPES COTE D AZUR,2014-03-20 22:00:00,2014,79,22:00:00,79.92,229.0,0.0,3.0,0.0,1596.0,69.0,0.0,2584.0,0.0,0.0,2592.0,2318.0,0.0,0.0,45.0,813.0,3160.0,3160.0,164.0,164.0,4983438
PROVENCE ALPES COTE D AZUR,2021-04-02 13:00:00,2021,92,13:00:00,92.54,22.0,0.0,4.0,1030.0,749.0,69.0,-51.0,2606.0,0.0,0.0,2715.0,2386.0,0.0,0.0,96.0,1581.0,3266.0,3235.0,357.0,357.0,5127840
AUVERGNE RHONE ALPES,2016-07-21 22:30:00,2016,203,22:30:00,203.94,413.0,6755.0,22.0,0.0,3460.0,94.0,-18.0,-3876.0,0.0,0.0,959.0,959.0,13570.0,12629.0,399.0,919.0,11219.0,11060.0,170.0,170.0,7916889
PAYS DE LA LOIRE,2021-02-27 20:00:00,2021,58,20:00:00,58.83,172.0,0.0,583.0,0.0,6.0,49.0,0.0,2580.0,0.0,0.0,2055.0,2055.0,0.0,0.0,1058.0,698.0,10.0,10.0,78.0,78.0,3853999
GRAND EST,2020-12-10 00:30:00,2020,345,00:30:00,345.02,1545.0,9334.0,455.0,0.0,541.0,128.0,-180.0,-5714.0,0.0,0.0,3585.0,3172.0,10820.0,9671.0,3849.0,673.0,2305.0,2045.0,192.0,192.0,5562651
PROVENCE ALPES COTE D AZUR,2013-02-22 18:30:00,2013,53,18:30:00,53.77,647.0,0.0,23.0,0.0,2116.0,71.0,0.0,3825.0,0.0,0.0,2590.0,2326.0,0.0,0.0,45.0,670.0,3158.0,3158.0,149.0,149.0,4953675
AUVERGNE RHONE ALPES,2014-06-05 21:30:00,2014,156,21:30:00,156.9,19.0,9170.0,33.0,1.0,3323.0,78.0,-8.0,-6069.0,0.0,0.0,938.0,938.0,13570.0,13570.0,347.0,816.0,11141.0,10989.0,140.0,140.0,7820966
OCCITANIE,2016-11-17 12:30:00,2016,322,12:30:00,322.52,59.0,2390.0,49.0,622.0,1127.0,96.0,0.0,685.0,0.0,0.0,273.0,273.0,2620.0,2620.0,1172.0,1654.0,5463.0,5232.0,140.0,140.0,5808435
ILE DE FRANCE,2020-11-06 11:00:00,2020,311,11:00:00,311.46,389.0,0.0,18.0,65.0,5.0,102.0,0.0,8937.0,0.0,0.0,2171.0,2171.0,0.0,0.0,125.0,169.0,20.0,20.0,314.0,314.0,12271794
AUVERGNE RHONE ALPES,2022-02-25 09:00:00,2022,56,09:00:00,56.38,238.0,10772.0,233.0,262.0,5337.0,131.0,-8.0,-7257.0,0.0,0.0,1048.0,647.0,13570.0,12659.0,723.0,1646.0,11780.0,11620.0,208.0,208.0,8155762
OCCITANIE,2019-02-23 00:30:00,2019,54,00:30:00,54.02,94.0,1280.0,312.0,0.0,776.0,101.0,-257.0,2566.0,0.0,0.0,307.0,307.0,2620.0,1310.0,1499.0,2004.0,5485.0,5308.0,146.0,146.0,5933185
ILE DE FRANCE,2013-07-10 17:30:00,2013,191,17:30:00,191.73,1.0,0.0,7.0,28.0,10.0,165.0,0.0,7907.0,0.0,0.0,2121.0,2121.0,0.0,0.0,37.0,109.0,19.0,19.0,282.0,282.0,11959807
PROVENCE ALPES COTE D AZUR,2016-10-08 11:00:00,2016,282,11:00:00,282.46,2022.0,0.0,13.0,546.0,582.0,102.0,0.0,820.0,0.0,0.0,2614.0,2369.0,0.0,0.0,48.0,1048.0,3192.0,3192.0,354.0,354.0,5021928
AUVERGNE RHONE ALPES,2020-10-17 15:00:00,2020,291,15:00:00,291.62,408.0,9663.0,72.0,331.0,2397.0,106.0,-250.0,-5757.0,0.0,0.0,1035.0,1035.0,13570.0,12699.0,700.0,1329.0,11751.0,11592.0,194.0,194.0,8078652
NORMANDIE,2019-12-23 17:00:00,2019,357,17:00:00,357.71,346.0,3741.0,298.0,0.0,12.0,63.0,0.0,-972.0,0.0,0.0,833.0,833.0,10640.0,9476.0,806.0,261.0,31.0,31.0,109.0,109.0,3325032
OCCITANIE,2015-04-30 00:00:00,2015,120,00:00:00,120.0,-6.0,2440.0,152.0,0.0,1784.0,71.0,-20.0,-176.0,0.0,0.0,266.0,0.0,2620.0,2620.0,943.0,1385.0,5448.0,5221.0,133.0,133.0,5774185
PROVENCE ALPES COTE D AZUR,2017-07-22 13:00:00,2017,203,13:00:00,203.54,692.0,0.0,2.0,708.0,880.0,115.0,0.0,2469.0,0.0,0.0,2630.0,2257.0,0.0,0.0,48.0,1150.0,3220.0,3094.0,354.0,354.0,5030890
NORMANDIE,2017-01-06 23:00:00,2017,6,23:00:00,6.96,892.0,9076.0,101.0,0.0,14.0,50.0,0.0,-5216.0,0.0,0.0,785.0,785.0,10640.0,9868.0,622.0,220.0,31.0,31.0,96.0,96.0,3330478
OCCITANIE,2022-11-28 05:00:00,2022,332,05:00:00,332.21,62.0,1277.0,326.0,0.0,333.0,107.0,-856.0,2616.0,0.0,0.0,326.0,326.0,2620.0,1310.0,1621.0,3103.0,5505.0,5470.0,175.0,175.0,6067101
ILE DE FRANCE,2016-03-06 16:30:00,2016,66,16:30:00,66.69,384.0,0.0,3.0,10.0,0.0,154.0,0.0,8801.0,0.0,0.0,2149.0,2149.0,0.0,0.0,61.0,114.0,19.0,19.0,300.0,300.0,12117132
AUVERGNE RHONE ALPES,2021-12-16 00:00:00,2021,350,00:00:00,350.0,676.0,12507.0,132.0,0.0,2607.0,110.0,-91.0,-6183.0,0.0,0.0,1048.0,1048.0,13570.0,12669.0,723.0,1588.0,11779.0,11651.0,208.0,208.0,8114361
BOURGOGNE FRANCHE COMTE,2016-11-23 20:30:00,2016,328,20:30:00,328.85,127.0,0.0,291.0,0.0,86.0,19.0,0.0,2432.0,0.0,0.0,329.0,329.0,0.0,0.0,527.0,265.0,518.0,518.0,31.0,31.0,2818338
CENTRE VAL DE LOIRE,2022-03-06 02:00:00,2022,65,02:00:00,65.08,110.0,9318.0,265.0,0.0,4.0,60.0,0.0,-7492.0,0.0,0.0,229.0,229.0,11630.0,10803.0,1381.0,702.0,92.0,92.0,90.0,90.0,2572916
NORMANDIE,2016-07-21 01:00:00,2016,203,01:00:00,203.04,193.0,6196.0,100.0,0.0,13.0,52.0,0.0,-4034.0,0.0,0.0,773.0,193.0,10640.0,9310.0,598.0,218.0,31.0,31.0,96.0,96.0,3335929
PAYS DE LA LOIRE,2018-10-03 19:30:00,2018,276,19:30:00,276.81,573.0,0.0,39.0,3.0,0.0,36.0,0.0,2323.0,0.0,0.0,1976.0,1769.0,0.0,0.0,849.0,555.0,8.0,8.0,70.0,70.0,3781423
NOUVELLE AQUITAINE,2021-08-21 09:30:00,2021,233,09:30:00,233.4,32.0,4148.0,102.0,711.0,146.0,177.0,0.0,-1273.0,0.0,0.0,578.0,578.0,6630.0,5135.0,1311.0,3241.0,1784.0,1784.0,354.0,354.0,6069352
NORMANDIE,2022-08-17 13:00:00,2022,229,13:00:00,229.54,244.0,3521.0,13.0,92.0,8.0,88.0,0.0,-1361.0,0.0,0.0,852.0,852.0,10640.0,9382.0,949.0,315.0,31.0,31.0,149.0,149.0,3327604
NORMANDIE,2018-01-20 20:30:00,2018,20,20:30:00,20.85,915.0,9138.0,564.0,0.0,16.0,54.0,0.0,-6936.0,0.0,0.0,813.0,813.0,10640.0,9310.0,705.0,233.0,31.0,31.0,102.0,102.0,3327477
ILE DE FRANCE,2017-09-06 09:30:00,2017,249,09:30:00,249.4,0.0,0.0,14.0,15.0,6.0,194.0,0.0,7283.0,0.0,0.0,2149.0,1867.0,0.0,0.0,88.0,117.0,19.0,19.0,301.0,301.0,12174880
BOURGOGNE FRANCHE COMTE,2016-11-22 19:30:00,2016,327,19:30:00,327.81,123.0,0.0,29.0,0.0,146.0,19.0,0.0,2777.0,0.0,0.0,329.0,329.0,0.0,0.0,527.0,265.0,518.0,518.0,31.0,31.0,2818338
BOURGOGNE FRANCHE COMTE,2020-01-05 09:30:00,2020,5,09:30:00,5.4,174.0,0.0,34.0,24.0,89.0,25.0,0.0,2230.0,0.0,0.0,401.0,401.0,0.0,0.0,864.0,344.0,521.0,521.0,69.0,69.0,2801695
AUVERGNE RHONE ALPES,2013-08-09 13:30:00,2013,221,13:30:00,221.56,41.0,9274.0,90.0,260.0,5458.0,71.0,-28.0,-8857.0,0.0,0.0,919.0,919.0,13570.0,13570.0,335.0,725.0,11122.0,11122.0,106.0,106.0,7757595
PAYS DE LA LOIRE,2022-06-11 05:30:00,2022,162,05:30:00,162.23,2.0,0.0,63.0,0.0,1.0,60.0,0.0,1838.0,0.0,0.0,2068.0,1609.0,0.0,0.0,1644.0,851.0,10.0,10.0,80.0,80.0,3878839
BOURGOGNE FRANCHE COMTE,2022-05-18 22:30:00,2022,138,22:30:00,138.94,15.0,0.0,233.0,0.0,24.0,51.0,0.0,1731.0,0.0,0.0,401.0,401.0,0.0,0.0,1049.0,532.0,524.0,524.0,75.0,75.0,2797366
NORMANDIE,2017-11-03 22:30:00,2017,307,22:30:00,307.94,944.0,6421.0,185.0,0.0,12.0,60.0,0.0,-4233.0,0.0,0.0,813.0,813.0,10640.0,9310.0,701.0,223.0,31.0,31.0,100.0,100.0,3330478
BOURGOGNE FRANCHE COMTE,2017-01-21 21:00:00,2017,21,21:00:00,21.88,191.0,0.0,181.0,0.0,16.0,24.0,0.0,3069.0,0.0,0.0,331.0,331.0,0.0,0.0,558.0,266.0,518.0,518.0,31.0,31.0,2811423
PAYS DE LA LOIRE,2019-09-06 21:00:00,2019,249,21:00:00,249.88,420.0,0.0,134.0,0.0,0.0,48.0,0.0,1980.0,0.0,0.0,2037.0,1892.0,0.0,0.0,926.0,597.0,10.0,10.0,75.0,75.0,3806461
PROVENCE ALPES COTE D AZUR,2019-10-13 15:00:00,2019,286,15:00:00,286.62,18.0,0.0,18.0,717.0,261.0,85.0,0.0,2642.0,0.0,0.0,2674.0,2251.0,0.0,0.0,48.0,1393.0,3245.0,3121.0,357.0,207.0,5081101
BOURGOGNE FRANCHE COMTE,2017-07-30 02:00:00,2017,211,02:00:00,211.08,27.0,0.0,194.0,0.0,26.0,23.0,0.0,1266.0,0.0,0.0,331.0,331.0,0.0,0.0,605.0,270.0,519.0,519.0,33.0,33.0,2811423
NOUVELLE AQUITAINE,2018-05-16 16:00:00,2018,136,16:00:00,136.67,24.0,4215.0,27.0,1354.0,481.0,168.0,0.0,-1603.0,0.0,0.0,482.0,482.0,6630.0,5469.0,924.0,2317.0,1781.0,1639.0,315.0,315.0,5979778
CENTRE VAL DE LOIRE,2018-04-17 20:30:00,2018,107,20:30:00,107.85,0.0,9085.0,10.0,3.0,45.0,57.0,0.0,-7374.0,0.0,0.0,216.0,216.0,11630.0,10750.0,996.0,286.0,91.0,91.0,76.0,76.0,2572853
AUVERGNE RHONE ALPES,2014-02-05 19:00:00,2014,36,19:00:00,36.79,186.0,12165.0,121.0,0.0,6789.0,103.0,-12.0,-8847.0,0.0,0.0,934.0,934.0,13570.0,13570.0,347.0,787.0,11132.0,11132.0,140.0,140.0,7820966
AUVERGNE RHONE ALPES,2016-06-08 01:00:00,2016,160,01:00:00,160.04,52.0,7202.0,51.0,0.0,4045.0,103.0,-337.0,-5353.0,0.0,0.0,959.0,959.0,13570.0,12649.0,398.0,917.0,11211.0,11020.0,170.0,170.0,7916889
HAUTS DE FRANCE,2013-02-15 00:00:00,2013,46,00:00:00,46.0,911.0,4569.0,157.0,0.0,1.0,63.0,0.0,1776.0,0.0,0.0,2268.0,2028.0,5460.0,5460.0,2096.0,209.0,4.0,4.0,122.0,122.0,5987883
ILE DE FRANCE,2016-05-03 05:00:00,2016,124,05:00:00,124.21,277.0,0.0,13.0,0.0,12.0,144.0,0.0,5583.0,0.0,0.0,2149.0,1576.0,0.0,0.0,61.0,114.0,19.0,19.0,300.0,300.0,12117132
BOURGOGNE FRANCHE COMTE,2019-07-09 17:00:00,2019,190,17:00:00,190.71,24.0,0.0,284.0,178.0,11.0,30.0,0.0,1712.0,0.0,0.0,401.0,401.0,0.0,0.0,831.0,337.0,521.0,521.0,67.0,67.0,2805580
NOUVELLE AQUITAINE,2019-08-21 20:30:00,2019,233,20:30:00,233.85,19.0,4840.0,158.0,66.0,61.0,200.0,0.0,-1060.0,0.0,0.0,538.0,538.0,6630.0,5516.0,1017.0,2545.0,1782.0,1673.0,319.0,319.0,6010289
HAUTS DE FRANCE,2018-11-10 05:30:00,2018,314,05:30:00,314.23,569.0,3754.0,3049.0,0.0,0.0,122.0,0.0,-2209.0,0.0,0.0,2954.0,2369.0,5460.0,4635.0,4126.0,234.0,5.0,5.0,171.0,171.0,6004108
OCCITANIE,2013-12-27 00:00:00,2013,361,00:00:00,361.0,58.0,2407.0,523.0,0.0,908.0,78.0,0.0,1582.0,0.0,0.0,251.0,251.0,2620.0,2620.0,889.0,1193.0,5395.0,5395.0,127.0,127.0,5683878
HAUTS DE FRANCE,2013-10-15 05:00:00,2013,288,05:00:00,288.21,468.0,4411.0,588.0,0.0,1.0,49.0,0.0,-254.0,0.0,0.0,2270.0,2270.0,5460.0,5460.0,2205.0,210.0,5.0,5.0,139.0,139.0,5987883
NORMANDIE,2020-06-15 17:30:00,2020,167,17:30:00,167.73,163.0,3543.0,36.0,52.0,14.0,53.0,0.0,-1364.0,0.0,0.0,838.0,258.0,10640.0,9352.0,819.0,264.0,31.0,31.0,111.0,111.0,3325522
PROVENCE ALPES COTE D AZUR,2017-04-24 21:00:00,2017,114,21:00:00,114.88,888.0,0.0,7.0,0.0,844.0,221.0,0.0,2330.0,0.0,0.0,2630.0,2284.0,0.0,0.0,48.0,1076.0,3193.0,3193.0,354.0,354.0,5030890
BOURGOGNE FRANCHE COMTE,2014-12-14 00:00:00,2014,348,00:00:00,348.0,100.0,0.0,87.0,0.0,85.0,19.0,0.0,2048.0,0.0,0.0,325.0,80.0,0.0,0.0,334.0,253.0,509.0,509.0,28.0,28.0,2820623
BOURGOGNE FRANCHE COMTE,2022-04-29 18:30:00,2022,119,18:30:00,119.77,21.0,0.0,14.0,72.0,77.0,51.0,0.0,1966.0,0.0,0.0,401.0,401.0,0.0,0.0,1049.0,528.0,524.0,524.0,75.0,75.0,2797366
NOUVELLE AQUITAINE,2022-02-12 11:00:00,2022,43,11:00:00,43.46,210.0,3703.0,170.0,863.0,700.0,196.0,0.0,908.0,0.0,0.0,578.0,578.0,6630.0,5135.0,1397.0,3480.0,1784.0,1666.0,356.0,356.0,6098051
PAYS DE LA LOIRE,2020-04-04 15:30:00,2020,95,15:30:00,95.65,6.0,0.0,280.0,384.0,4.0,55.0,0.0,1619.0,0.0,0.0,2050.0,1953.0,0.0,0.0,989.0,635.0,10.0,10.0,76.0,76.0,3832120
CENTRE VAL DE LOIRE,2018-02-14 15:00:00,2018,45,15:00:00,45.62,115.0,10333.0,298.0,35.0,47.0,57.0,0.0,-7520.0,0.0,0.0,216.0,216.0,11630.0,10320.0,996.0,284.0,91.0,91.0,76.0,76.0,2572853
NOUVELLE AQUITAINE,2018-08-28 06:00:00,2018,240,06:00:00,240.25,63.0,3933.0,44.0,-1.0,92.0,195.0,0.0,-693.0,0.0,0.0,485.0,485.0,6630.0,5759.0,947.0,2387.0,1781.0,1671.0,316.0,316.0,5979778
PROVENCE ALPES COTE D AZUR,2018-03-10 14:00:00,2018,69,14:00:00,69.58,201.0,0.0,35.0,280.0,1314.0,95.0,0.0,3511.0,0.0,0.0,2663.0,2357.0,0.0,0.0,48.0,1230.0,3227.0,3227.0,357.0,357.0,5052832
PROVENCE ALPES COTE D AZUR,2016-09-30 19:00:00,2016,274,19:00:00,274.79,2302.0,0.0,7.0,16.0,1188.0,114.0,0.0,606.0,0.0,0.0,2614.0,2369.0,0.0,0.0,48.0,1047.0,3192.0,3192.0,354.0,354.0,5021928
AUVERGNE RHONE ALPES,2020-04-29 20:00:00,2020,120,20:00:00,120.83,13.0,7324.0,53.0,31.0,4643.0,93.0,-3.0,-5958.0,0.0,0.0,1034.0,633.0,13570.0,12611.0,647.0,1260.0,11746.0,11505.0,192.0,192.0,8078652
AUVERGNE RHONE ALPES,2014-11-27 01:30:00,2014,331,01:30:00,331.06,182.0,9225.0,26.0,0.0,2208.0,121.0,-874.0,-3734.0,0.0,0.0,940.0,940.0,13570.0,12655.0,347.0,844.0,11161.0,11009.0,141.0,141.0,7820966
NOUVELLE AQUITAINE,2016-08-02 17:00:00,2016,215,17:00:00,215.71,40.0,4580.0,98.0,1052.0,41.0,150.0,0.0,-1550.0,0.0,0.0,429.0,429.0,6630.0,5909.0,596.0,1877.0,1779.0,1638.0,280.0,280.0,5935603
BRETAGNE,2018-07-23 18:00:00,2018,204,18:00:00,204.75,224.0,0.0,20.0,80.0,2.0,49.0,-39.0,1907.0,0.0,0.0,904.0,770.0,0.0,0.0,975.0,253.0,270.0,270.0,69.0,69.0,3335414
HAUTS DE FRANCE,2019-01-20 07:00:00,2019,20,07:00:00,20.29,2054.0,5420.0,229.0,0.0,2.0,127.0,0.0,-1430.0,0.0,0.0,2969.0,2969.0,5460.0,5460.0,4359.0,235.0,5.0,5.0,177.0,177.0,6004947
BRETAGNE,2021-11-25 18:30:00,2021,329,18:30:00,329.77,565.0,0.0,372.0,0.0,60.0,49.0,-1.0,2706.0,0.0,0.0,1428.0,982.0,0.0,0.0,1125.0,350.0,272.0,272.0,82.0,82.0,3394567
HAUTS DE FRANCE,2016-07-11 12:30:00,2016,193,12:30:00,193.52,337.0,3512.0,1042.0,57.0,2.0,102.0,0.0,576.0,0.0,0.0,2864.0,2733.0,5460.0,4550.0,3077.0,213.0,5.0,5.0,163.0,163.0,6006870
BOURGOGNE FRANCHE COMTE,2021-08-16 09:30:00,2021,228,09:30:00,228.4,24.0,0.0,307.0,61.0,120.0,31.0,0.0,1394.0,0.0,0.0,401.0,401.0,0.0,0.0,969.0,460.0,524.0,524.0,72.0,72.0,2800194
OCCITANIE,2020-08-09 13:30:00,2020,222,13:30:00,222.56,0.0,2076.0,30.0,1342.0,479.0,92.0,-426.0,673.0,0.0,0.0,314.0,314.0,2620.0,1365.0,1593.0,2270.0,5494.0,5238.0,171.0,171.0,5973969
NOUVELLE AQUITAINE,2018-04-12 05:30:00,2018,102,05:30:00,102.23,13.0,4223.0,35.0,-1.0,566.0,127.0,0.0,-411.0,0.0,0.0,482.0,482.0,6630.0,5386.0,924.0,2299.0,1781.0,1667.0,314.0,314.0,5979778
PAYS DE LA LOIRE,2016-10-14 03:30:00,2016,288,03:30:00,288.15,1010.0,0.0,13.0,0.0,0.0,46.0,0.0,1547.0,0.0,0.0,1880.0,1352.0,0.0,0.0,687.0,481.0,8.0,8.0,63.0,63.0,3737632
HAUTS DE FRANCE,2016-06-06 00:30:00,2016,158,00:30:00,158.02,309.0,4446.0,258.0,0.0,2.0,95.0,0.0,-62.0,0.0,0.0,2864.0,2864.0,5460.0,4550.0,2983.0,213.0,5.0,5.0,163.0,163.0,6006870
BRETAGNE,2018-05-29 08:30:00,2018,149,08:30:00,149.35,1.0,0.0,34.0,17.0,4.0,46.0,-29.0,2267.0,0.0,0.0,904.0,794.0,0.0,0.0,957.0,252.0,270.0,270.0,68.0,68.0,3335414
GRAND EST,2013-01-05 12:00:00,2013,5,12:00:00,5.5,319.0,9793.0,58.0,25.0,1731.0,61.0,-5.0,-6139.0,0.0,0.0,3398.0,3398.0,10820.0,10820.0,1803.0,498.0,2280.0,2280.0,79.0,79.0,5552388
AUVERGNE RHONE ALPES,2015-12-09 19:00:00,2015,343,19:00:00,343.79,715.0,10974.0,134.0,0.0,5110.0,116.0,-6.0,-7178.0,0.0,0.0,947.0,947.0,13570.0,12926.0,384.0,894.0,11196.0,10843.0,168.0,168.0,7877698
OCCITANIE,2014-04-12 19:00:00,2014,102,19:00:00,102.79,-1.0,2394.0,194.0,144.0,1763.0,73.0,-44.0,-1252.0,0.0,0.0,251.0,251.0,2620.0,2620.0,897.0,1221.0,5400.0,5400.0,127.0,127.0,5730753
GRAND EST,2020-11-01 16:30:00,2020,306,16:30:00,306.69,215.0,10209.0,2992.0,4.0,1015.0,118.0,0.0,-10225.0,0.0,0.0,3585.0,3172.0,10820.0,9654.0,3833.0,666.0,2305.0,2103.0,190.0,190.0,5562651
BRETAGNE,2015-10-24 13:00:00,2015,297,13:00:00,297.54,0.0,0.0,77.0,37.0,22.0,30.0,-1.0,2335.0,0.0,0.0,725.0,725.0,0.0,0.0,809.0,222.0,275.0,275.0,56.0,56.0,3293850
BRETAGNE,2016-07-24 10:00:00,2016,206,10:00:00,206.42,1.0,0.0,11.0,57.0,8.0,42.0,-1.0,1490.0,0.0,0.0,771.0,771.0,0.0,0.0,873.0,228.0,275.0,275.0,56.0,56.0,3306529
CENTRE VAL DE LOIRE,2015-05-10 06:30:00,2015,130,06:30:00,130.27,1.0,6021.0,0.0,0.0,15.0,46.0,0.0,-4887.0,0.0,0.0,166.0,166.0,11630.0,10625.0,818.0,236.0,91.0,91.0,71.0,71.0,2578592
ILE DE FRANCE,2015-09-11 12:30:00,2015,254,12:30:00,254.52,-4.0,0.0,0.0,41.0,5.0,128.0,0.0,7901.0,0.0,0.0,2144.0,1757.0,0.0,0.0,49.0,113.0,19.0,19.0,300.0,300.0,12082144
ILE DE FRANCE,2014-03-26 01:00:00,2014,85,01:00:00,85.04,529.0,0.0,4.0,0.0,10.0,154.0,0.0,7992.0,0.0,0.0,2122.0,1937.0,0.0,0.0,37.0,111.0,19.0,19.0,282.0,282.0,12027565
CENTRE VAL DE LOIRE,2022-02-20 10:30:00,2022,51,10:30:00,51.44,79.0,8975.0,987.0,87.0,15.0,57.0,0.0,-7988.0,0.0,0.0,229.0,229.0,11630.0,10728.0,1381.0,700.0,92.0,92.0,90.0,90.0,2572916
BOURGOGNE FRANCHE COMTE,2016-06-11 18:30:00,2016,163,18:30:00,163.77,22.0,0.0,177.0,33.0,240.0,18.0,0.0,1319.0,0.0,0.0,329.0,329.0,0.0,0.0,426.0,264.0,513.0,373.0,30.0,30.0,2818338
CENTRE VAL DE LOIRE,2015-09-06 17:30:00,2015,249,17:30:00,249.73,1.0,9286.0,99.0,72.0,0.0,50.0,0.0,-8151.0,0.0,0.0,166.0,166.0,11630.0,11337.0,832.0,240.0,91.0,91.0,71.0,71.0,2578592
BOURGOGNE FRANCHE COMTE,2014-09-09 12:00:00,2014,252,12:00:00,252.5,17.0,0.0,0.0,78.0,23.0,19.0,0.0,2436.0,0.0,0.0,313.0,68.0,0.0,0.0,254.0,251.0,508.0,508.0,28.0,28.0,2820623
HAUTS DE FRANCE,2018-05-01 02:00:00,2018,121,02:00:00,121.08,156.0,3197.0,1005.0,0.0,2.0,126.0,0.0,539.0,0.0,0.0,2922.0,2337.0,5460.0,4550.0,3841.0,220.0,5.0,5.0,170.0,170.0,6004108
NOUVELLE AQUITAINE,2016-12-02 06:00:00,2016,337,06:00:00,337.25,295.0,5234.0,228.0,-1.0,191.0,185.0,0.0,236.0,0.0,0.0,450.0,450.0,6630.0,5135.0,676.0,1915.0,1779.0,1779.0,293.0,293.0,5935603
OCCITANIE,2016-12-31 06:00:00,2016,366,06:00:00,366.25,66.0,2546.0,181.0,0.0,688.0,87.0,-459.0,2007.0,0.0,0.0,273.0,273.0,2620.0,2620.0,1194.0,1683.0,5463.0,5236.0,140.0,140.0,5808435
HAUTS DE FRANCE,2013-10-04 18:30:00,2013,277,18:30:00,277.77,284.0,5044.0,127.0,3.0,0.0,68.0,0.0,130.0,0.0,0.0,2270.0,2270.0,5460.0,5460.0,2205.0,210.0,5.0,5.0,139.0,139.0,5987883
NOUVELLE AQUITAINE,2017-11-10 11:00:00,2017,314,11:00:00,314.46,174.0,6730.0,52.0,303.0,478.0,186.0,0.0,-1496.0,0.0,0.0,473.0,473.0,6630.0,6630.0,866.0,2087.0,1780.0,1675.0,307.0,307.0,5956978
AUVERGNE RHONE ALPES,2017-07-26 13:30:00,2017,207,13:30:00,207.56,29.0,10363.0,124.0,394.0,3366.0,109.0,-16.0,-6744.0,0.0,0.0,985.0,584.0,13570.0,12639.0,486.0,960.0,11246.0,11078.0,178.0,178.0,7948287
OCCITANIE,2018-06-29 03:00:00,2018,180,03:00:00,180.12,0.0,1061.0,54.0,0.0,1529.0,90.0,-681.0,1065.0,0.0,0.0,295.0,295.0,2620.0,1310.0,1425.0,1912.0,5485.0,5291.0,146.0,146.0,5885496
BOURGOGNE FRANCHE COMTE,2020-06-05 15:00:00,2020,157,15:00:00,157.62,57.0,0.0,562.0,71.0,33.0,48.0,0.0,1544.0,0.0,0.0,401.0,401.0,0.0,0.0,877.0,349.0,521.0,521.0,69.0,69.0,2801695
BOURGOGNE FRANCHE COMTE,2018-05-18 21:30:00,2018,138,21:30:00,138.9,25.0,0.0,135.0,0.0,77.0,30.0,0.0,1990.0,0.0,0.0,386.0,386.0,0.0,0.0,676.0,306.0,520.0,443.0,36.0,36.0,2807807
PROVENCE ALPES COTE D AZUR,2016-08-15 04:00:00,2016,228,04:00:00,228.17,103.0,0.0,0.0,0.0,399.0,83.0,0.0,2606.0,0.0,0.0,2614.0,2229.0,0.0,0.0,48.0,1045.0,3191.0,3065.0,354.0,354.0,5021928
HAUTS DE FRANCE,2015-07-03 08:30:00,2015,184,08:30:00,184.35,242.0,4457.0,96.0,24.0,1.0,90.0,0.0,543.0,0.0,0.0,2301.0,1970.0,5460.0,4550.0,2734.0,213.0,5.0,5.0,160.0,160.0,6009976
NORMANDIE,2019-05-26 01:00:00,2019,146,01:00:00,146.04,308.0,7581.0,78.0,0.0,14.0,54.0,0.0,-5537.0,0.0,0.0,833.0,833.0,10640.0,9310.0,801.0,255.0,31.0,31.0,106.0,106.0,3325032
NOUVELLE AQUITAINE,2017-01-31 23:30:00,2017,31,23:30:00,31.98,261.0,6158.0,337.0,-1.0,201.0,211.0,0.0,-1283.0,0.0,0.0,452.0,452.0,6630.0,5318.0,721.0,1926.0,1780.0,1780.0,295.0,295.0,5956978
NORMANDIE,2018-08-19 14:30:00,2018,231,14:30:00,231.6,188.0,7470.0,120.0,103.0,14.0,53.0,0.0,-5790.0,0.0,0.0,813.0,233.0,10640.0,9311.0,736.0,250.0,31.0,31.0,104.0,104.0,3327477
PROVENCE ALPES COTE D AZUR,2018-04-27 11:00:00,2018,117,11:00:00,117.46,46.0,0.0,1.0,589.0,1997.0,56.0,0.0,1568.0,0.0,0.0,2666.0,2287.0,0.0,0.0,48.0,1245.0,3233.0,3094.0,357.0,357.0,5052832
BOURGOGNE FRANCHE COMTE,2021-03-25 04:30:00,2021,84,04:30:00,84.19,144.0,0.0,37.0,0.0,71.0,31.0,0.0,2061.0,0.0,0.0,401.0,401.0,0.0,0.0,943.0,409.0,523.0,523.0,71.0,71.0,2800194
AUVERGNE RHONE ALPES,2020-04-07 02:30:00,2020,98,02:30:00,98.1,16.0,8618.0,84.0,0.0,4259.0,98.0,-4.0,-7193.0,0.0,0.0,1034.0,1034.0,13570.0,12642.0,647.0,1256.0,11746.0,11519.0,192.0,192.0,8078652
PROVENCE ALPES COTE D AZUR,2014-01-30 21:00:00,2014,30,21:00:00,30.88,631.0,0.0,11.0,0.0,1598.0,70.0,0.0,4413.0,0.0,0.0,2592.0,2318.0,0.0,0.0,45.0,784.0,3160.0,3160.0,151.0,151.0,4983438
PROVENCE ALPES COTE D AZUR,2018-03-08 18:30:00,2018,67,18:30:00,67.77,1730.0,0.0,8.0,8.0,1435.0,71.0,0.0,2561.0,0.0,0.0,2663.0,2357.0,0.0,0.0,48.0,1230.0,3227.0,3227.0,357.0,357.0,5052832
PROVENCE ALPES COTE D AZUR,2020-05-18 07:30:00,2020,139,07:30:00,139.31,46.0,0.0,8.0,86.0,2034.0,113.0,-2.0,902.0,0.0,0.0,2710.0,2300.0,0.0,0.0,48.0,1458.0,3259.0,3259.0,357.0,207.0,5098666
OCCITANIE,2020-01-10 19:00:00,2020,10,19:00:00,10.79,91.0,2400.0,889.0,0.0,2917.0,95.0,-17.0,-408.0,0.0,0.0,308.0,308.0,2620.0,2620.0,1570.0,2160.0,5490.0,5194.0,146.0,146.0,5973969
OCCITANIE,2016-01-26 22:00:00,2016,26,22:00:00,26.92,62.0,2350.0,8.0,0.0,934.0,94.0,-626.0,2120.0,0.0,0.0,266.0,0.0,2620.0,2620.0,1098.0,1509.0,5461.0,5234.0,137.0,137.0,5808435
CENTRE VAL DE LOIRE,2016-01-28 10:30:00,2016,28,10:30:00,28.44,77.0,11558.0,59.0,10.0,23.0,52.0,0.0,-9027.0,0.0,0.0,170.0,170.0,11630.0,11630.0,844.0,243.0,91.0,91.0,71.0,71.0,2577866
CENTRE VAL DE LOIRE,2017-06-27 11:00:00,2017,178,11:00:00,178.46,0.0,7320.0,56.0,72.0,0.0,56.0,0.0,-5377.0,0.0,0.0,198.0,198.0,11630.0,10637.0,947.0,269.0,91.0,91.0,76.0,76.0,2576252
OCCITANIE,2020-12-08 20:30:00,2020,343,20:30:00,343.85,87.0,1240.0,865.0,0.0,1794.0,80.0,0.0,2683.0,0.0,0.0,318.0,318.0,2620.0,1310.0,1593.0,2355.0,5498.0,5268.0,172.0,172.0,5973969
OCCITANIE,2018-04-09 21:30:00,2018,99,21:30:00,99.9,0.0,2477.0,496.0,0.0,2160.0,69.0,-14.0,-681.0,0.0,0.0,291.0,291.0,2620.0,2620.0,1386.0,1866.0,5482.0,5218.0,145.0,145.0,5885496
PAYS DE LA LOIRE,2014-05-11 18:00:00,2014,131,18:00:00,131.75,7.0,0.0,411.0,119.0,4.0,38.0,0.0,1456.0,0.0,0.0,1864.0,1429.0,0.0,0.0,518.0,412.0,7.0,7.0,58.0,58.0,3690833
PROVENCE ALPES COTE D AZUR,2019-03-29 01:30:00,2019,88,01:30:00,88.06,1773.0,0.0,1.0,0.0,670.0,107.0,0.0,1996.0,0.0,0.0,2674.0,2296.0,0.0,0.0,48.0,1340.0,3241.0,3115.0,357.0,207.0,5081101
BOURGOGNE FRANCHE COMTE,2013-03-09 19:00:00,2013,68,19:00:00,68.79,175.0,0.0,2.0,0.0,109.0,15.0,0.0,2310.0,0.0,0.0,301.0,301.0,0.0,0.0,204.0,227.0,480.0,480.0,24.0,24.0,2819783
BOURGOGNE FRANCHE COMTE,2015-02-17 13:00:00,2015,48,13:00:00,48.54,148.0,0.0,6.0,19.0,253.0,19.0,0.0,3180.0,0.0,0.0,325.0,80.0,0.0,0.0,344.0,253.0,510.0,510.0,29.0,29.0,2820940
NOUVELLE AQUITAINE,2014-02-28 02:00:00,2014,59,02:00:00,59.08,137.0,6543.0,205.0,0.0,855.0,144.0,0.0,-1927.0,0.0,0.0,421.0,421.0,6630.0,6630.0,406.0,1060.0,1761.0,1761.0,219.0,219.0,5879144
GRAND EST,2019-09-25 05:00:00,2019,268,05:00:00,268.21,561.0,7275.0,1405.0,0.0,532.0,112.0,-506.0,-5498.0,0.0,0.0,3531.0,3531.0,10820.0,9685.0,3477.0,602.0,2303.0,2085.0,173.0,173.0,5556219
NOUVELLE AQUITAINE,2022-09-09 07:30:00,2022,252,07:30:00,252.31,89.0,990.0,339.0,0.0,156.0,171.0,0.0,2095.0,0.0,0.0,579.0,579.0,6630.0,5680.0,1592.0,3761.0,1786.0,1675.0,356.0,356.0,6098051
PAYS DE LA LOIRE,2014-05-24 06:00:00,2014,144,06:00:00,144.25,350.0,0.0,141.0,0.0,4.0,36.0,0.0,1557.0,0.0,0.0,1864.0,1429.0,0.0,0.0,518.0,413.0,7.0,7.0,58.0,58.0,3690833
CENTRE VAL DE LOIRE,2015-06-06 10:30:00,2015,157,10:30:00,157.44,1.0,9112.0,59.0,80.0,1.0,39.0,0.0,-7498.0,0.0,0.0,166.0,166.0,11630.0,10728.0,832.0,236.0,91.0,91.0,71.0,71.0,2578592
PROVENCE ALPES COTE D AZUR,2017-05-17 12:00:00,2017,137,12:00:00,137.5,50.0,0.0,1.0,717.0,1587.0,95.0,0.0,2047.0,0.0,0.0,2630.0,2251.0,0.0,0.0,48.0,1098.0,3193.0,3069.0,354.0,354.0,5030890
HAUTS DE FRANCE,2022-11-23 19:30:00,2022,327,19:30:00,327.81,1347.0,3566.0,3988.0,0.0,1.0,96.0,0.0,-2206.0,0.0,0.0,3003.0,2887.0,5460.0,4651.0,6043.0,462.0,6.0,6.0,198.0,198.0,5990765
AUVERGNE RHONE ALPES,2021-03-03 02:00:00,2021,62,02:00:00,62.08,646.0,9872.0,166.0,0.0,3185.0,122.0,-2.0,-6702.0,0.0,0.0,1047.0,1047.0,13570.0,12684.0,723.0,1421.0,11767.0,11609.0,208.0,208.0,8114361
BOURGOGNE FRANCHE COMTE,2014-09-13 01:00:00,2014,256,01:00:00,256.04,17.0,0.0,48.0,0.0,15.0,19.0,0.0,1639.0,0.0,0.0,313.0,68.0,0.0,0.0,254.0,252.0,508.0,508.0,28.0,28.0,2820623
HAUTS DE FRANCE,2016-02-20 14:30:00,2016,51,14:30:00,51.6,508.0,4563.0,2099.0,15.0,2.0,118.0,0.0,-451.0,0.0,0.0,2864.0,2748.0,5460.0,4550.0,2896.0,213.0,5.0,5.0,160.0,160.0,6006870
HAUTS DE FRANCE,2018-06-07 07:30:00,2018,158,07:30:00,158.31,1074.0,3558.0,62.0,7.0,2.0,121.0,0.0,273.0,0.0,0.0,2922.0,2754.0,5460.0,4550.0,3912.0,220.0,5.0,5.0,170.0,170.0,6004108
ILE DE FRANCE,2013-10-07 23:30:00,2013,280,23:30:00,280.98,380.0,0.0,0.0,0.0,10.0,146.0,0.0,6717.0,0.0,0.0,2121.0,1936.0,0.0,0.0,37.0,109.0,19.0,19.0,282.0,282.0,11959807
BOURGOGNE FRANCHE COMTE,2016-01-09 04:30:00,2016,9,04:30:00,9.19,150.0,0.0,33.0,0.0,83.0,20.0,0.0,1958.0,0.0,0.0,329.0,329.0,0.0,0.0,414.0,263.0,513.0,373.0,29.0,29.0,2818338
CENTRE VAL DE LOIRE,2019-12-04 06:30:00,2019,338,06:30:00,338.27,97.0,6988.0,180.0,0.0,38.0,63.0,0.0,-4201.0,0.0,0.0,229.0,229.0,11630.0,10790.0,1223.0,347.0,91.0,91.0,86.0,86.0,2573180
OCCITANIE,2021-11-25 14:30:00,2021,329,14:30:00,329.6,112.0,1270.0,36.0,440.0,2109.0,86.0,0.0,1509.0,0.0,0.0,326.0,326.0,2620.0,2620.0,1593.0,2756.0,5500.0,5465.0,173.0,173.0,6022176
CENTRE VAL DE LOIRE,2017-08-14 02:00:00,2017,226,02:00:00,226.08,0.0,7845.0,78.0,0.0,0.0,59.0,0.0,-6643.0,0.0,0.0,198.0,198.0,11630.0,10730.0,963.0,272.0,91.0,91.0,76.0,76.0,2576252
OCCITANIE,2015-04-08 22:00:00,2015,98,22:00:00,98.92,-5.0,2413.0,121.0,0.0,1751.0,72.0,0.0,-246.0,0.0,0.0,266.0,266.0,2620.0,2620.0,943.0,1384.0,5448.0,4880.0,133.0,133.0,5774185
AUVERGNE RHONE ALPES,2021-04-18 03:00:00,2021,108,03:00:00,108.12,421.0,8279.0,209.0,0.0,1482.0,110.0,-745.0,-3029.0,0.0,0.0,1047.0,1047.0,13570.0,12690.0,723.0,1444.0,11767.0,11619.0,208.0,208.0,8114361
BRETAGNE,2013-08-15 15:30:00,2013,227,15:30:00,227.65,0.0,0.0,34.0,96.0,1.0,30.0,-51.0,1524.0,0.0,0.0,665.0,665.0,0.0,0.0,722.0,206.0,11.0,11.0,47.0,47.0,3258707
PAYS DE LA LOIRE,2013-02-26 11:30:00,2013,57,11:30:00,57.48,2370.0,0.0,124.0,33.0,2.0,27.0,0.0,2632.0,0.0,0.0,1837.0,1837.0,0.0,0.0,466.0,388.0,5.0,5.0,57.0,57.0,3660852
PROVENCE ALPES COTE D AZUR,2014-06-20 07:30:00,2014,171,07:30:00,171.31,98.0,0.0,8.0,45.0,1031.0,34.0,0.0,2642.0,0.0,0.0,2592.0,2268.0,0.0,0.0,45.0,836.0,3165.0,3165.0,170.0,170.0,4983438
CENTRE VAL DE LOIRE,2020-05-09 00:30:00,2020,130,00:30:00,130.02,2.0,8234.0,92.0,0.0,37.0,65.0,0.0,-6947.0,0.0,0.0,229.0,229.0,11630.0,10723.0,1247.0,363.0,92.0,92.0,86.0,86.0,2574863
PAYS DE LA LOIRE,2019-10-29 16:30:00,2019,302,16:30:00,302.69,468.0,0.0,147.0,22.0,2.0,49.0,0.0,2857.0,0.0,0.0,2037.0,2037.0,0.0,0.0,933.0,608.0,10.0,10.0,75.0,75.0,3806461
PROVENCE ALPES COTE D AZUR,2022-08-28 20:00:00,2022,240,20:00:00,240.83,878.0,0.0,1.0,25.0,779.0,76.0,0.0,2797.0,0.0,0.0,2724.0,2333.0,0.0,0.0,96.0,1868.0,3267.0,3210.0,357.0,357.0,5150362
GRAND EST,2020-12-11 00:00:00,2020,346,00:00:00,346.0,1395.0,9355.0,1650.0,0.0,538.0,127.0,0.0,-6739.0,0.0,0.0,3585.0,3172.0,10820.0,9671.0,3849.0,674.0,2305.0,2045.0,192.0,192.0,5562651
CENTRE VAL DE LOIRE,2016-10-27 13:30:00,2016,301,13:30:00,301.56,19.0,8837.0,22.0,89.0,0.0,49.0,0.0,-6634.0,0.0,0.0,178.0,178.0,11630.0,10722.0,896.0,261.0,91.0,91.0,71.0,71.0,2577866
OCCITANIE,2020-05-01 17:00:00,2020,122,17:00:00,122.71,0.0,1688.0,985.0,535.0,1116.0,84.0,-669.0,-588.0,0.0,0.0,314.0,314.0,2620.0,2620.0,1579.0,2205.0,5492.0,5315.0,171.0,171.0,5973969
NORMANDIE,2018-08-06 21:00:00,2018,218,21:00:00,218.88,633.0,7939.0,23.0,2.0,9.0,54.0,0.0,-6235.0,0.0,0.0,813.0,233.0,10640.0,9389.0,712.0,250.0,31.0,31.0,104.0,104.0,3327477
GRAND EST,2015-11-23 06:00:00,2015,327,06:00:00,327.25,2163.0,12352.0,176.0,0.0,600.0,79.0,0.0,-9765.0,0.0,0.0,3424.0,3203.0,10820.0,10820.0,2538.0,525.0,2285.0,2083.0,119.0,119.0,5559051
OCCITANIE,2017-08-21 18:30:00,2017,233,18:30:00,233.77,1.0,1241.0,34.0,486.0,1011.0,80.0,0.0,1203.0,0.0,0.0,282.0,282.0,2620.0,1310.0,1249.0,1742.0,5475.0,5248.0,140.0,140.0,5845102
PAYS DE LA LOIRE,2016-03-14 13:00:00,2016,74,13:00:00,74.54,1101.0,0.0,280.0,255.0,2.0,35.0,0.0,2292.0,0.0,0.0,1880.0,1488.0,0.0,0.0,641.0,459.0,8.0,8.0,61.0,61.0,3737632
NORMANDIE,2014-12-13 18:30:00,2014,347,18:30:00,347.77,447.0,9952.0,10.0,0.0,12.0,68.0,0.0,-6307.0,0.0,0.0,761.0,181.0,10640.0,10125.0,490.0,214.0,24.0,24.0,91.0,91.0,3335645
BOURGOGNE FRANCHE COMTE,2016-04-29 21:00:00,2016,120,21:00:00,120.88,29.0,0.0,29.0,0.0,227.0,17.0,0.0,2214.0,0.0,0.0,329.0,329.0,0.0,0.0,426.0,264.0,513.0,513.0,30.0,30.0,2818338
AUVERGNE RHONE ALPES,2021-12-03 06:00:00,2021,337,06:00:00,337.25,657.0,11732.0,278.0,0.0,2145.0,116.0,-6.0,-4894.0,0.0,0.0,1048.0,1048.0,13570.0,12669.0,723.0,1586.0,11779.0,11653.0,208.0,208.0,8114361
BRETAGNE,2022-07-18 08:30:00,2022,199,08:30:00,199.35,500.0,0.0,311.0,38.0,34.0,50.0,-1.0,1345.0,0.0,0.0,1432.0,1298.0,0.0,0.0,1191.0,376.0,272.0,272.0,83.0,83.0,3414637
AUVERGNE RHONE ALPES,2013-04-09 07:30:00,2013,99,07:30:00,99.31,48.0,10739.0,211.0,0.0,4804.0,42.0,-3.0,-6398.0,0.0,0.0,919.0,919.0,13570.0,13570.0,335.0,712.0,11115.0,11115.0,106.0,106.0,7757595
HAUTS DE FRANCE,2018-04-11 22:00:00,2018,101,22:00:00,101.92,835.0,3584.0,759.0,0.0,2.0,110.0,0.0,-49.0,0.0,0.0,2922.0,2690.0,5460.0,4550.0,3829.0,218.0,5.0,5.0,170.0,170.0,6004108
NOUVELLE AQUITAINE,2020-05-22 03:30:00,2020,143,03:30:00,143.15,18.0,2932.0,94.0,0.0,231.0,191.0,0.0,-322.0,0.0,0.0,571.0,571.0,6630.0,5494.0,1100.0,2649.0,1783.0,1678.0,341.0,341.0,6033952
BRETAGNE,2015-04-28 23:00:00,2015,118,23:00:00,118.96,1.0,0.0,67.0,0.0,72.0,34.0,-1.0,2455.0,0.0,0.0,724.0,639.0,0.0,0.0,801.0,220.0,272.0,272.0,55.0,55.0,3293850
NORMANDIE,2019-07-15 12:30:00,2019,196,12:30:00,196.52,222.0,6367.0,54.0,78.0,8.0,24.0,0.0,-3788.0,0.0,0.0,833.0,833.0,10640.0,9310.0,806.0,256.0,31.0,31.0,106.0,106.0,3325032
ILE DE FRANCE,2019-09-15 11:30:00,2019,258,11:30:00,258.48,0.0,0.0,5.0,67.0,5.0,139.0,0.0,6053.0,0.0,0.0,2170.0,2053.0,0.0,0.0,108.0,143.0,20.0,20.0,314.0,314.0,12262544
CENTRE VAL DE LOIRE,2014-02-02 09:30:00,2014,33,09:30:00,33.4,75.0,11464.0,374.0,25.0,18.0,54.0,0.0,-9348.0,0.0,0.0,162.0,162.0,11630.0,11630.0,739.0,214.0,91.0,91.0,56.0,56.0,2577435
ILE DE FRANCE,2018-10-22 10:30:00,2018,295,10:30:00,295.44,0.0,0.0,15.0,5.0,7.0,147.0,0.0,8433.0,0.0,0.0,2169.0,2100.0,0.0,0.0,88.0,123.0,20.0,20.0,306.0,306.0,12213447
PROVENCE ALPES COTE D AZUR,2013-05-14 23:30:00,2013,134,23:30:00,134.98,192.0,0.0,19.0,0.0,2341.0,34.0,0.0,1996.0,0.0,0.0,2590.0,2528.0,0.0,0.0,45.0,694.0,3158.0,3158.0,151.0,151.0,4953675
AUVERGNE RHONE ALPES,2021-09-02 10:30:00,2021,245,10:30:00,245.44,66.0,9019.0,153.0,595.0,2977.0,123.0,-13.0,-5704.0,0.0,0.0,1047.0,1047.0,13570.0,12690.0,723.0,1517.0,11772.0,11633.0,208.0,208.0,8114361
NOUVELLE AQUITAINE,2018-02-17 22:30:00,2018,48,22:30:00,48.94,205.0,6628.0,50.0,-1.0,869.0,174.0,0.0,-2189.0,0.0,0.0,482.0,482.0,6630.0,5720.0,882.0,2267.0,1781.0,1781.0,314.0,314.0,5979778
HAUTS DE FRANCE,2015-06-16 22:00:00,2015,167,22:00:00,167.92,297.0,4405.0,215.0,0.0,1.0,111.0,0.0,48.0,0.0,0.0,2301.0,1970.0,5460.0,4550.0,2734.0,213.0,5.0,5.0,159.0,159.0,6009976
CENTRE VAL DE LOIRE,2020-02-28 12:30:00,2020,59,12:30:00,59.52,110.0,8866.0,464.0,74.0,35.0,55.0,0.0,-6590.0,0.0,0.0,229.0,229.0,11630.0,10740.0,1238.0,355.0,92.0,92.0,86.0,86.0,2574863
AUVERGNE RHONE ALPES,2020-08-18 21:00:00,2020,231,21:00:00,231.88,348.0,7752.0,29.0,0.0,4063.0,95.0,-18.0,-6179.0,0.0,0.0,1034.0,1034.0,13570.0,12637.0,647.0,1295.0,11746.0,11575.0,193.0,193.0,8078652
PAYS DE LA LOIRE,2018-03-12 21:00:00,2018,71,21:00:00,71.88,627.0,0.0,628.0,0.0,4.0,42.0,0.0,2403.0,0.0,0.0,1959.0,1379.0,0.0,0.0,796.0,537.0,8.0,8.0,69.0,69.0,3781423
PROVENCE ALPES COTE D AZUR,2020-12-05 03:30:00,2020,340,03:30:00,340.15,1344.0,0.0,3.0,0.0,612.0,119.0,-51.0,3082.0,0.0,0.0,2714.0,2317.0,0.0,0.0,96.0,1540.0,3262.0,3231.0,357.0,357.0,5098666
PROVENCE ALPES COTE D AZUR,2014-01-14 13:00:00,2014,14,13:00:00,14.54,242.0,0.0,1.0,287.0,1233.0,68.0,0.0,3949.0,0.0,0.0,2592.0,2211.0,0.0,0.0,45.0,783.0,3160.0,3160.0,151.0,151.0,4983438
GRAND EST,2019-10-29 16:00:00,2019,302,16:00:00,302.67,1743.0,10655.0,748.0,53.0,1037.0,111.0,0.0,-8625.0,0.0,0.0,3531.0,3531.0,10820.0,9856.0,3477.0,604.0,2303.0,2090.0,174.0,174.0,5556219
NOUVELLE AQUITAINE,2015-12-06 06:30:00,2015,340,06:30:00,340.27,141.0,4915.0,205.0,-1.0,150.0,183.0,0.0,-658.0,0.0,0.0,429.0,429.0,6630.0,6630.0,534.0,1776.0,1778.0,1778.0,258.0,258.0,5911482
NORMANDIE,2020-05-08 04:00:00,2020,129,04:00:00,129.17,196.0,6026.0,34.0,0.0,16.0,51.0,0.0,-4276.0,0.0,0.0,838.0,258.0,10640.0,9426.0,816.0,263.0,31.0,31.0,110.0,110.0,3325522
AUVERGNE RHONE ALPES,2015-10-27 02:00:00,2015,300,02:00:00,300.08,279.0,9258.0,155.0,0.0,928.0,90.0,-726.0,-3244.0,0.0,0.0,944.0,944.0,13570.0,12559.0,372.0,890.0,11186.0,10951.0,144.0,144.0,7877698
NOUVELLE AQUITAINE,2018-02-01 12:30:00,2018,32,12:30:00,32.52,204.0,6658.0,162.0,804.0,971.0,181.0,0.0,-2017.0,0.0,0.0,482.0,482.0,6630.0,6630.0,882.0,2265.0,1781.0,1781.0,307.0,307.0,5979778
PAYS DE LA LOIRE,2018-05-26 15:00:00,2018,146,15:00:00,146.62,-7.0,0.0,105.0,244.0,2.0,47.0,0.0,1881.0,0.0,0.0,1968.0,1714.0,0.0,0.0,804.0,542.0,8.0,8.0,69.0,69.0,3781423
AUVERGNE RHONE ALPES,2021-05-14 11:30:00,2021,134,11:30:00,134.48,26.0,8885.0,180.0,576.0,4400.0,109.0,-4.0,-7300.0,0.0,0.0,1047.0,1047.0,13570.0,12690.0,723.0,1453.0,11768.0,11610.0,208.0,208.0,8114361
AUVERGNE RHONE ALPES,2021-12-02 16:00:00,2021,336,16:00:00,336.67,675.0,11789.0,420.0,98.0,2619.0,113.0,-5.0,-5312.0,0.0,0.0,1048.0,1048.0,13570.0,12669.0,723.0,1586.0,11779.0,11653.0,208.0,208.0,8114361
NORMANDIE,2020-09-08 21:00:00,2020,252,21:00:00,252.88,805.0,3707.0,14.0,0.0,7.0,60.0,0.0,-1865.0,0.0,0.0,838.0,838.0,10640.0,9310.0,819.0,267.0,31.0,31.0,113.0,113.0,3325522
BOURGOGNE FRANCHE COMTE,2013-07-13 20:00:00,2013,194,20:00:00,194.83,27.0,0.0,23.0,12.0,35.0,8.0,0.0,1729.0,0.0,0.0,301.0,301.0,0.0,0.0,204.0,229.0,480.0,480.0,24.0,24.0,2819783
PROVENCE ALPES COTE D AZUR,2014-03-31 04:00:00,2014,90,04:00:00,90.17,229.0,0.0,0.0,0.0,1086.0,74.0,-51.0,2567.0,0.0,0.0,2592.0,2318.0,0.0,0.0,45.0,813.0,3160.0,3160.0,169.0,169.0,4983438
BRETAGNE,2016-12-27 11:00:00,2016,362,11:00:00,362.46,175.0,0.0,173.0,44.0,212.0,36.0,-1.0,2949.0,0.0,0.0,848.0,848.0,0.0,0.0,877.0,232.0,275.0,275.0,58.0,58.0,3306529
HAUTS DE FRANCE,2017-12-30 19:30:00,2017,364,19:30:00,364.81,546.0,4960.0,2348.0,0.0,2.0,128.0,0.0,-947.0,0.0,0.0,2913.0,2328.0,5460.0,5051.0,3799.0,217.0,5.0,5.0,170.0,170.0,6003815
AUVERGNE RHONE ALPES,2019-07-14 04:30:00,2019,195,04:30:00,195.19,23.0,10473.0,124.0,0.0,1884.0,113.0,-516.0,-7233.0,0.0,0.0,1027.0,626.0,13570.0,12662.0,635.0,1161.0,11247.0,11083.0,190.0,190.0,8042936
PAYS DE LA LOIRE,2023-01-07 02:30:00,2023,7,02:30:00,7.1,148.0,0.0,1028.0,0.0,7.0,58.0,0.0,1625.0,0.0,0.0,2068.0,1730.0,0.0,0.0,1707.0,941.0,10.0,10.0,80.0,80.0,3907426
PROVENCE ALPES COTE D AZUR,2020-08-25 21:00:00,2020,238,21:00:00,238.88,1118.0,0.0,1.0,0.0,819.0,81.0,0.0,2449.0,0.0,0.0,2710.0,2333.0,0.0,0.0,48.0,1499.0,3262.0,3147.0,357.0,207.0,5098666
NOUVELLE AQUITAINE,2021-12-07 10:30:00,2021,341,10:30:00,341.44,199.0,2749.0,764.0,213.0,1273.0,176.0,0.0,1553.0,0.0,0.0,578.0,578.0,6630.0,5135.0,1368.0,3391.0,1784.0,1784.0,356.0,356.0,6069352
AUVERGNE RHONE ALPES,2013-10-03 20:30:00,2013,276,20:30:00,276.85,50.0,8230.0,224.0,0.0,3755.0,66.0,-4.0,-5093.0,0.0,0.0,919.0,919.0,13570.0,12690.0,335.0,730.0,11124.0,11124.0,108.0,108.0,7757595
AUVERGNE RHONE ALPES,2018-11-05 10:00:00,2018,309,10:00:00,309.42,236.0,8501.0,248.0,252.0,3124.0,109.0,-12.0,-3648.0,0.0,0.0,1021.0,1021.0,13570.0,12619.0,607.0,1110.0,11266.0,11078.0,188.0,188.0,7994459
HAUTS DE FRANCE,2019-06-15 02:00:00,2019,166,02:00:00,166.08,739.0,2478.0,184.0,0.0,1.0,133.0,0.0,1141.0,0.0,0.0,2969.0,2717.0,5460.0,4603.0,4517.0,236.0,5.0,5.0,178.0,178.0,6004947
AUVERGNE RHONE ALPES,2020-03-21 02:00:00,2020,81,02:00:00,81.08,167.0,8062.0,81.0,0.0,3888.0,128.0,-327.0,-6182.0,0.0,0.0,1034.0,1034.0,13570.0,12638.0,647.0,1253.0,11746.0,11592.0,192.0,192.0,8078652
NOUVELLE AQUITAINE,2014-11-29 11:00:00,2014,333,11:00:00,333.46,115.0,5689.0,201.0,79.0,559.0,151.0,0.0,-2050.0,0.0,0.0,427.0,427.0,6630.0,5720.0,459.0,1328.0,1774.0,1774.0,225.0,225.0,5879144
ILE DE FRANCE,2014-12-31 10:00:00,2014,365,10:00:00,365.42,954.0,0.0,0.0,3.0,4.0,153.0,0.0,10477.0,0.0,0.0,2128.0,1543.0,0.0,0.0,37.0,112.0,19.0,19.0,282.0,282.0,12027565
NOUVELLE AQUITAINE,2022-10-02 18:00:00,2022,275,18:00:00,275.75,73.0,2063.0,341.0,713.0,77.0,164.0,0.0,287.0,0.0,0.0,579.0,579.0,6630.0,5672.0,1592.0,3794.0,1786.0,1668.0,356.0,356.0,6098051
BOURGOGNE FRANCHE COMTE,2017-04-10 11:30:00,2017,100,11:30:00,100.48,55.0,0.0,35.0,129.0,34.0,20.0,0.0,2326.0,0.0,0.0,331.0,331.0,0.0,0.0,605.0,267.0,519.0,519.0,31.0,31.0,2811423
PROVENCE ALPES COTE D AZUR,2013-02-07 07:30:00,2013,38,07:30:00,38.31,1077.0,0.0,17.0,0.0,1634.0,64.0,0.0,3860.0,0.0,0.0,2590.0,2343.0,0.0,0.0,45.0,670.0,3158.0,3158.0,149.0,149.0,4953675
BOURGOGNE FRANCHE COMTE,2019-03-08 04:30:00,2019,67,04:30:00,67.19,162.0,0.0,299.0,0.0,112.0,50.0,-68.0,1928.0,0.0,0.0,401.0,401.0,0.0,0.0,800.0,331.0,520.0,520.0,66.0,66.0,2805580
PAYS DE LA LOIRE,2015-08-21 11:00:00,2015,233,11:00:00,233.46,10.0,0.0,3.0,187.0,0.0,35.0,0.0,2614.0,0.0,0.0,1867.0,1271.0,0.0,0.0,560.0,455.0,7.0,7.0,61.0,61.0,3718512
NOUVELLE AQUITAINE,2016-10-20 15:30:00,2016,294,15:30:00,294.65,66.0,4107.0,17.0,867.0,86.0,99.0,0.0,141.0,0.0,0.0,429.0,429.0,6630.0,5281.0,660.0,1912.0,1779.0,1779.0,280.0,280.0,5935603
PAYS DE LA LOIRE,2019-04-03 17:00:00,2019,93,17:00:00,93.71,488.0,0.0,123.0,147.0,4.0,42.0,0.0,2686.0,0.0,0.0,2037.0,1783.0,0.0,0.0,897.0,571.0,8.0,8.0,70.0,70.0,3806461
BRETAGNE,2022-12-03 09:00:00,2022,337,09:00:00,337.38,464.0,0.0,405.0,0.0,176.0,54.0,-1.0,2060.0,0.0,0.0,1432.0,1432.0,0.0,0.0,1226.0,412.0,272.0,272.0,83.0,83.0,3414637
PROVENCE ALPES COTE D AZUR,2016-10-19 21:00:00,2016,293,21:00:00,293.88,2195.0,0.0,17.0,0.0,646.0,105.0,0.0,1653.0,0.0,0.0,2615.0,2370.0,0.0,0.0,48.0,1048.0,3192.0,3192.0,354.0,354.0,5021928
BOURGOGNE FRANCHE COMTE,2022-01-08 05:30:00,2022,8,05:30:00,8.23,157.0,0.0,270.0,0.0,176.0,53.0,0.0,1866.0,0.0,0.0,401.0,401.0,0.0,0.0,992.0,494.0,524.0,524.0,74.0,74.0,2797366
NORMANDIE,2018-11-30 20:00:00,2018,334,20:00:00,334.83,389.0,6425.0,225.0,0.0,20.0,53.0,0.0,-3288.0,0.0,0.0,821.0,241.0,10640.0,9310.0,767.0,251.0,31.0,31.0,105.0,105.0,3327477
HAUTS DE FRANCE,2020-01-04 17:00:00,2020,4,17:00:00,4.71,2111.0,4595.0,757.0,0.0,2.0,135.0,0.0,-1393.0,0.0,0.0,2970.0,2832.0,5460.0,4550.0,4895.0,240.0,5.0,5.0,180.0,180.0,5997734
PROVENCE ALPES COTE D AZUR,2016-02-14 20:00:00,2016,45,20:00:00,45.83,127.0,0.0,3.0,0.0,1404.0,114.0,0.0,4260.0,0.0,0.0,2614.0,2296.0,0.0,0.0,48.0,989.0,3178.0,3056.0,204.0,204.0,5021928
NOUVELLE AQUITAINE,2014-07-04 09:00:00,2014,185,09:00:00,185.38,26.0,6536.0,44.0,55.0,390.0,121.0,0.0,-2525.0,0.0,0.0,421.0,421.0,6630.0,6630.0,447.0,1139.0,1772.0,1772.0,220.0,220.0,5879144
NOUVELLE AQUITAINE,2017-04-02 15:00:00,2017,92,15:00:00,92.62,85.0,5678.0,29.0,857.0,363.0,208.0,0.0,-2887.0,0.0,0.0,465.0,465.0,6630.0,5720.0,734.0,1937.0,1780.0,1670.0,306.0,306.0,5956978
PROVENCE ALPES COTE D AZUR,2019-12-16 02:30:00,2019,350,02:30:00,350.1,612.0,0.0,26.0,0.0,1433.0,108.0,-51.0,2730.0,0.0,0.0,2679.0,2301.0,0.0,0.0,48.0,1429.0,3249.0,3125.0,357.0,207.0,5081101
NOUVELLE AQUITAINE,2015-03-16 00:30:00,2015,75,00:30:00,75.02,142.0,4683.0,93.0,0.0,557.0,167.0,0.0,-125.0,0.0,0.0,427.0,427.0,6630.0,5922.0,479.0,1439.0,1774.0,1774.0,234.0,234.0,5911482
PAYS DE LA LOIRE,2014-01-29 13:30:00,2014,29,13:30:00,29.56,139.0,0.0,3.0,63.0,3.0,37.0,0.0,4422.0,0.0,0.0,1864.0,1864.0,0.0,0.0,518.0,401.0,6.0,6.0,58.0,58.0,3690833
BRETAGNE,2018-11-01 23:30:00,2018,305,23:30:00,305.98,166.0,0.0,32.0,0.0,0.0,38.0,-1.0,2625.0,0.0,0.0,944.0,859.0,0.0,0.0,988.0,255.0,270.0,270.0,70.0,70.0,3335414
PAYS DE LA LOIRE,2018-01-08 10:00:00,2018,8,10:00:00,8.42,365.0,0.0,397.0,14.0,2.0,39.0,0.0,3798.0,0.0,0.0,1954.0,1954.0,0.0,0.0,786.0,533.0,8.0,8.0,69.0,69.0,3781423
HAUTS DE FRANCE,2021-02-14 02:00:00,2021,45,02:00:00,45.08,981.0,4067.0,2601.0,0.0,2.0,122.0,0.0,-192.0,0.0,0.0,2990.0,2990.0,5460.0,4550.0,5413.0,301.0,5.0,5.0,181.0,181.0,5995292
OCCITANIE,2015-09-19 02:00:00,2015,262,02:00:00,262.08,-3.0,1114.0,239.0,0.0,731.0,72.0,-4.0,677.0,0.0,0.0,266.0,0.0,2620.0,1310.0,1039.0,1452.0,5455.0,4886.0,137.0,137.0,5774185
NOUVELLE AQUITAINE,2017-02-24 07:00:00,2017,55,07:00:00,55.29,274.0,4222.0,122.0,-1.0,554.0,197.0,0.0,500.0,0.0,0.0,465.0,465.0,6630.0,5369.0,734.0,1929.0,1780.0,1780.0,304.0,304.0,5956978
GRAND EST,2015-05-21 19:30:00,2015,141,19:30:00,141.81,39.0,9528.0,153.0,60.0,1741.0,71.0,0.0,-6436.0,0.0,0.0,3420.0,3132.0,10820.0,9877.0,2386.0,524.0,2284.0,2284.0,115.0,115.0,5559051
PROVENCE ALPES COTE D AZUR,2017-08-24 18:30:00,2017,236,18:30:00,236.77,649.0,0.0,6.0,197.0,628.0,122.0,0.0,3033.0,0.0,0.0,2630.0,2257.0,0.0,0.0,48.0,1152.0,3220.0,3026.0,354.0,354.0,5030890
AUVERGNE RHONE ALPES,2013-08-26 22:00:00,2013,238,22:00:00,238.92,41.0,8821.0,34.0,0.0,2738.0,55.0,-19.0,-5547.0,0.0,0.0,919.0,919.0,13570.0,13570.0,335.0,727.0,11122.0,11122.0,106.0,106.0,7757595
CENTRE VAL DE LOIRE,2020-04-11 03:30:00,2020,102,03:30:00,102.15,0.0,8432.0,173.0,0.0,3.0,64.0,0.0,-7297.0,0.0,0.0,229.0,229.0,11630.0,10727.0,1238.0,362.0,92.0,92.0,86.0,86.0,2574863
GRAND EST,2020-03-06 02:30:00,2020,66,02:30:00,66.1,541.0,6457.0,3278.0,0.0,1048.0,113.0,-6.0,-5697.0,0.0,0.0,3535.0,3535.0,10820.0,9607.0,3606.0,617.0,2303.0,2035.0,181.0,181.0,5562651
AUVERGNE RHONE ALPES,2017-07-12 20:00:00,2017,193,20:00:00,193.83,31.0,8940.0,110.0,58.0,2992.0,109.0,-17.0,-5026.0,0.0,0.0,985.0,584.0,13570.0,12632.0,486.0,953.0,11246.0,11063.0,178.0,178.0,7948287
PROVENCE ALPES COTE D AZUR,2020-05-28 14:00:00,2020,149,14:00:00,149.58,74.0,0.0,4.0,1032.0,1671.0,105.0,0.0,1187.0,0.0,0.0,2710.0,2279.0,0.0,0.0,48.0,1461.0,3259.0,3259.0,357.0,207.0,5098666
HAUTS DE FRANCE,2016-10-08 14:30:00,2016,282,14:30:00,282.6,758.0,2260.0,136.0,72.0,1.0,109.0,0.0,1934.0,0.0,0.0,2872.0,2589.0,5460.0,4714.0,3149.0,213.0,5.0,5.0,164.0,164.0,6006870
PAYS DE LA LOIRE,2019-04-27 00:00:00,2019,117,00:00:00,117.0,10.0,0.0,388.0,0.0,3.0,48.0,0.0,2768.0,0.0,0.0,2037.0,1783.0,0.0,0.0,909.0,574.0,8.0,8.0,70.0,70.0,3806461
HAUTS DE FRANCE,2015-01-02 11:00:00,2015,2,11:00:00,2.46,676.0,5465.0,897.0,6.0,2.0,101.0,0.0,-356.0,0.0,0.0,2301.0,2301.0,5460.0,5460.0,2595.0,212.0,5.0,5.0,155.0,155.0,6009976
GRAND EST,2016-12-13 17:30:00,2016,348,17:30:00,348.73,2482.0,7983.0,196.0,0.0,866.0,121.0,0.0,-4449.0,0.0,0.0,3448.0,3448.0,10820.0,9730.0,2770.0,535.0,2296.0,2062.0,138.0,138.0,5555186
BRETAGNE,2020-04-15 23:00:00,2020,106,23:00:00,106.96,1.0,0.0,292.0,0.0,4.0,48.0,-1.0,1983.0,0.0,0.0,978.0,868.0,0.0,0.0,1028.0,280.0,272.0,272.0,79.0,79.0,3373835
PAYS DE LA LOIRE,2013-10-22 04:00:00,2013,295,04:00:00,295.17,665.0,0.0,358.0,0.0,0.0,36.0,0.0,1048.0,0.0,0.0,1837.0,1837.0,0.0,0.0,502.0,397.0,6.0,6.0,58.0,58.0,3660852
NORMANDIE,2016-09-24 13:00:00,2016,268,13:00:00,268.54,648.0,3493.0,273.0,77.0,14.0,36.0,0.0,-1830.0,0.0,0.0,773.0,643.0,10640.0,9310.0,606.0,219.0,31.0,31.0,96.0,96.0,3335929
CENTRE VAL DE LOIRE,2022-10-31 03:00:00,2022,304,03:00:00,304.12,19.0,4470.0,70.0,0.0,1.0,68.0,0.0,-3385.0,0.0,0.0,229.0,229.0,11630.0,10703.0,1551.0,789.0,93.0,93.0,91.0,91.0,2572916
AUVERGNE RHONE ALPES,2015-10-07 03:00:00,2015,280,03:00:00,280.12,26.0,8667.0,139.0,0.0,2128.0,75.0,-1532.0,-3413.0,0.0,0.0,944.0,543.0,13570.0,12978.0,372.0,890.0,11186.0,10956.0,141.0,141.0,7877698
NORMANDIE,2020-12-31 10:30:00,2020,366,10:30:00,366.44,312.0,7748.0,86.0,29.0,9.0,50.0,0.0,-4050.0,0.0,0.0,852.0,272.0,10640.0,9310.0,831.0,272.0,31.0,31.0,116.0,116.0,3325522
NORMANDIE,2014-06-22 23:30:00,2014,173,23:30:00,173.98,193.0,7270.0,95.0,0.0,1.0,58.0,0.0,-4958.0,0.0,0.0,761.0,181.0,10640.0,10640.0,482.0,212.0,24.0,24.0,90.0,90.0,3335645
PAYS DE LA LOIRE,2020-07-16 11:00:00,2020,198,11:00:00,198.46,989.0,0.0,25.0,170.0,0.0,55.0,0.0,1874.0,0.0,0.0,2050.0,1941.0,0.0,0.0,1000.0,644.0,10.0,10.0,77.0,77.0,3832120
BOURGOGNE FRANCHE COMTE,2017-03-24 21:00:00,2017,83,21:00:00,83.88,103.0,0.0,261.0,0.0,222.0,21.0,0.0,2078.0,0.0,0.0,331.0,331.0,0.0,0.0,583.0,266.0,518.0,518.0,31.0,31.0,2811423
HAUTS DE FRANCE,2020-10-23 01:00:00,2020,297,01:00:00,297.04,1540.0,2636.0,194.0,0.0,0.0,119.0,0.0,824.0,0.0,0.0,2984.0,2984.0,5460.0,4550.0,5222.0,272.0,5.0,5.0,181.0,181.0,5997734
GRAND EST,2021-04-09 20:00:00,2021,99,20:00:00,99.83,1250.0,5104.0,1212.0,4.0,875.0,143.0,0.0,-3322.0,0.0,0.0,3585.0,3172.0,10820.0,9940.0,3885.0,882.0,2305.0,2103.0,206.0,206.0,5561287
NORMANDIE,2022-09-10 17:00:00,2022,253,17:00:00,253.71,245.0,3647.0,137.0,67.0,10.0,59.0,0.0,-1805.0,0.0,0.0,852.0,852.0,10640.0,9310.0,949.0,316.0,31.0,31.0,149.0,149.0,3327604
BRETAGNE,2017-04-23 20:30:00,2017,113,20:30:00,113.85,1.0,0.0,135.0,5.0,1.0,38.0,-1.0,1593.0,0.0,0.0,848.0,763.0,0.0,0.0,896.0,234.0,275.0,275.0,61.0,61.0,3318904
PROVENCE ALPES COTE D AZUR,2021-11-29 11:30:00,2021,333,11:30:00,333.48,1610.0,0.0,37.0,798.0,1902.0,88.0,0.0,1801.0,0.0,0.0,2724.0,2460.0,0.0,0.0,96.0,1708.0,3266.0,3222.0,357.0,357.0,5127840
NORMANDIE,2015-04-10 22:00:00,2015,100,22:00:00,100.92,201.0,7820.0,117.0,0.0,15.0,64.0,0.0,-5103.0,0.0,0.0,761.0,761.0,10640.0,9310.0,510.0,214.0,24.0,24.0,94.0,94.0,3339131
NOUVELLE AQUITAINE,2019-11-15 05:30:00,2019,319,05:30:00,319.23,204.0,5842.0,34.0,-1.0,502.0,172.0,0.0,-1018.0,0.0,0.0,562.0,562.0,6630.0,5720.0,1029.0,2608.0,1783.0,1678.0,340.0,340.0,6010289
NORMANDIE,2018-02-16 20:30:00,2018,47,20:30:00,47.85,447.0,9102.0,115.0,0.0,16.0,57.0,0.0,-5460.0,0.0,0.0,813.0,233.0,10640.0,9610.0,705.0,234.0,31.0,31.0,102.0,102.0,3327477
AUVERGNE RHONE ALPES,2017-12-10 07:30:00,2017,344,07:30:00,344.31,251.0,7755.0,286.0,0.0,1595.0,132.0,-1711.0,709.0,0.0,0.0,1000.0,1000.0,13570.0,12655.0,548.0,995.0,11251.0,11031.0,179.0,179.0,7948287
ILE DE FRANCE,2021-09-13 13:00:00,2021,256,13:00:00,256.54,0.0,0.0,12.0,106.0,6.0,169.0,0.0,7281.0,0.0,0.0,2171.0,2171.0,0.0,0.0,148.0,175.0,20.0,20.0,314.0,314.0,12317279
PAYS DE LA LOIRE,2016-11-16 22:00:00,2016,321,22:00:00,321.92,1073.0,0.0,256.0,0.0,1.0,45.0,0.0,1744.0,0.0,0.0,1896.0,1455.0,0.0,0.0,687.0,489.0,8.0,8.0,63.0,63.0,3737632
NORMANDIE,2022-05-07 15:30:00,2022,127,15:30:00,127.65,173.0,3742.0,42.0,91.0,15.0,99.0,0.0,-1804.0,0.0,0.0,852.0,852.0,10640.0,9396.0,933.0,310.0,31.0,31.0,148.0,148.0,3327604
CENTRE VAL DE LOIRE,2018-04-19 04:00:00,2018,109,04:00:00,109.17,0.0,8371.0,76.0,0.0,46.0,67.0,0.0,-7186.0,0.0,0.0,216.0,216.0,11630.0,10807.0,996.0,286.0,91.0,91.0,76.0,76.0,2572853
CENTRE VAL DE LOIRE,2022-11-24 19:30:00,2022,328,19:30:00,328.81,37.0,7845.0,818.0,0.0,1.0,48.0,0.0,-6284.0,0.0,0.0,229.0,229.0,11630.0,10743.0,1551.0,797.0,93.0,93.0,91.0,91.0,2572916
ILE DE FRANCE,2020-10-21 07:30:00,2020,295,07:30:00,295.31,0.0,0.0,99.0,0.0,7.0,89.0,0.0,7475.0,0.0,0.0,2170.0,2055.0,0.0,0.0,125.0,168.0,20.0,20.0,314.0,314.0,12271794
NORMANDIE,2018-11-18 14:00:00,2018,322,14:00:00,322.58,397.0,6094.0,218.0,84.0,15.0,55.0,0.0,-3541.0,0.0,0.0,821.0,241.0,10640.0,9310.0,767.0,251.0,31.0,31.0,105.0,105.0,3327477
GRAND EST,2019-04-02 07:00:00,2019,92,07:00:00,92.29,1217.0,7216.0,598.0,0.0,1139.0,116.0,0.0,-4902.0,0.0,0.0,3531.0,3531.0,10820.0,9565.0,3355.0,564.0,2302.0,2040.0,168.0,168.0,5556219
AUVERGNE RHONE ALPES,2013-08-06 22:00:00,2013,218,22:00:00,218.92,41.0,9010.0,69.0,0.0,4020.0,64.0,-28.0,-7177.0,0.0,0.0,919.0,919.0,13570.0,13570.0,335.0,725.0,11122.0,11122.0,106.0,106.0,7757595
GRAND EST,2020-09-01 18:30:00,2020,245,18:30:00,245.77,815.0,4251.0,499.0,70.0,1106.0,130.0,0.0,-2139.0,0.0,0.0,3585.0,3172.0,10820.0,9613.0,3739.0,632.0,2305.0,1901.0,185.0,185.0,5562651
BOURGOGNE FRANCHE COMTE,2015-01-12 21:00:00,2015,12,21:00:00,12.88,114.0,0.0,252.0,0.0,103.0,20.0,0.0,2816.0,0.0,0.0,325.0,80.0,0.0,0.0,344.0,253.0,510.0,510.0,28.0,28.0,2820940
NORMANDIE,2015-07-28 15:00:00,2015,209,15:00:00,209.62,225.0,5065.0,228.0,24.0,5.0,41.0,0.0,-2781.0,0.0,0.0,761.0,181.0,10640.0,9527.0,522.0,215.0,24.0,24.0,94.0,94.0,3339131
GRAND EST,2014-12-31 03:00:00,2014,365,03:00:00,365.12,1095.0,10958.0,30.0,0.0,559.0,75.0,-542.0,-6614.0,0.0,0.0,3400.0,3200.0,10820.0,10015.0,2327.0,522.0,2284.0,2284.0,107.0,107.0,5554645
NORMANDIE,2017-04-17 06:00:00,2017,107,06:00:00,107.25,269.0,5469.0,162.0,0.0,17.0,49.0,0.0,-3397.0,0.0,0.0,785.0,205.0,10640.0,9479.0,622.0,221.0,31.0,31.0,97.0,97.0,3330478
BOURGOGNE FRANCHE COMTE,2016-05-02 09:00:00,2016,123,09:00:00,123.38,29.0,0.0,48.0,50.0,283.0,20.0,0.0,2516.0,0.0,0.0,329.0,329.0,0.0,0.0,426.0,264.0,513.0,513.0,30.0,30.0,2818338
PAYS DE LA LOIRE,2015-08-23 09:00:00,2015,235,09:00:00,235.38,10.0,0.0,58.0,27.0,0.0,28.0,0.0,1695.0,0.0,0.0,1867.0,1274.0,0.0,0.0,560.0,455.0,7.0,7.0,61.0,61.0,3718512
NORMANDIE,2020-06-22 03:00:00,2020,174,03:00:00,174.12,170.0,3683.0,118.0,0.0,11.0,64.0,0.0,-1992.0,0.0,0.0,838.0,258.0,10640.0,9310.0,819.0,265.0,31.0,31.0,111.0,111.0,3325522
PAYS DE LA LOIRE,2022-09-09 21:00:00,2022,252,21:00:00,252.88,4.0,0.0,468.0,0.0,0.0,49.0,0.0,1957.0,0.0,0.0,2068.0,1675.0,0.0,0.0,1675.0,903.0,10.0,10.0,80.0,80.0,3878839
OCCITANIE,2018-08-29 01:00:00,2018,241,01:00:00,241.04,0.0,980.0,93.0,0.0,389.0,93.0,-1.0,1781.0,0.0,0.0,295.0,295.0,2620.0,1370.0,1425.0,1949.0,5485.0,5220.0,146.0,146.0,5885496
PROVENCE ALPES COTE D AZUR,2020-11-27 21:30:00,2020,332,21:30:00,332.9,1930.0,0.0,49.0,0.0,970.0,104.0,0.0,1900.0,0.0,0.0,2714.0,2386.0,0.0,0.0,96.0,1540.0,3262.0,3231.0,357.0,357.0,5098666
HAUTS DE FRANCE,2013-08-02 22:30:00,2013,214,22:30:00,214.94,363.0,4271.0,48.0,0.0,0.0,66.0,0.0,-19.0,0.0,0.0,2268.0,2268.0,5460.0,5460.0,2205.0,210.0,5.0,5.0,139.0,139.0,5987883
HAUTS DE FRANCE,2021-12-16 08:00:00,2021,350,08:00:00,350.33,1984.0,3683.0,31.0,0.0,2.0,114.0,0.0,1080.0,0.0,0.0,2990.0,2990.0,5460.0,4550.0,5629.0,436.0,5.0,5.0,190.0,190.0,5995292
PAYS DE LA LOIRE,2013-12-01 21:00:00,2013,335,21:00:00,335.88,1085.0,0.0,196.0,0.0,1.0,41.0,0.0,2367.0,0.0,0.0,1856.0,1856.0,0.0,0.0,512.0,398.0,6.0,6.0,58.0,58.0,3660852
PROVENCE ALPES COTE D AZUR,2014-02-14 08:00:00,2014,45,08:00:00,45.33,279.0,0.0,0.0,7.0,1499.0,57.0,0.0,4334.0,0.0,0.0,2592.0,2318.0,0.0,0.0,45.0,789.0,3160.0,3160.0,164.0,164.0,4983438
NOUVELLE AQUITAINE,2014-07-13 07:30:00,2014,194,07:30:00,194.31,25.0,3003.0,45.0,13.0,201.0,128.0,0.0,-561.0,0.0,0.0,421.0,421.0,6630.0,6630.0,447.0,1167.0,1772.0,1772.0,220.0,220.0,5879144
GRAND EST,2013-11-20 17:00:00,2013,324,17:00:00,324.71,3474.0,11201.0,999.0,0.0,1267.0,66.0,0.0,-9920.0,0.0,0.0,3398.0,3398.0,10820.0,10820.0,1943.0,507.0,2281.0,2281.0,93.0,93.0,5552388
NORMANDIE,2014-10-08 22:00:00,2014,281,22:00:00,281.92,259.0,9032.0,245.0,0.0,16.0,30.0,0.0,-6585.0,0.0,0.0,761.0,181.0,10640.0,10640.0,489.0,213.0,24.0,24.0,91.0,91.0,3335645
OCCITANIE,2017-12-31 17:30:00,2017,365,17:30:00,365.73,74.0,1236.0,348.0,0.0,1179.0,99.0,-17.0,2136.0,0.0,0.0,291.0,291.0,2620.0,1310.0,1365.0,1808.0,5481.0,5481.0,145.0,145.0,5845102
BOURGOGNE FRANCHE COMTE,2014-05-26 05:30:00,2014,146,05:30:00,146.23,29.0,0.0,4.0,0.0,54.0,18.0,0.0,1560.0,0.0,0.0,313.0,68.0,0.0,0.0,254.0,246.0,508.0,508.0,25.0,25.0,2820623
NOUVELLE AQUITAINE,2016-11-01 02:00:00,2016,306,02:00:00,306.08,141.0,4925.0,58.0,-1.0,55.0,126.0,0.0,-884.0,0.0,0.0,429.0,429.0,6630.0,5135.0,660.0,1913.0,1779.0,1779.0,280.0,280.0,5935603
NOUVELLE AQUITAINE,2017-01-13 07:30:00,2017,13,07:30:00,13.31,256.0,5189.0,316.0,-1.0,349.0,187.0,0.0,901.0,0.0,0.0,452.0,452.0,6630.0,5135.0,721.0,1925.0,1780.0,1780.0,295.0,295.0,5956978
AUVERGNE RHONE ALPES,2019-04-30 03:00:00,2019,120,03:00:00,120.12,17.0,6672.0,221.0,0.0,2550.0,127.0,-827.0,-2010.0,0.0,0.0,1027.0,1027.0,13570.0,12636.0,607.0,1150.0,11247.0,11096.0,189.0,189.0,8042936
NORMANDIE,2014-07-15 08:00:00,2014,196,08:00:00,196.33,203.0,8528.0,22.0,7.0,12.0,54.0,0.0,-6226.0,0.0,0.0,761.0,181.0,10640.0,10640.0,489.0,213.0,24.0,24.0,90.0,90.0,3335645
BRETAGNE,2019-05-29 01:30:00,2019,149,01:30:00,149.06,1.0,0.0,113.0,0.0,0.0,50.0,-1.0,1783.0,0.0,0.0,956.0,871.0,0.0,0.0,1021.0,265.0,270.0,270.0,73.0,73.0,3354854
BOURGOGNE FRANCHE COMTE,2015-01-12 22:00:00,2015,12,22:00:00,12.92,115.0,0.0,252.0,0.0,103.0,20.0,0.0,2741.0,0.0,0.0,325.0,80.0,0.0,0.0,344.0,253.0,510.0,510.0,28.0,28.0,2820940
BRETAGNE,2022-05-29 19:30:00,2022,149,19:30:00,149.81,131.0,0.0,370.0,77.0,0.0,53.0,-1.0,1021.0,0.0,0.0,1432.0,1331.0,0.0,0.0,1179.0,368.0,272.0,272.0,82.0,82.0,3414637
ILE DE FRANCE,2016-04-01 19:00:00,2016,92,19:00:00,92.79,112.0,0.0,2.0,4.0,10.0,129.0,0.0,9486.0,0.0,0.0,2149.0,2149.0,0.0,0.0,61.0,114.0,19.0,19.0,300.0,300.0,12117132
OCCITANIE,2014-05-30 01:30:00,2014,150,01:30:00,150.06,-4.0,1142.0,253.0,0.0,1313.0,80.0,-879.0,1139.0,0.0,0.0,251.0,251.0,2620.0,2620.0,906.0,1253.0,5409.0,5169.0,128.0,128.0,5730753
PAYS DE LA LOIRE,2021-04-20 13:30:00,2021,110,13:30:00,110.56,868.0,0.0,34.0,329.0,3.0,54.0,0.0,1877.0,0.0,0.0,2055.0,2055.0,0.0,0.0,1088.0,719.0,10.0,10.0,78.0,78.0,3853999
GRAND EST,2016-05-19 00:30:00,2016,140,00:30:00,140.02,136.0,8399.0,625.0,0.0,1274.0,92.0,-6.0,-5760.0,0.0,0.0,3424.0,2946.0,10820.0,9524.0,2601.0,527.0,2286.0,2084.0,121.0,121.0,5555186
PAYS DE LA LOIRE,2014-07-19 06:30:00,2014,200,06:30:00,200.27,5.0,0.0,36.0,0.0,1.0,32.0,0.0,1855.0,0.0,0.0,1864.0,1429.0,0.0,0.0,518.0,417.0,7.0,7.0,58.0,58.0,3690833
OCCITANIE,2015-03-01 13:00:00,2015,60,13:00:00,60.54,53.0,2444.0,439.0,235.0,1838.0,89.0,-244.0,512.0,0.0,0.0,266.0,266.0,2620.0,2620.0,943.0,1378.0,5441.0,5214.0,133.0,133.0,5774185
PROVENCE ALPES COTE D AZUR,2014-04-27 10:30:00,2014,117,10:30:00,117.44,150.0,0.0,25.0,389.0,1532.0,62.0,0.0,1862.0,0.0,0.0,2592.0,2318.0,0.0,0.0,45.0,820.0,3160.0,3160.0,170.0,170.0,4983438
PROVENCE ALPES COTE D AZUR,2014-12-15 05:00:00,2014,349,05:00:00,349.21,645.0,0.0,1.0,0.0,889.0,73.0,0.0,2796.0,0.0,0.0,2598.0,2353.0,0.0,0.0,45.0,879.0,3168.0,3168.0,183.0,183.0,4983438
CENTRE VAL DE LOIRE,2018-12-05 03:30:00,2018,339,03:30:00,339.15,77.0,7744.0,142.0,0.0,1.0,58.0,0.0,-6010.0,0.0,0.0,228.0,228.0,11630.0,10524.0,1071.0,304.0,91.0,91.0,84.0,84.0,2572853
CENTRE VAL DE LOIRE,2018-11-06 21:00:00,2018,310,21:00:00,310.88,88.0,6859.0,524.0,0.0,0.0,63.0,0.0,-5252.0,0.0,0.0,227.0,227.0,11630.0,10645.0,1060.0,302.0,91.0,91.0,84.0,84.0,2572853
NOUVELLE AQUITAINE,2020-01-12 07:30:00,2020,12,07:30:00,12.31,243.0,6632.0,306.0,0.0,297.0,163.0,0.0,-1398.0,0.0,0.0,571.0,571.0,6630.0,6630.0,1089.0,2617.0,1783.0,1678.0,340.0,340.0,6033952
CENTRE VAL DE LOIRE,2014-04-09 10:00:00,2014,99,10:00:00,99.42,0.0,8941.0,-1.0,58.0,12.0,36.0,0.0,-6557.0,0.0,0.0,162.0,162.0,11630.0,11630.0,749.0,215.0,91.0,91.0,56.0,56.0,2577435
NORMANDIE,2015-04-16 20:30:00,2015,106,20:30:00,106.85,597.0,7583.0,49.0,1.0,16.0,38.0,0.0,-5480.0,0.0,0.0,761.0,761.0,10640.0,9310.0,510.0,214.0,24.0,24.0,94.0,94.0,3339131
NOUVELLE AQUITAINE,2019-06-14 21:00:00,2019,165,21:00:00,165.88,28.0,5590.0,105.0,42.0,259.0,139.0,0.0,-2258.0,0.0,0.0,538.0,538.0,6630.0,5428.0,1008.0,2496.0,1782.0,1673.0,319.0,319.0,6010289
PROVENCE ALPES COTE D AZUR,2015-08-21 11:30:00,2015,233,11:30:00,233.48,95.0,0.0,8.0,542.0,805.0,88.0,0.0,3239.0,0.0,0.0,2610.0,2215.0,0.0,0.0,48.0,944.0,3168.0,3168.0,183.0,183.0,5007977
GRAND EST,2014-03-19 23:00:00,2014,78,23:00:00,78.96,361.0,10280.0,146.0,0.0,909.0,87.0,0.0,-6328.0,0.0,0.0,3398.0,3283.0,10820.0,10820.0,1999.0,514.0,2283.0,2283.0,96.0,96.0,5554645
BOURGOGNE FRANCHE COMTE,2021-03-22 11:30:00,2021,81,11:30:00,81.48,139.0,0.0,121.0,133.0,79.0,30.0,0.0,2608.0,0.0,0.0,401.0,401.0,0.0,0.0,943.0,408.0,523.0,523.0,71.0,71.0,2800194
HAUTS DE FRANCE,2017-06-25 17:00:00,2017,176,17:00:00,176.71,331.0,2495.0,916.0,34.0,0.0,110.0,0.0,381.0,0.0,0.0,2900.0,2773.0,5460.0,4550.0,3488.0,215.0,5.0,5.0,165.0,165.0,6003815
NORMANDIE,2019-11-04 22:00:00,2019,308,22:00:00,308.92,331.0,3676.0,484.0,0.0,21.0,62.0,0.0,-1168.0,0.0,0.0,833.0,833.0,10640.0,9393.0,806.0,260.0,31.0,31.0,108.0,108.0,3325032
NORMANDIE,2017-08-08 15:00:00,2017,220,15:00:00,220.62,226.0,5701.0,118.0,27.0,9.0,45.0,0.0,-3599.0,0.0,0.0,785.0,205.0,10640.0,9604.0,637.0,223.0,31.0,31.0,99.0,99.0,3330478
AUVERGNE RHONE ALPES,2020-12-12 02:30:00,2020,347,02:30:00,347.1,185.0,10648.0,238.0,0.0,1535.0,123.0,-1222.0,-3670.0,0.0,0.0,1047.0,1047.0,13570.0,12668.0,723.0,1359.0,11753.0,11595.0,194.0,194.0,8078652
GRAND EST,2015-07-03 00:00:00,2015,184,00:00:00,184.0,899.0,10537.0,285.0,0.0,987.0,51.0,0.0,-7702.0,0.0,0.0,3420.0,3193.0,10820.0,9520.0,2398.0,525.0,2284.0,2082.0,119.0,119.0,5559051
BRETAGNE,2013-07-25 12:30:00,2013,206,12:30:00,206.52,6.0,0.0,30.0,84.0,28.0,31.0,-1.0,2390.0,0.0,0.0,665.0,665.0,0.0,0.0,722.0,205.0,11.0,11.0,47.0,47.0,3258707
ILE DE FRANCE,2021-02-01 07:00:00,2021,32,07:00:00,32.29,490.0,0.0,40.0,0.0,0.0,146.0,0.0,7852.0,0.0,0.0,2171.0,2171.0,0.0,0.0,125.0,170.0,20.0,20.0,314.0,314.0,12317279
HAUTS DE FRANCE,2017-05-19 04:00:00,2017,139,04:00:00,139.17,422.0,3540.0,1090.0,0.0,1.0,104.0,0.0,-567.0,0.0,0.0,2900.0,2325.0,5460.0,4550.0,3415.0,214.0,5.0,5.0,165.0,165.0,6003815
PROVENCE ALPES COTE D AZUR,2023-01-03 12:00:00,2023,3,12:00:00,3.5,1073.0,0.0,2.0,334.0,935.0,181.0,0.0,2414.0,0.0,0.0,2724.0,2662.0,0.0,0.0,96.0,1993.0,3271.0,3240.0,357.0,357.0,5160091
PAYS DE LA LOIRE,2021-05-07 11:00:00,2021,127,11:00:00,127.46,353.0,0.0,12.0,330.0,2.0,58.0,0.0,2449.0,0.0,0.0,2055.0,2055.0,0.0,0.0,1097.0,737.0,10.0,10.0,78.0,78.0,3853999
OCCITANIE,2022-08-01 21:30:00,2022,213,21:30:00,213.9,0.0,1225.0,384.0,2.0,923.0,88.0,0.0,2003.0,0.0,0.0,326.0,326.0,2620.0,1310.0,1593.0,3001.0,5503.0,5321.0,174.0,174.0,6067101
GRAND EST,2020-07-28 17:00:00,2020,210,17:00:00,210.71,335.0,6195.0,1169.0,250.0,600.0,122.0,0.0,-4048.0,0.0,0.0,3535.0,3101.0,10820.0,9635.0,3711.0,629.0,2304.0,1882.0,184.0,184.0,5562651
AUVERGNE RHONE ALPES,2021-01-28 07:00:00,2021,28,07:00:00,28.29,521.0,10504.0,338.0,0.0,3218.0,120.0,-11.0,-5005.0,0.0,0.0,1047.0,1047.0,13570.0,12680.0,723.0,1381.0,11753.0,11596.0,198.0,198.0,8114361
CENTRE VAL DE LOIRE,2021-05-03 14:30:00,2021,123,14:30:00,123.6,14.0,6398.0,327.0,344.0,1.0,63.0,0.0,-5189.0,0.0,0.0,229.0,229.0,11630.0,11630.0,1288.0,508.0,92.0,92.0,89.0,89.0,2573303
NOUVELLE AQUITAINE,2022-06-01 13:30:00,2022,152,13:30:00,152.56,43.0,2727.0,14.0,2731.0,129.0,164.0,0.0,-1031.0,0.0,0.0,579.0,579.0,6630.0,5525.0,1480.0,3638.0,1785.0,1675.0,356.0,356.0,6098051
BRETAGNE,2017-04-08 22:30:00,2017,98,22:30:00,98.94,1.0,0.0,164.0,0.0,105.0,42.0,-1.0,1716.0,0.0,0.0,848.0,848.0,0.0,0.0,887.0,234.0,275.0,275.0,61.0,61.0,3318904
BOURGOGNE FRANCHE COMTE,2018-10-29 11:30:00,2018,302,11:30:00,302.48,66.0,0.0,217.0,23.0,4.0,33.0,-1.0,2859.0,0.0,0.0,391.0,391.0,0.0,0.0,708.0,318.0,520.0,443.0,57.0,57.0,2807807
ILE DE FRANCE,2016-06-07 21:30:00,2016,159,21:30:00,159.9,-3.0,0.0,8.0,0.0,0.0,112.0,0.0,6998.0,0.0,0.0,2149.0,1620.0,0.0,0.0,61.0,114.0,19.0,19.0,300.0,300.0,12117132
HAUTS DE FRANCE,2021-04-25 04:00:00,2021,115,04:00:00,115.17,751.0,3516.0,2449.0,0.0,2.0,110.0,0.0,-2324.0,0.0,0.0,2990.0,2990.0,5460.0,5460.0,5430.0,380.0,5.0,5.0,182.0,182.0,5995292
ILE DE FRANCE,2020-12-31 14:00:00,2020,366,14:00:00,366.58,396.0,0.0,22.0,17.0,2.0,134.0,0.0,9960.0,0.0,0.0,2171.0,2171.0,0.0,0.0,125.0,170.0,20.0,20.0,314.0,314.0,12271794
PROVENCE ALPES COTE D AZUR,2019-02-16 04:00:00,2019,47,04:00:00,47.17,224.0,0.0,0.0,0.0,541.0,87.0,-51.0,4347.0,0.0,0.0,2674.0,2296.0,0.0,0.0,48.0,1331.0,3239.0,3115.0,357.0,357.0,5081101
CENTRE VAL DE LOIRE,2022-11-11 14:30:00,2022,315,14:30:00,315.6,46.0,5546.0,62.0,347.0,0.0,55.0,0.0,-4310.0,0.0,0.0,229.0,229.0,11630.0,10739.0,1551.0,795.0,93.0,93.0,91.0,91.0,2572916
GRAND EST,2019-12-20 17:00:00,2019,354,17:00:00,354.71,282.0,10923.0,2213.0,0.0,1151.0,128.0,-6.0,-8919.0,0.0,0.0,3532.0,3532.0,10820.0,9800.0,3567.0,608.0,2303.0,2089.0,178.0,178.0,5556219
CENTRE VAL DE LOIRE,2016-10-12 22:00:00,2016,286,22:00:00,286.92,3.0,8019.0,533.0,0.0,0.0,54.0,0.0,-6438.0,0.0,0.0,170.0,170.0,11630.0,10705.0,896.0,260.0,91.0,91.0,71.0,71.0,2577866
PAYS DE LA LOIRE,2020-06-10 21:00:00,2020,162,21:00:00,162.88,448.0,0.0,9.0,9.0,1.0,60.0,0.0,1920.0,0.0,0.0,2050.0,1777.0,0.0,0.0,1000.0,640.0,10.0,10.0,77.0,77.0,3832120
BOURGOGNE FRANCHE COMTE,2019-01-14 21:00:00,2019,14,21:00:00,14.88,174.0,0.0,106.0,0.0,104.0,31.0,-1.0,2745.0,0.0,0.0,401.0,401.0,0.0,0.0,800.0,329.0,520.0,520.0,65.0,65.0,2805580
AUVERGNE RHONE ALPES,2018-08-28 21:30:00,2018,240,21:30:00,240.9,358.0,7613.0,153.0,0.0,3611.0,108.0,-19.0,-4936.0,0.0,0.0,1000.0,599.0,13570.0,12650.0,578.0,1095.0,11260.0,11044.0,180.0,180.0,7994459
CENTRE VAL DE LOIRE,2018-11-29 11:30:00,2018,333,11:30:00,333.48,71.0,7473.0,568.0,60.0,14.0,52.0,0.0,-5636.0,0.0,0.0,228.0,228.0,11630.0,10702.0,1066.0,304.0,91.0,91.0,84.0,84.0,2572853
OCCITANIE,2017-06-06 15:30:00,2017,157,15:30:00,157.65,3.0,2439.0,872.0,849.0,1384.0,74.0,-42.0,-1688.0,0.0,0.0,282.0,282.0,2620.0,2620.0,1237.0,1714.0,5475.0,5161.0,140.0,140.0,5845102
PAYS DE LA LOIRE,2020-10-04 04:00:00,2020,278,04:00:00,278.17,0.0,0.0,433.0,0.0,1.0,47.0,0.0,1595.0,0.0,0.0,2050.0,1796.0,0.0,0.0,1035.0,661.0,10.0,10.0,77.0,77.0,3832120
AUVERGNE RHONE ALPES,2020-11-22 06:30:00,2020,327,06:30:00,327.27,241.0,9142.0,21.0,0.0,961.0,116.0,-1525.0,-1459.0,0.0,0.0,1047.0,1047.0,13570.0,12665.0,700.0,1352.0,11753.0,11588.0,194.0,194.0,8078652
NOUVELLE AQUITAINE,2021-11-17 15:00:00,2021,321,15:00:00,321.62,189.0,4298.0,16.0,321.0,308.0,182.0,0.0,908.0,0.0,0.0,578.0,578.0,6630.0,5135.0,1368.0,3368.0,1784.0,1784.0,354.0,354.0,6069352
GRAND EST,2013-10-27 09:30:00,2013,300,09:30:00,300.4,93.0,7945.0,1688.0,72.0,885.0,54.0,-176.0,-6266.0,0.0,0.0,3398.0,3398.0,10820.0,10820.0,1943.0,506.0,2281.0,2281.0,93.0,93.0,5552388
NORMANDIE,2022-06-02 18:00:00,2022,153,18:00:00,153.75,233.0,3622.0,100.0,90.0,10.0,99.0,0.0,-1424.0,0.0,0.0,852.0,852.0,10640.0,9391.0,933.0,312.0,31.0,31.0,149.0,149.0,3327604
NOUVELLE AQUITAINE,2017-12-09 19:30:00,2017,343,19:30:00,343.81,212.0,6762.0,256.0,-1.0,737.0,134.0,0.0,-1152.0,0.0,0.0,478.0,478.0,6630.0,6630.0,882.0,2216.0,1780.0,1780.0,307.0,307.0,5956978
HAUTS DE FRANCE,2014-07-14 03:00:00,2014,195,03:00:00,195.12,250.0,2401.0,177.0,0.0,2.0,94.0,0.0,1072.0,0.0,0.0,2289.0,2289.0,5460.0,5460.0,2351.0,211.0,5.0,5.0,139.0,139.0,6006156
ILE DE FRANCE,2021-08-19 05:30:00,2021,231,05:30:00,231.23,0.0,0.0,11.0,0.0,9.0,135.0,0.0,4172.0,0.0,0.0,2171.0,2171.0,0.0,0.0,148.0,175.0,20.0,20.0,314.0,314.0,12317279
NOUVELLE AQUITAINE,2019-09-27 22:00:00,2019,270,22:00:00,270.92,18.0,5649.0,248.0,0.0,85.0,179.0,0.0,-2316.0,0.0,0.0,538.0,538.0,6630.0,5720.0,1029.0,2581.0,1782.0,1677.0,319.0,319.0,6010289
OCCITANIE,2017-05-08 18:30:00,2017,128,18:30:00,128.77,2.0,2484.0,506.0,522.0,1111.0,68.0,-469.0,-1080.0,0.0,0.0,282.0,282.0,2620.0,2620.0,1194.0,1713.0,5475.0,5020.0,140.0,140.0,5845102
AUVERGNE RHONE ALPES,2017-12-01 03:00:00,2017,335,03:00:00,335.12,485.0,7571.0,40.0,0.0,1680.0,134.0,-823.0,422.0,0.0,0.0,1000.0,1000.0,13570.0,12742.0,548.0,981.0,11247.0,11007.0,179.0,179.0,7948287
BRETAGNE,2021-12-12 06:30:00,2021,346,06:30:00,346.27,339.0,0.0,135.0,0.0,113.0,51.0,-1.0,1687.0,0.0,0.0,1428.0,982.0,0.0,0.0,1135.0,352.0,272.0,272.0,82.0,82.0,3394567
ILE DE FRANCE,2018-02-16 05:00:00,2018,47,05:00:00,47.21,478.0,0.0,4.0,0.0,0.0,160.0,0.0,7871.0,0.0,0.0,2157.0,2157.0,0.0,0.0,88.0,122.0,20.0,20.0,306.0,306.0,12213447
GRAND EST,2022-09-11 01:30:00,2022,254,01:30:00,254.06,921.0,3746.0,272.0,0.0,989.0,136.0,0.0,-2547.0,0.0,0.0,3590.0,3144.0,10820.0,9855.0,4315.0,1096.0,2308.0,1954.0,235.0,235.0,5563889
AUVERGNE RHONE ALPES,2013-08-08 06:30:00,2013,220,06:30:00,220.27,41.0,9174.0,15.0,0.0,3520.0,63.0,-677.0,-7006.0,0.0,0.0,919.0,919.0,13570.0,13570.0,335.0,725.0,11122.0,11122.0,106.0,106.0,7757595
BRETAGNE,2013-09-30 20:00:00,2013,273,20:00:00,273.83,0.0,0.0,56.0,0.0,0.0,21.0,0.0,2233.0,0.0,0.0,669.0,669.0,0.0,0.0,722.0,206.0,11.0,11.0,48.0,48.0,3258707
ILE DE FRANCE,2018-08-08 05:30:00,2018,220,05:30:00,220.23,-1.0,0.0,10.0,0.0,5.0,153.0,0.0,4772.0,0.0,0.0,2157.0,2109.0,0.0,0.0,88.0,123.0,20.0,20.0,306.0,306.0,12213447
CENTRE VAL DE LOIRE,2022-09-01 17:30:00,2022,244,17:30:00,244.73,36.0,5565.0,11.0,235.0,0.0,63.0,0.0,-4125.0,0.0,0.0,229.0,229.0,11630.0,10599.0,1482.0,773.0,92.0,92.0,90.0,90.0,2572916
GRAND EST,2022-08-20 10:30:00,2022,232,10:30:00,232.44,1208.0,3759.0,89.0,411.0,1110.0,149.0,0.0,-2973.0,0.0,0.0,3590.0,3163.0,10820.0,9761.0,4290.0,1081.0,2308.0,1954.0,235.0,235.0,5563889
BRETAGNE,2018-07-04 10:00:00,2018,185,10:00:00,185.42,1.0,0.0,83.0,54.0,6.0,41.0,-1.0,2291.0,0.0,0.0,904.0,786.0,0.0,0.0,969.0,253.0,270.0,270.0,68.0,68.0,3335414
GRAND EST,2020-12-21 19:30:00,2020,356,19:30:00,356.81,1075.0,9138.0,2790.0,0.0,866.0,118.0,0.0,-7921.0,0.0,0.0,3585.0,3172.0,10820.0,9663.0,3849.0,678.0,2305.0,2103.0,193.0,193.0,5562651
OCCITANIE,2015-04-02 20:00:00,2015,92,20:00:00,92.83,-5.0,2573.0,567.0,13.0,2150.0,78.0,0.0,-899.0,0.0,0.0,266.0,266.0,2620.0,2620.0,943.0,1384.0,5448.0,4880.0,133.0,133.0,5774185
CENTRE VAL DE LOIRE,2019-06-06 10:00:00,2019,157,10:00:00,157.42,0.0,8348.0,68.0,110.0,9.0,65.0,0.0,-6673.0,0.0,0.0,229.0,229.0,11630.0,10672.0,1160.0,314.0,91.0,91.0,85.0,85.0,2573180
AUVERGNE RHONE ALPES,2014-02-24 10:30:00,2014,55,10:30:00,55.44,181.0,11561.0,293.0,212.0,5045.0,104.0,-12.0,-8079.0,0.0,0.0,938.0,938.0,13570.0,13570.0,347.0,793.0,11133.0,11133.0,140.0,140.0,7820966
AUVERGNE RHONE ALPES,2018-10-10 14:30:00,2018,283,14:30:00,283.6,361.0,7597.0,348.0,227.0,1511.0,111.0,-5.0,-2595.0,0.0,0.0,1004.0,1004.0,13570.0,12664.0,603.0,1106.0,11262.0,11070.0,180.0,180.0,7994459
ILE DE FRANCE,2014-01-23 20:30:00,2014,23,20:30:00,23.85,819.0,0.0,12.0,0.0,1.0,167.0,0.0,11293.0,0.0,0.0,2122.0,2122.0,0.0,0.0,37.0,110.0,19.0,19.0,282.0,282.0,12027565
BRETAGNE,2020-11-13 12:30:00,2020,318,12:30:00,318.52,205.0,0.0,152.0,47.0,227.0,49.0,-1.0,2397.0,0.0,0.0,980.0,980.0,0.0,0.0,1041.0,291.0,272.0,272.0,81.0,81.0,3373835
OCCITANIE,2014-09-21 05:30:00,2014,264,05:30:00,264.23,-1.0,1100.0,118.0,0.0,559.0,66.0,-832.0,1471.0,0.0,0.0,251.0,251.0,2620.0,2620.0,943.0,1303.0,5415.0,5415.0,132.0,132.0,5730753
HAUTS DE FRANCE,2020-12-23 07:30:00,2020,358,07:30:00,358.31,463.0,3677.0,1710.0,0.0,2.0,139.0,0.0,-447.0,0.0,0.0,2984.0,2697.0,5460.0,4550.0,5329.0,287.0,5.0,5.0,181.0,181.0,5997734
CENTRE VAL DE LOIRE,2014-07-25 15:30:00,2014,206,15:30:00,206.65,2.0,7785.0,2.0,98.0,1.0,46.0,0.0,-5971.0,0.0,0.0,162.0,162.0,11630.0,11630.0,801.0,218.0,91.0,91.0,57.0,57.0,2577435
BRETAGNE,2020-03-04 20:30:00,2020,64,20:30:00,64.85,411.0,0.0,307.0,0.0,65.0,50.0,-1.0,2437.0,0.0,0.0,978.0,978.0,0.0,0.0,1028.0,279.0,272.0,272.0,78.0,78.0,3373835
BRETAGNE,2019-02-07 16:30:00,2019,38,16:30:00,38.69,247.0,0.0,493.0,29.0,198.0,48.0,-1.0,2156.0,0.0,0.0,956.0,822.0,0.0,0.0,995.0,262.0,270.0,270.0,71.0,71.0,3354854
BOURGOGNE FRANCHE COMTE,2014-03-24 13:30:00,2014,83,13:30:00,83.56,98.0,0.0,4.0,77.0,237.0,23.0,0.0,2456.0,0.0,0.0,313.0,68.0,0.0,0.0,242.0,243.0,508.0,508.0,25.0,25.0,2820623
BOURGOGNE FRANCHE COMTE,2020-10-12 06:30:00,2020,286,06:30:00,286.27,63.0,0.0,69.0,0.0,58.0,24.0,0.0,2171.0,0.0,0.0,401.0,401.0,0.0,0.0,889.0,373.0,521.0,521.0,71.0,71.0,2801695
PAYS DE LA LOIRE,2016-04-08 01:30:00,2016,99,01:30:00,99.06,699.0,0.0,163.0,0.0,5.0,37.0,0.0,2502.0,0.0,0.0,1880.0,1372.0,0.0,0.0,641.0,459.0,8.0,8.0,61.0,61.0,3737632
BRETAGNE,2017-07-25 08:00:00,2017,206,08:00:00,206.33,1.0,0.0,70.0,10.0,18.0,47.0,-1.0,1984.0,0.0,0.0,848.0,848.0,0.0,0.0,916.0,238.0,275.0,275.0,66.0,66.0,3318904
CENTRE VAL DE LOIRE,2014-05-20 18:00:00,2014,140,18:00:00,140.75,1.0,9388.0,28.0,20.0,6.0,44.0,0.0,-7558.0,0.0,0.0,162.0,162.0,11630.0,11630.0,749.0,216.0,91.0,91.0,56.0,56.0,2577435
BOURGOGNE FRANCHE COMTE,2020-08-22 21:00:00,2020,235,21:00:00,235.88,23.0,0.0,104.0,0.0,86.0,30.0,0.0,1578.0,0.0,0.0,401.0,401.0,0.0,0.0,877.0,357.0,521.0,521.0,70.0,70.0,2801695
PAYS DE LA LOIRE,2015-04-25 18:30:00,2015,115,18:30:00,115.77,18.0,0.0,192.0,77.0,2.0,38.0,0.0,1904.0,0.0,0.0,1867.0,1234.0,0.0,0.0,545.0,446.0,7.0,7.0,59.0,59.0,3718512
BRETAGNE,2019-01-05 10:30:00,2019,5,10:30:00,5.44,254.0,0.0,3.0,6.0,122.0,37.0,-1.0,3427.0,0.0,0.0,956.0,822.0,0.0,0.0,988.0,261.0,270.0,270.0,70.0,70.0,3354854
ILE DE FRANCE,2013-12-06 07:30:00,2013,340,07:30:00,340.31,971.0,0.0,3.0,0.0,0.0,141.0,0.0,9990.0,0.0,0.0,2122.0,1993.0,0.0,0.0,37.0,110.0,19.0,19.0,282.0,282.0,11959807
PROVENCE ALPES COTE D AZUR,2015-09-03 21:30:00,2015,246,21:30:00,246.9,492.0,0.0,7.0,0.0,1206.0,83.0,0.0,2551.0,0.0,0.0,2610.0,2215.0,0.0,0.0,48.0,945.0,3168.0,3168.0,183.0,183.0,5007977
NOUVELLE AQUITAINE,2015-01-13 21:00:00,2015,13,21:00:00,13.88,137.0,5700.0,295.0,0.0,548.0,174.0,0.0,-768.0,0.0,0.0,427.0,427.0,6630.0,5720.0,469.0,1351.0,1774.0,1774.0,234.0,234.0,5911482
PROVENCE ALPES COTE D AZUR,2019-01-11 19:30:00,2019,11,19:30:00,11.81,2007.0,0.0,40.0,0.0,1926.0,100.0,0.0,3314.0,0.0,0.0,2673.0,2296.0,0.0,0.0,48.0,1325.0,3235.0,3111.0,357.0,207.0,5081101
OCCITANIE,2016-11-27 07:30:00,2016,332,07:30:00,332.31,56.0,2432.0,274.0,0.0,1096.0,99.0,-613.0,664.0,0.0,0.0,273.0,273.0,2620.0,2620.0,1172.0,1667.0,5463.0,5258.0,140.0,140.0,5808435
AUVERGNE RHONE ALPES,2015-10-20 18:30:00,2015,293,18:30:00,293.77,486.0,9416.0,174.0,17.0,2813.0,79.0,-4.0,-4441.0,0.0,0.0,944.0,944.0,13570.0,12559.0,372.0,890.0,11186.0,10965.0,141.0,141.0,7877698
PROVENCE ALPES COTE D AZUR,2016-02-07 11:00:00,2016,38,11:00:00,38.46,128.0,0.0,12.0,13.0,1082.0,118.0,0.0,4003.0,0.0,0.0,2614.0,2296.0,0.0,0.0,48.0,988.0,3178.0,3056.0,204.0,204.0,5021928
NOUVELLE AQUITAINE,2022-11-24 21:00:00,2022,328,21:00:00,328.88,188.0,2716.0,825.0,0.0,485.0,151.0,0.0,690.0,0.0,0.0,581.0,581.0,6630.0,5658.0,1602.0,3859.0,1786.0,1786.0,356.0,356.0,6098051
GRAND EST,2019-06-24 06:00:00,2019,175,06:00:00,175.25,127.0,6489.0,488.0,1.0,1249.0,110.0,-175.0,-4374.0,0.0,0.0,3531.0,3104.0,10820.0,9635.0,3427.0,582.0,2302.0,2004.0,170.0,170.0,5556219
NOUVELLE AQUITAINE,2017-10-05 04:30:00,2017,278,04:30:00,278.19,83.0,6164.0,15.0,-1.0,69.0,189.0,0.0,-2944.0,0.0,0.0,465.0,465.0,6630.0,6122.0,842.0,2043.0,1780.0,1670.0,307.0,307.0,5956978
NORMANDIE,2014-04-27 09:00:00,2014,117,09:00:00,117.38,240.0,8944.0,158.0,11.0,32.0,53.0,0.0,-6833.0,0.0,0.0,761.0,181.0,10640.0,10640.0,473.0,211.0,24.0,24.0,89.0,89.0,3335645
NOUVELLE AQUITAINE,2013-09-05 04:00:00,2013,248,04:00:00,248.17,26.0,4552.0,98.0,0.0,69.0,138.0,0.0,-1356.0,0.0,0.0,421.0,421.0,6630.0,6630.0,364.0,992.0,1760.0,1760.0,210.0,210.0,5844177
BRETAGNE,2016-07-04 21:30:00,2016,186,21:30:00,186.9,1.0,0.0,50.0,3.0,0.0,43.0,-15.0,1835.0,0.0,0.0,771.0,686.0,0.0,0.0,873.0,227.0,275.0,275.0,56.0,56.0,3306529
NORMANDIE,2015-02-08 02:00:00,2015,39,02:00:00,39.08,330.0,9146.0,215.0,0.0,14.0,65.0,0.0,-5533.0,0.0,0.0,761.0,181.0,10640.0,9310.0,510.0,214.0,24.0,24.0,91.0,91.0,3339131
NOUVELLE AQUITAINE,2019-06-13 20:30:00,2019,164,20:30:00,164.85,30.0,5648.0,43.0,116.0,372.0,144.0,0.0,-2295.0,0.0,0.0,538.0,538.0,6630.0,5428.0,1008.0,2496.0,1782.0,1673.0,319.0,319.0,6010289
HAUTS DE FRANCE,2018-09-27 11:00:00,2018,270,11:00:00,270.46,262.0,2757.0,44.0,71.0,0.0,116.0,0.0,2647.0,0.0,0.0,2947.0,2741.0,5460.0,4631.0,4027.0,229.0,5.0,5.0,171.0,171.0,6004108
OCCITANIE,2022-10-14 08:00:00,2022,287,08:00:00,287.33,3.0,1261.0,730.0,0.0,1172.0,105.0,0.0,337.0,0.0,0.0,326.0,326.0,2620.0,1310.0,1621.0,3053.0,5504.0,5370.0,175.0,175.0,6067101
BOURGOGNE FRANCHE COMTE,2020-04-18 02:00:00,2020,109,02:00:00,109.08,22.0,0.0,211.0,0.0,70.0,30.0,0.0,1539.0,0.0,0.0,401.0,401.0,0.0,0.0,877.0,348.0,521.0,521.0,69.0,69.0,2801695
HAUTS DE FRANCE,2022-07-18 09:30:00,2022,199,09:30:00,199.4,1551.0,1739.0,133.0,136.0,0.0,107.0,0.0,1637.0,0.0,0.0,2996.0,2903.0,5460.0,4550.0,5806.0,444.0,6.0,6.0,197.0,197.0,5990765
BOURGOGNE FRANCHE COMTE,2021-05-21 11:30:00,2021,141,11:30:00,141.48,23.0,0.0,477.0,47.0,239.0,45.0,0.0,1883.0,0.0,0.0,401.0,401.0,0.0,0.0,955.0,425.0,523.0,523.0,71.0,71.0,2800194
BOURGOGNE FRANCHE COMTE,2020-01-22 03:30:00,2020,22,03:30:00,22.15,176.0,0.0,75.0,0.0,61.0,49.0,0.0,2692.0,0.0,0.0,401.0,401.0,0.0,0.0,877.0,345.0,521.0,521.0,69.0,69.0,2801695
HAUTS DE FRANCE,2018-03-12 17:30:00,2018,71,17:30:00,71.73,761.0,4574.0,2667.0,4.0,2.0,127.0,0.0,-1601.0,0.0,0.0,2922.0,2922.0,5460.0,4550.0,3819.0,218.0,5.0,5.0,170.0,170.0,6004108
BRETAGNE,2016-01-25 03:30:00,2016,25,03:30:00,25.15,147.0,0.0,304.0,0.0,168.0,35.0,-1.0,1693.0,0.0,0.0,768.0,768.0,0.0,0.0,829.0,224.0,275.0,275.0,56.0,56.0,3306529
BRETAGNE,2019-03-17 11:00:00,2019,76,11:00:00,76.46,249.0,0.0,585.0,105.0,94.0,50.0,-1.0,1620.0,0.0,0.0,956.0,871.0,0.0,0.0,1004.0,263.0,270.0,270.0,71.0,71.0,3354854
GRAND EST,2018-03-14 18:30:00,2018,73,18:30:00,73.77,1088.0,10063.0,1508.0,2.0,1325.0,96.0,0.0,-8173.0,0.0,0.0,3471.0,3471.0,10820.0,9793.0,3053.0,553.0,2300.0,2072.0,146.0,146.0,5550389
GRAND EST,2022-04-15 12:30:00,2022,105,12:30:00,105.52,350.0,5036.0,155.0,654.0,840.0,155.0,-518.0,-1987.0,0.0,0.0,3590.0,3168.0,10820.0,9727.0,4254.0,1003.0,2306.0,2104.0,235.0,235.0,5563889
NOUVELLE AQUITAINE,2014-05-06 03:30:00,2014,126,03:30:00,126.15,28.0,4712.0,79.0,0.0,558.0,130.0,0.0,-1844.0,0.0,0.0,421.0,421.0,6630.0,6630.0,417.0,1099.0,1770.0,1770.0,220.0,220.0,5879144
HAUTS DE FRANCE,2014-01-20 17:30:00,2014,20,17:30:00,20.73,784.0,5459.0,123.0,0.0,2.0,95.0,0.0,1105.0,0.0,0.0,2278.0,2278.0,5460.0,5460.0,2245.0,211.0,5.0,5.0,139.0,139.0,6006156
AUVERGNE RHONE ALPES,2016-10-19 04:00:00,2016,293,04:00:00,293.17,553.0,7212.0,54.0,0.0,908.0,78.0,-1381.0,-915.0,0.0,0.0,966.0,966.0,13570.0,12665.0,399.0,932.0,11226.0,11045.0,177.0,177.0,7916889
OCCITANIE,2021-03-13 21:00:00,2021,72,21:00:00,72.88,76.0,2565.0,1164.0,3.0,765.0,84.0,-448.0,298.0,0.0,0.0,318.0,318.0,2620.0,2620.0,1593.0,2475.0,5499.0,5266.0,172.0,172.0,6022176
ILE DE FRANCE,2013-02-28 15:30:00,2013,59,15:30:00,59.65,1129.0,0.0,0.0,3.0,0.0,140.0,0.0,11925.0,0.0,0.0,2121.0,2121.0,0.0,0.0,37.0,108.0,19.0,19.0,262.0,262.0,11959807
HAUTS DE FRANCE,2016-12-29 07:00:00,2016,364,07:00:00,364.29,2059.0,3406.0,304.0,0.0,1.0,104.0,0.0,907.0,0.0,0.0,2882.0,2882.0,5460.0,4653.0,3292.0,214.0,5.0,5.0,164.0,164.0,6006870
PAYS DE LA LOIRE,2014-06-07 18:30:00,2014,158,18:30:00,158.77,16.0,0.0,14.0,113.0,3.0,37.0,0.0,2020.0,0.0,0.0,1864.0,1429.0,0.0,0.0,518.0,413.0,7.0,7.0,58.0,58.0,3690833
PROVENCE ALPES COTE D AZUR,2015-06-22 11:00:00,2015,173,11:00:00,173.46,143.0,0.0,0.0,494.0,1651.0,70.0,0.0,2138.0,0.0,0.0,2610.0,2265.0,0.0,0.0,45.0,917.0,3168.0,3168.0,183.0,183.0,5007977
OCCITANIE,2017-12-18 07:00:00,2017,352,07:00:00,352.29,85.0,2603.0,738.0,0.0,804.0,95.0,0.0,1857.0,0.0,0.0,291.0,291.0,2620.0,2620.0,1321.0,1805.0,5481.0,5481.0,145.0,145.0,5845102
NORMANDIE,2014-08-27 01:00:00,2014,239,01:00:00,239.04,224.0,8421.0,9.0,0.0,20.0,52.0,0.0,-6198.0,0.0,0.0,761.0,181.0,10640.0,10640.0,489.0,213.0,24.0,24.0,91.0,91.0,3335645
AUVERGNE RHONE ALPES,2015-10-14 08:30:00,2015,287,08:30:00,287.35,461.0,9334.0,110.0,7.0,3468.0,66.0,-4.0,-4578.0,0.0,0.0,944.0,944.0,13570.0,12559.0,372.0,890.0,11186.0,10955.0,141.0,141.0,7877698
OCCITANIE,2020-12-17 01:30:00,2020,352,01:30:00,352.06,86.0,2449.0,511.0,0.0,1751.0,85.0,-704.0,600.0,0.0,0.0,318.0,318.0,2620.0,1810.0,1593.0,2362.0,5498.0,5269.0,172.0,172.0,5973969
AUVERGNE RHONE ALPES,2018-05-05 22:00:00,2018,125,22:00:00,125.92,17.0,8262.0,46.0,0.0,4425.0,119.0,-8.0,-6806.0,0.0,0.0,1000.0,1000.0,13570.0,12593.0,578.0,1044.0,11259.0,11049.0,179.0,179.0,7994459
NORMANDIE,2015-05-08 20:30:00,2015,128,20:30:00,128.85,273.0,6254.0,203.0,3.0,13.0,64.0,0.0,-4199.0,0.0,0.0,761.0,181.0,10640.0,9601.0,510.0,215.0,24.0,24.0,94.0,94.0,3339131
HAUTS DE FRANCE,2016-07-14 20:30:00,2016,196,20:30:00,196.85,354.0,3366.0,518.0,6.0,2.0,108.0,0.0,56.0,0.0,0.0,2864.0,2726.0,5460.0,4550.0,3077.0,213.0,5.0,5.0,163.0,163.0,6006870
OCCITANIE,2014-12-07 12:00:00,2014,341,12:00:00,341.5,64.0,1214.0,437.0,342.0,1482.0,100.0,-628.0,2449.0,0.0,0.0,254.0,0.0,2620.0,2620.0,943.0,1318.0,5431.0,5431.0,132.0,132.0,5730753
ILE DE FRANCE,2017-12-29 13:00:00,2017,363,13:00:00,363.54,283.0,0.0,55.0,3.0,7.0,125.0,0.0,11146.0,0.0,0.0,2157.0,2014.0,0.0,0.0,88.0,119.0,19.0,19.0,306.0,306.0,12174880
NORMANDIE,2013-11-15 20:30:00,2013,319,20:30:00,319.85,998.0,9073.0,197.0,0.0,7.0,57.0,0.0,-6194.0,0.0,0.0,761.0,761.0,10640.0,10640.0,444.0,210.0,24.0,24.0,88.0,88.0,3328364
NORMANDIE,2014-08-27 08:30:00,2014,239,08:30:00,239.35,224.0,8877.0,28.0,4.0,25.0,53.0,0.0,-6469.0,0.0,0.0,761.0,181.0,10640.0,10640.0,489.0,213.0,24.0,24.0,91.0,91.0,3335645
AUVERGNE RHONE ALPES,2017-08-27 01:30:00,2017,239,01:30:00,239.06,22.0,9829.0,81.0,0.0,1388.0,97.0,-29.0,-6117.0,0.0,0.0,985.0,985.0,13570.0,12608.0,486.0,962.0,11246.0,11042.0,178.0,178.0,7948287
BRETAGNE,2014-09-13 22:00:00,2014,256,22:00:00,256.92,1.0,0.0,193.0,0.0,3.0,30.0,-1.0,1539.0,0.0,0.0,688.0,688.0,0.0,0.0,781.0,216.0,272.0,272.0,52.0,52.0,3276543
CENTRE VAL DE LOIRE,2016-07-29 16:30:00,2016,211,16:30:00,211.69,0.0,5420.0,227.0,103.0,1.0,51.0,0.0,-4075.0,0.0,0.0,170.0,170.0,11630.0,10656.0,886.0,258.0,91.0,91.0,71.0,71.0,2577866
GRAND EST,2016-01-15 03:00:00,2016,15,03:00:00,15.12,245.0,11452.0,2183.0,0.0,1065.0,107.0,-533.0,-8324.0,0.0,0.0,3424.0,3424.0,10820.0,10820.0,2569.0,525.0,2285.0,2083.0,119.0,119.0,5555186
BRETAGNE,2016-05-11 06:00:00,2016,132,06:00:00,132.25,0.0,0.0,19.0,0.0,217.0,35.0,-1.0,1511.0,0.0,0.0,771.0,686.0,0.0,0.0,853.0,226.0,275.0,275.0,56.0,56.0,3306529
AUVERGNE RHONE ALPES,2015-11-26 03:00:00,2015,330,03:00:00,330.12,547.0,9885.0,265.0,0.0,2443.0,121.0,-1376.0,-3185.0,0.0,0.0,946.0,946.0,13570.0,12732.0,384.0,893.0,11191.0,10947.0,159.0,159.0,7877698
GRAND EST,2021-07-26 11:00:00,2021,207,11:00:00,207.46,1288.0,7663.0,392.0,282.0,1234.0,131.0,0.0,-6340.0,0.0,0.0,3585.0,3585.0,10820.0,9940.0,3925.0,903.0,2305.0,2103.0,208.0,208.0,5561287
NORMANDIE,2018-05-06 12:00:00,2018,126,12:00:00,126.5,305.0,2939.0,7.0,85.0,24.0,59.0,0.0,-1042.0,0.0,0.0,813.0,233.0,10640.0,9310.0,712.0,234.0,31.0,31.0,103.0,103.0,3327477
PROVENCE ALPES COTE D AZUR,2018-03-24 13:00:00,2018,83,13:00:00,83.54,2310.0,0.0,30.0,480.0,1791.0,104.0,0.0,951.0,0.0,0.0,2666.0,2360.0,0.0,0.0,48.0,1238.0,3233.0,3233.0,357.0,357.0,5052832
PAYS DE LA LOIRE,2015-03-16 01:30:00,2015,75,01:30:00,75.06,598.0,0.0,37.0,0.0,4.0,44.0,0.0,2877.0,0.0,0.0,1867.0,1287.0,0.0,0.0,545.0,441.0,7.0,7.0,59.0,59.0,3718512
ILE DE FRANCE,2016-04-30 01:30:00,2016,121,01:30:00,121.06,-6.0,0.0,1.0,0.0,12.0,128.0,0.0,7307.0,0.0,0.0,2149.0,1576.0,0.0,0.0,61.0,114.0,19.0,19.0,300.0,300.0,12117132
GRAND EST,2020-02-07 17:00:00,2020,38,17:00:00,38.71,1808.0,9823.0,518.0,40.0,1030.0,115.0,-6.0,-7376.0,0.0,0.0,3535.0,3535.0,10820.0,9925.0,3593.0,610.0,2303.0,2089.0,179.0,179.0,5562651
BOURGOGNE FRANCHE COMTE,2019-11-18 05:30:00,2019,322,05:30:00,322.23,162.0,0.0,142.0,0.0,45.0,23.0,0.0,2349.0,0.0,0.0,401.0,401.0,0.0,0.0,849.0,342.0,521.0,521.0,68.0,68.0,2805580
ILE DE FRANCE,2021-11-14 11:30:00,2021,318,11:30:00,318.48,460.0,0.0,15.0,20.0,8.0,153.0,0.0,7880.0,0.0,0.0,2171.0,2171.0,0.0,0.0,148.0,193.0,20.0,20.0,314.0,314.0,12317279
BRETAGNE,2013-12-25 19:00:00,2013,359,19:00:00,359.79,75.0,0.0,56.0,0.0,120.0,24.0,-1.0,2710.0,0.0,0.0,684.0,684.0,0.0,0.0,747.0,208.0,251.0,251.0,49.0,49.0,3258707
CENTRE VAL DE LOIRE,2022-10-30 21:00:00,2022,303,21:00:00,303.88,19.0,4508.0,42.0,0.0,1.0,68.0,0.0,-3121.0,0.0,0.0,229.0,229.0,11630.0,10715.0,1551.0,789.0,93.0,93.0,91.0,91.0,2572916
BOURGOGNE FRANCHE COMTE,2022-02-09 05:30:00,2022,40,05:30:00,40.23,152.0,0.0,283.0,0.0,110.0,52.0,-66.0,2430.0,0.0,0.0,401.0,401.0,0.0,0.0,1034.0,499.0,524.0,524.0,74.0,74.0,2797366
GRAND EST,2017-07-06 23:30:00,2017,187,23:30:00,187.98,1445.0,11007.0,1070.0,0.0,852.0,76.0,0.0,-9429.0,0.0,0.0,3453.0,3153.0,10820.0,10095.0,2923.0,543.0,2298.0,1972.0,140.0,140.0,5549586
BOURGOGNE FRANCHE COMTE,2013-06-29 13:00:00,2013,180,13:00:00,180.54,28.0,0.0,40.0,24.0,57.0,9.0,0.0,2079.0,0.0,0.0,301.0,301.0,0.0,0.0,204.0,229.0,480.0,480.0,24.0,24.0,2819783
AUVERGNE RHONE ALPES,2023-01-16 03:00:00,2023,16,03:00:00,16.12,172.0,11114.0,334.0,0.0,2249.0,108.0,-1027.0,-5033.0,0.0,0.0,1050.0,1050.0,13570.0,13139.0,723.0,1852.0,11791.0,11682.0,208.0,208.0,8197325
BRETAGNE,2018-01-14 06:30:00,2018,14,06:30:00,14.27,232.0,0.0,68.0,0.0,11.0,42.0,-52.0,2544.0,0.0,0.0,904.0,904.0,0.0,0.0,942.0,250.0,270.0,270.0,67.0,67.0,3335414
BRETAGNE,2020-10-30 10:30:00,2020,304,10:30:00,304.44,2.0,0.0,379.0,32.0,175.0,52.0,-1.0,2254.0,0.0,0.0,980.0,980.0,0.0,0.0,1041.0,291.0,272.0,272.0,81.0,81.0,3373835
BOURGOGNE FRANCHE COMTE,2013-07-30 18:00:00,2013,211,18:00:00,211.75,26.0,0.0,69.0,35.0,59.0,9.0,0.0,1888.0,0.0,0.0,301.0,301.0,0.0,0.0,204.0,230.0,480.0,480.0,25.0,25.0,2819783
HAUTS DE FRANCE,2020-09-06 17:30:00,2020,250,17:30:00,250.73,1158.0,3546.0,185.0,39.0,0.0,117.0,0.0,-923.0,0.0,0.0,2983.0,2398.0,5460.0,4550.0,5127.0,251.0,5.0,5.0,181.0,181.0,5997734
NOUVELLE AQUITAINE,2021-04-18 21:00:00,2021,108,21:00:00,108.88,17.0,4284.0,84.0,4.0,594.0,163.0,0.0,-591.0,0.0,0.0,578.0,578.0,6630.0,6630.0,1263.0,3040.0,1784.0,1784.0,353.0,353.0,6069352
ILE DE FRANCE,2021-03-24 23:00:00,2021,83,23:00:00,83.96,390.0,0.0,29.0,0.0,9.0,139.0,0.0,7872.0,0.0,0.0,2171.0,2171.0,0.0,0.0,125.0,171.0,20.0,20.0,314.0,314.0,12317279
HAUTS DE FRANCE,2018-01-17 07:30:00,2018,17,07:30:00,17.31,621.0,5514.0,2822.0,0.0,1.0,115.0,0.0,-676.0,0.0,0.0,2913.0,2542.0,5460.0,5460.0,3799.0,217.0,5.0,5.0,170.0,170.0,6004108
NORMANDIE,2021-10-26 18:00:00,2021,299,18:00:00,299.75,217.0,6764.0,176.0,8.0,9.0,93.0,0.0,-4275.0,0.0,0.0,852.0,852.0,10640.0,9472.0,878.0,300.0,31.0,31.0,147.0,147.0,3327966
BOURGOGNE FRANCHE COMTE,2013-04-03 08:00:00,2013,93,08:00:00,93.33,62.0,0.0,4.0,3.0,106.0,11.0,0.0,3188.0,0.0,0.0,301.0,301.0,0.0,0.0,204.0,228.0,480.0,480.0,24.0,24.0,2819783
OCCITANIE,2013-09-18 22:30:00,2013,261,22:30:00,261.94,-1.0,2301.0,552.0,0.0,637.0,72.0,0.0,-67.0,0.0,0.0,246.0,246.0,2620.0,2620.0,889.0,1135.0,5387.0,5387.0,126.0,126.0,5683878
HAUTS DE FRANCE,2014-02-25 16:00:00,2014,56,16:00:00,56.67,731.0,4530.0,715.0,11.0,2.0,84.0,0.0,770.0,0.0,0.0,2278.0,2278.0,5460.0,5460.0,2263.0,211.0,5.0,5.0,139.0,139.0,6006156
CENTRE VAL DE LOIRE,2015-07-03 09:00:00,2015,184,09:00:00,184.38,1.0,8416.0,64.0,35.0,10.0,45.0,0.0,-6376.0,0.0,0.0,166.0,166.0,11630.0,10926.0,832.0,237.0,91.0,91.0,71.0,71.0,2578592
NORMANDIE,2023-01-30 08:30:00,2023,30,08:30:00,30.35,423.0,5315.0,356.0,0.0,20.0,82.0,0.0,-2042.0,0.0,0.0,853.0,853.0,10640.0,9493.0,965.0,326.0,31.0,31.0,149.0,149.0,3317023
BRETAGNE,2017-09-08 17:00:00,2017,251,17:00:00,251.71,1.0,0.0,301.0,10.0,215.0,45.0,-1.0,1691.0,0.0,0.0,848.0,848.0,0.0,0.0,926.0,241.0,270.0,270.0,66.0,66.0,3318904
AUVERGNE RHONE ALPES,2017-03-31 23:30:00,2017,90,23:30:00,90.98,544.0,11257.0,192.0,0.0,3012.0,130.0,-3.0,-7900.0,0.0,0.0,985.0,985.0,13570.0,12387.0,486.0,942.0,11238.0,11050.0,178.0,178.0,7948287
NORMANDIE,2017-09-23 00:00:00,2017,266,00:00:00,266.0,768.0,5156.0,14.0,0.0,13.0,45.0,0.0,-3019.0,0.0,0.0,785.0,785.0,10640.0,9310.0,664.0,223.0,31.0,31.0,99.0,99.0,3330478
OCCITANIE,2017-05-14 03:30:00,2017,134,03:30:00,134.15,2.0,2534.0,45.0,0.0,1109.0,94.0,-935.0,27.0,0.0,0.0,282.0,282.0,2620.0,2620.0,1221.0,1713.0,5475.0,5020.0,140.0,140.0,5845102
ILE DE FRANCE,2021-07-22 06:30:00,2021,203,06:30:00,203.27,0.0,0.0,21.0,0.0,7.0,181.0,0.0,5144.0,0.0,0.0,2171.0,2171.0,0.0,0.0,148.0,174.0,20.0,20.0,314.0,314.0,12317279
GRAND EST,2015-11-27 05:00:00,2015,331,05:00:00,331.21,2271.0,12418.0,22.0,0.0,630.0,85.0,-528.0,-9142.0,0.0,0.0,3424.0,3203.0,10820.0,10820.0,2548.0,525.0,2285.0,2083.0,119.0,119.0,5559051
GRAND EST,2018-07-08 09:00:00,2018,189,09:00:00,189.38,30.0,6821.0,92.0,226.0,841.0,113.0,-180.0,-4204.0,0.0,0.0,3471.0,2962.0,10820.0,9518.0,3124.0,556.0,2300.0,1986.0,158.0,158.0,5550389
NORMANDIE,2018-01-06 18:00:00,2018,6,18:00:00,6.75,419.0,9153.0,68.0,0.0,16.0,46.0,0.0,-5798.0,0.0,0.0,813.0,233.0,10640.0,9310.0,705.0,233.0,31.0,31.0,101.0,101.0,3327477
HAUTS DE FRANCE,2015-10-09 06:00:00,2015,282,06:00:00,282.25,702.0,4214.0,24.0,0.0,1.0,100.0,0.0,231.0,0.0,0.0,2301.0,2085.0,5460.0,4940.0,2786.0,213.0,5.0,5.0,160.0,160.0,6009976
PROVENCE ALPES COTE D AZUR,2013-09-09 00:00:00,2013,252,00:00:00,252.0,222.0,0.0,9.0,0.0,1162.0,65.0,0.0,2644.0,0.0,0.0,2590.0,2252.0,0.0,0.0,45.0,722.0,3158.0,3158.0,151.0,151.0,4953675
PROVENCE ALPES COTE D AZUR,2019-11-04 02:30:00,2019,308,02:30:00,308.1,205.0,0.0,10.0,0.0,1255.0,100.0,0.0,2336.0,0.0,0.0,2678.0,2254.0,0.0,0.0,48.0,1408.0,3245.0,3121.0,357.0,207.0,5081101
AUVERGNE RHONE ALPES,2020-06-17 16:00:00,2020,169,16:00:00,169.67,419.0,7294.0,33.0,525.0,4484.0,114.0,-243.0,-5683.0,0.0,0.0,1034.0,1034.0,13570.0,12567.0,647.0,1269.0,11746.0,11551.0,192.0,192.0,8078652
PAYS DE LA LOIRE,2015-10-29 03:30:00,2015,302,03:30:00,302.15,521.0,0.0,146.0,0.0,0.0,46.0,0.0,1798.0,0.0,0.0,1867.0,1234.0,0.0,0.0,560.0,456.0,7.0,7.0,61.0,61.0,3718512
ILE DE FRANCE,2022-08-30 18:30:00,2022,242,18:30:00,242.77,129.0,0.0,4.0,47.0,6.0,139.0,0.0,6812.0,0.0,0.0,2171.0,2020.0,0.0,0.0,148.0,234.0,20.0,20.0,314.0,314.0,12354286
ILE DE FRANCE,2017-06-19 12:00:00,2017,170,12:00:00,170.5,0.0,0.0,1.0,49.0,3.0,117.0,0.0,8183.0,0.0,0.0,2149.0,1821.0,0.0,0.0,73.0,117.0,19.0,19.0,301.0,301.0,12174880
NOUVELLE AQUITAINE,2014-07-06 21:00:00,2014,187,21:00:00,187.88,25.0,4010.0,82.0,22.0,344.0,131.0,0.0,-1059.0,0.0,0.0,421.0,421.0,6630.0,6630.0,447.0,1139.0,1772.0,1772.0,220.0,220.0,5879144
OCCITANIE,2014-06-09 13:30:00,2014,160,13:30:00,160.56,-5.0,1144.0,174.0,639.0,1173.0,59.0,-72.0,486.0,0.0,0.0,251.0,251.0,2620.0,2620.0,906.0,1253.0,5409.0,5409.0,128.0,128.0,5730753
PAYS DE LA LOIRE,2020-10-13 21:00:00,2020,287,21:00:00,287.88,446.0,0.0,59.0,0.0,1.0,48.0,0.0,2677.0,0.0,0.0,2050.0,1978.0,0.0,0.0,1035.0,663.0,10.0,10.0,77.0,77.0,3832120
PAYS DE LA LOIRE,2021-10-01 14:00:00,2021,274,14:00:00,274.58,343.0,0.0,495.0,89.0,0.0,50.0,0.0,2155.0,0.0,0.0,2056.0,2056.0,0.0,0.0,1115.0,774.0,10.0,10.0,79.0,79.0,3853999
GRAND EST,2022-09-20 10:00:00,2022,263,10:00:00,263.42,1698.0,3700.0,48.0,420.0,759.0,139.0,0.0,-1794.0,0.0,0.0,3590.0,3163.0,10820.0,9955.0,4348.0,1097.0,2308.0,1985.0,235.0,235.0,5563889
GRAND EST,2021-04-23 11:00:00,2021,113,11:00:00,113.46,1237.0,5658.0,529.0,413.0,561.0,138.0,0.0,-3132.0,0.0,0.0,3585.0,3172.0,10820.0,9940.0,3900.0,884.0,2305.0,2103.0,207.0,207.0,5561287
NORMANDIE,2021-02-20 11:00:00,2021,51,11:00:00,51.46,649.0,7057.0,680.0,59.0,13.0,97.0,0.0,-5235.0,0.0,0.0,852.0,852.0,10640.0,9797.0,831.0,278.0,31.0,31.0,146.0,146.0,3327966
AUVERGNE RHONE ALPES,2018-12-27 14:30:00,2018,361,14:30:00,361.6,190.0,11932.0,1.0,195.0,4699.0,140.0,-6.0,-7931.0,0.0,0.0,1025.0,624.0,13570.0,12752.0,607.0,1123.0,11271.0,11087.0,189.0,189.0,7994459
NOUVELLE AQUITAINE,2015-03-12 20:00:00,2015,71,20:00:00,71.83,133.0,4626.0,66.0,0.0,995.0,164.0,0.0,-230.0,0.0,0.0,427.0,427.0,6630.0,5720.0,479.0,1438.0,1774.0,1774.0,234.0,234.0,5911482
OCCITANIE,2014-03-28 07:00:00,2014,87,07:00:00,87.29,60.0,2558.0,190.0,6.0,2507.0,95.0,0.0,-398.0,0.0,0.0,251.0,251.0,2620.0,2620.0,897.0,1219.0,5399.0,5399.0,127.0,127.0,5730753
BRETAGNE,2018-01-31 05:30:00,2018,31,05:30:00,31.23,232.0,0.0,546.0,0.0,54.0,45.0,-1.0,1771.0,0.0,0.0,904.0,904.0,0.0,0.0,951.0,250.0,270.0,270.0,68.0,68.0,3335414
AUVERGNE RHONE ALPES,2017-02-10 19:00:00,2017,41,19:00:00,41.79,702.0,11728.0,90.0,0.0,5888.0,124.0,-11.0,-8075.0,0.0,0.0,984.0,984.0,13570.0,12667.0,482.0,938.0,11238.0,11048.0,177.0,177.0,7948287
BRETAGNE,2021-06-11 11:00:00,2021,162,11:00:00,162.46,1.0,0.0,8.0,115.0,0.0,54.0,-18.0,2352.0,0.0,0.0,982.0,982.0,0.0,0.0,1093.0,324.0,272.0,272.0,81.0,81.0,3394567
PROVENCE ALPES COTE D AZUR,2020-12-06 08:30:00,2020,341,08:30:00,341.35,1399.0,0.0,1.0,24.0,700.0,110.0,-51.0,3323.0,0.0,0.0,2714.0,2317.0,0.0,0.0,96.0,1540.0,3262.0,3231.0,357.0,357.0,5098666
BRETAGNE,2016-09-10 12:30:00,2016,254,12:30:00,254.52,1.0,0.0,477.0,50.0,5.0,32.0,-1.0,1540.0,0.0,0.0,773.0,688.0,0.0,0.0,877.0,230.0,275.0,275.0,57.0,57.0,3306529
PAYS DE LA LOIRE,2020-11-24 10:00:00,2020,329,10:00:00,329.42,536.0,0.0,209.0,80.0,1.0,54.0,0.0,3565.0,0.0,0.0,2054.0,2054.0,0.0,0.0,1046.0,677.0,10.0,10.0,77.0,77.0,3832120
AUVERGNE RHONE ALPES,2014-03-17 23:00:00,2014,76,23:00:00,76.96,179.0,11404.0,16.0,0.0,4323.0,109.0,-3.0,-8400.0,0.0,0.0,938.0,938.0,13570.0,13570.0,347.0,794.0,11136.0,11136.0,140.0,140.0,7820966
NORMANDIE,2020-08-03 00:30:00,2020,216,00:30:00,216.02,160.0,3696.0,34.0,0.0,9.0,53.0,0.0,-1721.0,0.0,0.0,838.0,258.0,10640.0,9310.0,819.0,266.0,31.0,31.0,112.0,112.0,3325522
PAYS DE LA LOIRE,2013-03-04 04:00:00,2013,63,04:00:00,63.17,649.0,0.0,181.0,0.0,2.0,34.0,0.0,2883.0,0.0,0.0,1837.0,1837.0,0.0,0.0,466.0,388.0,5.0,5.0,57.0,57.0,3660852
PAYS DE LA LOIRE,2013-06-06 02:30:00,2013,157,02:30:00,157.1,-16.0,0.0,129.0,0.0,1.0,31.0,0.0,2187.0,0.0,0.0,1837.0,1837.0,0.0,0.0,473.0,391.0,5.0,5.0,57.0,57.0,3660852
AUVERGNE RHONE ALPES,2014-01-14 04:30:00,2014,14,04:30:00,14.19,185.0,12658.0,60.0,0.0,2796.0,115.0,-2085.0,-5476.0,0.0,0.0,930.0,930.0,13570.0,13570.0,347.0,762.0,11132.0,11132.0,125.0,125.0,7820966
AUVERGNE RHONE ALPES,2018-02-16 23:00:00,2018,47,23:00:00,47.96,661.0,11288.0,96.0,0.0,4112.0,145.0,-10.0,-7048.0,0.0,0.0,1000.0,1000.0,13570.0,12505.0,548.0,1023.0,11254.0,10989.0,179.0,179.0,7994459
OCCITANIE,2019-04-17 08:00:00,2019,107,08:00:00,107.33,0.0,2582.0,624.0,83.0,1876.0,65.0,-32.0,-483.0,0.0,0.0,307.0,307.0,2620.0,2620.0,1536.0,2027.0,5488.0,5066.0,146.0,146.0,5933185
PAYS DE LA LOIRE,2013-04-15 19:00:00,2013,105,19:00:00,105.79,346.0,0.0,37.0,44.0,4.0,32.0,0.0,2484.0,0.0,0.0,1837.0,1262.0,0.0,0.0,466.0,389.0,5.0,5.0,57.0,57.0,3660852
PROVENCE ALPES COTE D AZUR,2014-02-05 06:00:00,2014,36,06:00:00,36.25,308.0,0.0,40.0,0.0,1099.0,45.0,0.0,4186.0,0.0,0.0,2592.0,2318.0,0.0,0.0,45.0,784.0,3160.0,3160.0,164.0,164.0,4983438
BRETAGNE,2015-04-05 05:00:00,2015,95,05:00:00,95.21,0.0,0.0,191.0,0.0,133.0,37.0,-1.0,1996.0,0.0,0.0,724.0,639.0,0.0,0.0,801.0,220.0,272.0,272.0,55.0,55.0,3293850
OCCITANIE,2022-02-24 23:30:00,2022,55,23:30:00,55.98,87.0,2304.0,732.0,1.0,1364.0,99.0,0.0,140.0,0.0,0.0,326.0,326.0,2620.0,1677.0,1593.0,2818.0,5502.0,5467.0,174.0,174.0,6067101
NORMANDIE,2022-03-27 03:00:00,2022,86,03:00:00,86.12,225.0,4717.0,263.0,0.0,15.0,96.0,0.0,-2464.0,0.0,0.0,852.0,852.0,10640.0,9387.0,920.0,309.0,31.0,31.0,148.0,148.0,3327604
NOUVELLE AQUITAINE,2020-05-27 05:00:00,2020,148,05:00:00,148.21,10.0,2511.0,464.0,0.0,259.0,183.0,0.0,-500.0,0.0,0.0,571.0,571.0,6630.0,5573.0,1100.0,2670.0,1783.0,1678.0,341.0,341.0,6033952
ILE DE FRANCE,2015-07-19 20:30:00,2015,200,20:30:00,200.85,-2.0,0.0,4.0,2.0,5.0,100.0,0.0,6143.0,0.0,0.0,2144.0,1720.0,0.0,0.0,37.0,113.0,19.0,19.0,300.0,300.0,12082144
CENTRE VAL DE LOIRE,2017-09-04 06:30:00,2017,247,06:30:00,247.27,0.0,6228.0,57.0,0.0,1.0,64.0,0.0,-4798.0,0.0,0.0,198.0,198.0,11630.0,10685.0,963.0,274.0,91.0,91.0,76.0,76.0,2576252
HAUTS DE FRANCE,2017-07-12 02:00:00,2017,193,02:00:00,193.08,1231.0,2635.0,1057.0,0.0,1.0,120.0,0.0,-263.0,0.0,0.0,2910.0,2679.0,5460.0,4550.0,3512.0,215.0,5.0,5.0,165.0,165.0,6003815
CENTRE VAL DE LOIRE,2018-06-01 11:30:00,2018,152,11:30:00,152.48,0.0,9348.0,66.0,61.0,46.0,59.0,0.0,-7585.0,0.0,0.0,216.0,216.0,11630.0,10824.0,1014.0,288.0,91.0,91.0,76.0,76.0,2572853
AUVERGNE RHONE ALPES,2013-05-11 15:00:00,2013,131,15:00:00,131.62,25.0,9287.0,124.0,192.0,4097.0,73.0,-985.0,-6800.0,0.0,0.0,919.0,919.0,13570.0,13570.0,335.0,714.0,11116.0,11116.0,106.0,106.0,7757595
AUVERGNE RHONE ALPES,2017-08-19 22:30:00,2017,231,22:30:00,231.94,25.0,8830.0,147.0,0.0,2471.0,104.0,-28.0,-5910.0,0.0,0.0,985.0,985.0,13570.0,12591.0,486.0,961.0,11246.0,11042.0,178.0,178.0,7948287
GRAND EST,2020-09-01 15:30:00,2020,245,15:30:00,245.65,915.0,4256.0,378.0,214.0,1096.0,128.0,0.0,-2231.0,0.0,0.0,3585.0,3172.0,10820.0,9613.0,3739.0,632.0,2305.0,1901.0,185.0,185.0,5562651
BRETAGNE,2015-04-10 06:30:00,2015,100,06:30:00,100.27,0.0,0.0,87.0,0.0,186.0,25.0,-1.0,1981.0,0.0,0.0,724.0,639.0,0.0,0.0,801.0,220.0,272.0,272.0,55.0,55.0,3293850
NOUVELLE AQUITAINE,2015-02-05 06:00:00,2015,36,06:00:00,36.25,153.0,5655.0,248.0,0.0,618.0,173.0,0.0,598.0,0.0,0.0,427.0,427.0,6630.0,6115.0,469.0,1386.0,1774.0,1774.0,234.0,234.0,5911482
BRETAGNE,2017-04-15 22:00:00,2017,105,22:00:00,105.92,1.0,0.0,52.0,0.0,3.0,40.0,-1.0,2243.0,0.0,0.0,848.0,848.0,0.0,0.0,887.0,234.0,275.0,275.0,61.0,61.0,3318904
ILE DE FRANCE,2022-02-07 21:30:00,2022,38,21:30:00,38.9,518.0,0.0,19.0,0.0,10.0,116.0,0.0,9712.0,0.0,0.0,2171.0,2171.0,0.0,0.0,148.0,207.0,20.0,20.0,314.0,314.0,12354286
PROVENCE ALPES COTE D AZUR,2015-10-19 08:00:00,2015,292,08:00:00,292.33,1667.0,0.0,10.0,0.0,1637.0,77.0,0.0,1191.0,0.0,0.0,2610.0,2080.0,0.0,0.0,48.0,963.0,3171.0,3171.0,183.0,183.0,5007977
CENTRE VAL DE LOIRE,2014-05-26 16:00:00,2014,146,16:00:00,146.67,1.0,6965.0,50.0,62.0,6.0,43.0,0.0,-5179.0,0.0,0.0,162.0,162.0,11630.0,10890.0,749.0,216.0,91.0,91.0,56.0,56.0,2577435
NORMANDIE,2022-07-29 15:00:00,2022,210,15:00:00,210.62,190.0,3702.0,45.0,126.0,8.0,85.0,0.0,-1534.0,0.0,0.0,852.0,852.0,10640.0,9310.0,933.0,314.0,31.0,31.0,149.0,149.0,3327604
GRAND EST,2022-01-31 12:30:00,2022,31,12:30:00,31.52,2436.0,7465.0,3467.0,151.0,818.0,160.0,0.0,-7285.0,0.0,0.0,3590.0,3590.0,10820.0,10078.0,4189.0,971.0,2306.0,2104.0,212.0,212.0,5563889
NORMANDIE,2016-05-05 21:30:00,2016,126,21:30:00,126.9,229.0,5087.0,134.0,0.0,16.0,52.0,0.0,-2793.0,0.0,0.0,773.0,773.0,10640.0,9484.0,563.0,218.0,31.0,31.0,95.0,95.0,3335929
PROVENCE ALPES COTE D AZUR,2017-09-16 10:30:00,2017,259,10:30:00,259.44,804.0,0.0,7.0,576.0,773.0,100.0,0.0,1800.0,0.0,0.0,2630.0,2324.0,0.0,0.0,48.0,1163.0,3221.0,3097.0,354.0,354.0,5030890
PROVENCE ALPES COTE D AZUR,2014-02-25 10:30:00,2014,56,10:30:00,56.44,260.0,0.0,21.0,161.0,1853.0,49.0,0.0,3569.0,0.0,0.0,2592.0,2318.0,0.0,0.0,45.0,794.0,3160.0,3160.0,164.0,164.0,4983438
HAUTS DE FRANCE,2020-03-31 05:30:00,2020,91,05:30:00,91.23,1236.0,3285.0,1172.0,0.0,3.0,136.0,0.0,-632.0,0.0,0.0,2970.0,2970.0,5460.0,4662.0,5037.0,242.0,5.0,5.0,181.0,181.0,5997734
PAYS DE LA LOIRE,2019-08-27 20:00:00,2019,239,20:00:00,239.83,985.0,0.0,102.0,25.0,0.0,45.0,0.0,1664.0,0.0,0.0,2037.0,1928.0,0.0,0.0,926.0,595.0,10.0,10.0,71.0,71.0,3806461
NOUVELLE AQUITAINE,2021-09-24 08:00:00,2021,267,08:00:00,267.33,60.0,4254.0,43.0,5.0,707.0,178.0,0.0,-822.0,0.0,0.0,578.0,578.0,6630.0,5135.0,1336.0,3271.0,1784.0,1784.0,354.0,354.0,6069352
HAUTS DE FRANCE,2020-11-22 10:00:00,2020,327,10:00:00,327.42,1896.0,4461.0,871.0,7.0,1.0,124.0,0.0,-1843.0,0.0,0.0,2984.0,2984.0,5460.0,4590.0,5303.0,272.0,5.0,5.0,181.0,181.0,5997734
BRETAGNE,2021-02-15 10:00:00,2021,46,10:00:00,46.42,237.0,0.0,369.0,13.0,23.0,50.0,-24.0,3364.0,0.0,0.0,982.0,982.0,0.0,0.0,1052.0,299.0,272.0,272.0,81.0,81.0,3394567
NORMANDIE,2013-01-16 19:30:00,2013,16,19:30:00,16.81,575.0,10319.0,23.0,0.0,24.0,54.0,0.0,-5657.0,0.0,0.0,761.0,761.0,10640.0,10640.0,423.0,206.0,22.0,22.0,88.0,88.0,3328364
BRETAGNE,2016-09-15 11:30:00,2016,259,11:30:00,259.48,1.0,0.0,6.0,41.0,168.0,33.0,-1.0,2279.0,0.0,0.0,773.0,688.0,0.0,0.0,877.0,230.0,275.0,275.0,57.0,57.0,3306529
OCCITANIE,2020-11-23 11:00:00,2020,328,11:00:00,328.46,65.0,1278.0,64.0,898.0,1734.0,86.0,0.0,1420.0,0.0,0.0,318.0,318.0,2620.0,1310.0,1593.0,2339.0,5498.0,5268.0,172.0,172.0,5973969
ILE DE FRANCE,2022-08-02 12:00:00,2022,214,12:00:00,214.5,131.0,0.0,1.0,126.0,4.0,135.0,0.0,6436.0,0.0,0.0,2171.0,2022.0,0.0,0.0,148.0,227.0,20.0,20.0,314.0,314.0,12354286
HAUTS DE FRANCE,2017-02-08 21:00:00,2017,39,21:00:00,39.88,1989.0,3525.0,395.0,0.0,2.0,119.0,0.0,1526.0,0.0,0.0,2900.0,2900.0,5460.0,4550.0,3330.0,214.0,5.0,5.0,164.0,164.0,6003815
PROVENCE ALPES COTE D AZUR,2017-05-22 14:30:00,2017,142,14:30:00,142.6,102.0,0.0,0.0,528.0,1670.0,101.0,0.0,2068.0,0.0,0.0,2630.0,2251.0,0.0,0.0,48.0,1107.0,3193.0,3193.0,354.0,354.0,5030890
GRAND EST,2019-08-27 18:00:00,2019,239,18:00:00,239.75,1449.0,8145.0,85.0,192.0,1197.0,121.0,0.0,-6327.0,0.0,0.0,3531.0,3531.0,10820.0,9609.0,3445.0,591.0,2303.0,2032.0,172.0,172.0,5556219
GRAND EST,2019-02-15 22:00:00,2019,46,22:00:00,46.92,1581.0,10118.0,712.0,0.0,754.0,116.0,0.0,-7351.0,0.0,0.0,3531.0,3531.0,10820.0,9819.0,3355.0,563.0,2302.0,1984.0,164.0,164.0,5556219
GRAND EST,2020-10-13 11:30:00,2020,287,11:30:00,287.48,1768.0,9337.0,667.0,160.0,910.0,111.0,0.0,-6825.0,0.0,0.0,3585.0,3172.0,10820.0,9653.0,3806.0,663.0,2305.0,1968.0,190.0,190.0,5562651
NOUVELLE AQUITAINE,2017-11-18 03:00:00,2017,322,03:00:00,322.12,218.0,6649.0,131.0,-1.0,156.0,197.0,0.0,-2000.0,0.0,0.0,473.0,473.0,6630.0,6630.0,875.0,2127.0,1780.0,1780.0,307.0,307.0,5956978
GRAND EST,2022-09-14 06:00:00,2022,257,06:00:00,257.25,1230.0,3702.0,227.0,0.0,476.0,137.0,-334.0,-1826.0,0.0,0.0,3590.0,3590.0,10820.0,9877.0,4315.0,1096.0,2308.0,1985.0,235.0,235.0,5563889
ILE DE FRANCE,2022-12-29 06:00:00,2022,363,06:00:00,363.25,280.0,0.0,119.0,0.0,9.0,100.0,0.0,6374.0,0.0,0.0,2171.0,2036.0,0.0,0.0,148.0,257.0,20.0,20.0,320.0,320.0,12354286
NORMANDIE,2017-05-19 13:00:00,2017,139,13:00:00,139.54,329.0,4746.0,91.0,48.0,15.0,44.0,0.0,-2146.0,0.0,0.0,785.0,205.0,10640.0,9310.0,622.0,222.0,31.0,31.0,98.0,98.0,3330478
NOUVELLE AQUITAINE,2016-04-14 06:00:00,2016,105,06:00:00,105.25,83.0,4305.0,94.0,-1.0,538.0,171.0,0.0,-661.0,0.0,0.0,429.0,429.0,6630.0,5525.0,559.0,1846.0,1778.0,1672.0,279.0,279.0,5935603
OCCITANIE,2019-03-14 16:00:00,2019,73,16:00:00,73.67,87.0,1261.0,1240.0,501.0,1500.0,92.0,-1.0,288.0,0.0,0.0,307.0,307.0,2620.0,1310.0,1499.0,2010.0,5487.0,5310.0,146.0,146.0,5933185
BOURGOGNE FRANCHE COMTE,2022-05-27 22:00:00,2022,147,22:00:00,147.92,18.0,0.0,33.0,0.0,57.0,56.0,0.0,1646.0,0.0,0.0,401.0,401.0,0.0,0.0,1049.0,532.0,524.0,524.0,75.0,75.0,2797366
CENTRE VAL DE LOIRE,2019-11-20 18:30:00,2019,324,18:30:00,324.77,90.0,6291.0,322.0,0.0,40.0,64.0,0.0,-3700.0,0.0,0.0,229.0,229.0,11630.0,10854.0,1223.0,346.0,91.0,91.0,86.0,86.0,2573180
BRETAGNE,2014-04-16 19:30:00,2014,106,19:30:00,106.81,0.0,0.0,27.0,24.0,7.0,30.0,-1.0,2399.0,0.0,0.0,688.0,688.0,0.0,0.0,747.0,210.0,251.0,251.0,51.0,51.0,3276543
OCCITANIE,2014-04-09 12:00:00,2014,99,12:00:00,99.5,-3.0,2394.0,216.0,676.0,1684.0,66.0,0.0,-910.0,0.0,0.0,251.0,251.0,2620.0,2620.0,897.0,1220.0,5400.0,5400.0,127.0,127.0,5730753
BRETAGNE,2022-04-01 07:30:00,2022,91,07:30:00,91.31,789.0,0.0,469.0,0.0,50.0,48.0,-1.0,2294.0,0.0,0.0,1432.0,1322.0,0.0,0.0,1158.0,363.0,272.0,272.0,82.0,82.0,3414637
GRAND EST,2017-12-18 06:00:00,2017,352,06:00:00,352.25,1972.0,11200.0,1158.0,0.0,1154.0,121.0,-339.0,-9131.0,0.0,0.0,3471.0,2876.0,10820.0,9908.0,3053.0,551.0,2299.0,1995.0,145.0,145.0,5549586
HAUTS DE FRANCE,2020-01-23 17:30:00,2020,23,17:30:00,23.73,2078.0,4329.0,414.0,0.0,3.0,127.0,0.0,850.0,0.0,0.0,2970.0,2970.0,5460.0,4685.0,4938.0,240.0,5.0,5.0,180.0,180.0,5997734
HAUTS DE FRANCE,2014-10-24 04:30:00,2014,297,04:30:00,297.19,476.0,4431.0,403.0,0.0,1.0,63.0,0.0,-346.0,0.0,0.0,2301.0,2301.0,5460.0,5460.0,2476.0,212.0,5.0,5.0,142.0,142.0,6006156
PAYS DE LA LOIRE,2013-12-25 07:00:00,2013,359,07:00:00,359.29,119.0,0.0,170.0,0.0,1.0,40.0,0.0,2447.0,0.0,0.0,1860.0,1860.0,0.0,0.0,518.0,400.0,6.0,6.0,58.0,58.0,3660852
NOUVELLE AQUITAINE,2015-09-18 01:00:00,2015,261,01:00:00,261.04,21.0,4653.0,122.0,0.0,247.0,167.0,0.0,-1354.0,0.0,0.0,427.0,427.0,6630.0,5995.0,534.0,1537.0,1777.0,1671.0,239.0,239.0,5911482
GRAND EST,2022-10-02 20:30:00,2022,275,20:30:00,275.85,1663.0,1735.0,420.0,0.0,1040.0,143.0,0.0,-494.0,0.0,0.0,3590.0,3590.0,10820.0,9650.0,4364.0,1099.0,2308.0,2106.0,235.0,235.0,5563889
PAYS DE LA LOIRE,2014-12-22 04:30:00,2014,356,04:30:00,356.19,124.0,0.0,119.0,0.0,5.0,50.0,0.0,2487.0,0.0,0.0,1864.0,1864.0,0.0,0.0,537.0,437.0,7.0,7.0,58.0,58.0,3690833
ILE DE FRANCE,2018-11-22 01:30:00,2018,326,01:30:00,326.06,454.0,0.0,1.0,0.0,6.0,160.0,0.0,8900.0,0.0,0.0,2169.0,2169.0,0.0,0.0,88.0,124.0,20.0,20.0,306.0,306.0,12213447
PAYS DE LA LOIRE,2014-09-30 17:00:00,2014,273,17:00:00,273.71,520.0,0.0,11.0,104.0,0.0,42.0,0.0,2104.0,0.0,0.0,1864.0,1429.0,0.0,0.0,518.0,428.0,7.0,7.0,58.0,58.0,3690833
OCCITANIE,2021-02-01 12:00:00,2021,32,12:00:00,32.5,89.0,2547.0,1194.0,406.0,2678.0,75.0,-17.0,-1331.0,0.0,0.0,318.0,318.0,2620.0,2620.0,1593.0,2400.0,5498.0,5264.0,172.0,172.0,6022176
PROVENCE ALPES COTE D AZUR,2022-10-13 15:30:00,2022,286,15:30:00,286.65,1358.0,0.0,9.0,564.0,346.0,58.0,0.0,1692.0,0.0,0.0,2724.0,2393.0,0.0,0.0,96.0,1914.0,3267.0,3226.0,357.0,357.0,5150362
GRAND EST,2022-05-08 15:00:00,2022,128,15:00:00,128.62,74.0,4892.0,749.0,478.0,606.0,160.0,-168.0,-2976.0,0.0,0.0,3590.0,3163.0,10820.0,9709.0,4263.0,1010.0,2306.0,1983.0,235.0,235.0,5563889
PAYS DE LA LOIRE,2017-10-17 21:30:00,2017,290,21:30:00,290.9,1530.0,0.0,106.0,0.0,0.0,41.0,0.0,975.0,0.0,0.0,1937.0,1389.0,0.0,0.0,735.0,507.0,8.0,8.0,66.0,66.0,3757600
NORMANDIE,2015-07-15 03:00:00,2015,196,03:00:00,196.12,227.0,7334.0,15.0,0.0,12.0,50.0,0.0,-5419.0,0.0,0.0,761.0,181.0,10640.0,9310.0,522.0,215.0,24.0,24.0,94.0,94.0,3339131
PAYS DE LA LOIRE,2018-06-18 06:00:00,2018,169,06:00:00,169.25,4.0,0.0,67.0,0.0,4.0,43.0,0.0,2018.0,0.0,0.0,1968.0,1761.0,0.0,0.0,804.0,545.0,8.0,8.0,69.0,69.0,3781423
GRAND EST,2020-08-19 04:30:00,2020,232,04:30:00,232.19,600.0,7157.0,216.0,0.0,679.0,130.0,0.0,-5392.0,0.0,0.0,3585.0,3126.0,10820.0,9791.0,3724.0,631.0,2305.0,1901.0,185.0,185.0,5562651
NOUVELLE AQUITAINE,2020-11-11 12:30:00,2020,316,12:30:00,316.52,181.0,4853.0,84.0,1488.0,501.0,161.0,0.0,-2400.0,0.0,0.0,576.0,576.0,6630.0,5501.0,1183.0,2770.0,1783.0,1678.0,347.0,347.0,6033952
PAYS DE LA LOIRE,2021-08-30 23:00:00,2021,242,23:00:00,242.96,0.0,0.0,299.0,0.0,0.0,51.0,0.0,2571.0,0.0,0.0,2056.0,2056.0,0.0,0.0,1115.0,767.0,10.0,10.0,79.0,79.0,3853999
HAUTS DE FRANCE,2014-12-13 15:00:00,2014,347,15:00:00,347.62,554.0,4315.0,36.0,4.0,2.0,116.0,0.0,1643.0,0.0,0.0,2301.0,2051.0,5460.0,4550.0,2595.0,212.0,5.0,5.0,155.0,155.0,6006156
NORMANDIE,2022-07-07 23:30:00,2022,188,23:30:00,188.98,231.0,3663.0,37.0,0.0,9.0,54.0,0.0,-1267.0,0.0,0.0,852.0,852.0,10640.0,9310.0,933.0,314.0,31.0,31.0,149.0,149.0,3327604
NORMANDIE,2018-05-14 06:30:00,2018,134,06:30:00,134.27,589.0,4618.0,245.0,0.0,16.0,48.0,0.0,-2932.0,0.0,0.0,813.0,491.0,10640.0,9382.0,712.0,234.0,31.0,31.0,103.0,103.0,3327477
HAUTS DE FRANCE,2013-05-01 23:30:00,2013,121,23:30:00,121.98,370.0,3596.0,463.0,0.0,1.0,61.0,0.0,689.0,0.0,0.0,2268.0,2268.0,5460.0,5460.0,2114.0,210.0,5.0,5.0,139.0,139.0,5987883
BRETAGNE,2017-12-17 05:00:00,2017,351,05:00:00,351.21,229.0,0.0,148.0,0.0,12.0,50.0,-1.0,2187.0,0.0,0.0,897.0,897.0,0.0,0.0,942.0,249.0,270.0,270.0,67.0,67.0,3318904
PAYS DE LA LOIRE,2019-12-29 02:00:00,2019,363,02:00:00,363.08,161.0,0.0,191.0,0.0,4.0,53.0,0.0,3096.0,0.0,0.0,2050.0,1857.0,0.0,0.0,977.0,615.0,10.0,10.0,76.0,76.0,3806461
PAYS DE LA LOIRE,2015-07-18 17:30:00,2015,199,17:30:00,199.73,19.0,0.0,18.0,123.0,0.0,31.0,0.0,2109.0,0.0,0.0,1867.0,1274.0,0.0,0.0,560.0,454.0,7.0,7.0,61.0,61.0,3718512
CENTRE VAL DE LOIRE,2019-11-29 05:00:00,2019,333,05:00:00,333.21,79.0,7170.0,412.0,0.0,7.0,63.0,0.0,-5719.0,0.0,0.0,229.0,229.0,11630.0,10748.0,1223.0,347.0,91.0,91.0,86.0,86.0,2573180
ILE DE FRANCE,2016-04-11 01:00:00,2016,102,01:00:00,102.04,-5.0,0.0,10.0,0.0,2.0,111.0,0.0,7079.0,0.0,0.0,2149.0,1967.0,0.0,0.0,61.0,114.0,19.0,19.0,300.0,300.0,12117132
OCCITANIE,2017-11-14 21:00:00,2017,318,21:00:00,318.88,60.0,2606.0,596.0,0.0,1366.0,95.0,0.0,889.0,0.0,0.0,282.0,282.0,2620.0,2620.0,1273.0,1770.0,5477.0,5222.0,142.0,142.0,5845102
ILE DE FRANCE,2014-01-21 16:30:00,2014,21,16:30:00,21.69,1258.0,0.0,2.0,1.0,2.0,159.0,0.0,10791.0,0.0,0.0,2122.0,2122.0,0.0,0.0,37.0,110.0,19.0,19.0,282.0,282.0,12027565
ILE DE FRANCE,2013-08-05 23:30:00,2013,217,23:30:00,217.98,149.0,0.0,7.0,0.0,8.0,118.0,0.0,6174.0,0.0,0.0,2121.0,2121.0,0.0,0.0,37.0,109.0,19.0,19.0,282.0,282.0,11959807
PROVENCE ALPES COTE D AZUR,2014-08-01 13:30:00,2014,213,13:30:00,213.56,621.0,0.0,1.0,548.0,1517.0,70.0,0.0,2304.0,0.0,0.0,2592.0,2268.0,0.0,0.0,45.0,872.0,3165.0,3165.0,170.0,170.0,4983438
CENTRE VAL DE LOIRE,2023-01-01 02:00:00,2023,1,02:00:00,1.08,74.0,5510.0,799.0,0.0,2.0,56.0,0.0,-4515.0,0.0,0.0,229.0,229.0,11630.0,10809.0,1599.0,807.0,93.0,93.0,91.0,91.0,2572278
BOURGOGNE FRANCHE COMTE,2023-01-05 00:30:00,2023,5,00:30:00,5.02,161.0,0.0,696.0,0.0,94.0,51.0,-4.0,1389.0,0.0,0.0,401.0,401.0,0.0,0.0,1067.0,643.0,524.0,524.0,76.0,76.0,2786296
AUVERGNE RHONE ALPES,2022-03-21 12:00:00,2022,80,12:00:00,80.5,316.0,9807.0,265.0,783.0,1322.0,129.0,-820.0,-3287.0,0.0,0.0,1048.0,1048.0,13570.0,12658.0,723.0,1661.0,11780.0,11637.0,208.0,208.0,8155762
CENTRE VAL DE LOIRE,2019-09-05 23:00:00,2019,248,23:00:00,248.96,14.0,8383.0,302.0,0.0,0.0,63.0,0.0,-6653.0,0.0,0.0,229.0,229.0,11630.0,10611.0,1177.0,326.0,91.0,91.0,86.0,86.0,2573180
GRAND EST,2015-06-04 02:00:00,2015,155,02:00:00,155.08,32.0,8509.0,559.0,0.0,1044.0,61.0,-535.0,-5250.0,0.0,0.0,3420.0,3132.0,10820.0,9892.0,2386.0,524.0,2284.0,2284.0,115.0,115.0,5559051
GRAND EST,2020-12-14 10:00:00,2020,349,10:00:00,349.42,1427.0,7767.0,1536.0,86.0,798.0,129.0,-6.0,-5322.0,0.0,0.0,3585.0,3172.0,10820.0,9628.0,3849.0,674.0,2305.0,1976.0,192.0,192.0,5562651
GRAND EST,2019-08-25 12:30:00,2019,237,12:30:00,237.52,375.0,6375.0,26.0,532.0,1100.0,119.0,0.0,-4401.0,0.0,0.0,3531.0,3104.0,10820.0,9580.0,3445.0,591.0,2303.0,2032.0,172.0,172.0,5556219
OCCITANIE,2016-04-17 12:30:00,2016,108,12:30:00,108.52,-2.0,2381.0,187.0,458.0,1373.0,84.0,-1.0,-783.0,0.0,0.0,266.0,266.0,2620.0,2443.0,1098.0,1558.0,5462.0,4894.0,137.0,137.0,5808435
CENTRE VAL DE LOIRE,2015-07-29 15:30:00,2015,210,15:30:00,210.65,1.0,7509.0,94.0,127.0,0.0,55.0,0.0,-5912.0,0.0,0.0,166.0,166.0,11630.0,10730.0,832.0,238.0,91.0,91.0,71.0,71.0,2578592
OCCITANIE,2022-11-02 15:00:00,2022,306,15:00:00,306.62,47.0,1260.0,16.0,1232.0,250.0,103.0,-417.0,1264.0,0.0,0.0,326.0,326.0,2620.0,1310.0,1621.0,3077.0,5505.0,5402.0,175.0,175.0,6067101
PAYS DE LA LOIRE,2020-06-06 01:30:00,2020,158,01:30:00,158.06,0.0,0.0,286.0,0.0,1.0,60.0,0.0,1854.0,0.0,0.0,2050.0,1731.0,0.0,0.0,989.0,639.0,10.0,10.0,77.0,77.0,3832120
BRETAGNE,2022-11-18 03:30:00,2022,322,03:30:00,322.15,93.0,0.0,388.0,0.0,2.0,44.0,-37.0,1723.0,0.0,0.0,1432.0,1432.0,0.0,0.0,1226.0,408.0,272.0,272.0,83.0,83.0,3414637
PROVENCE ALPES COTE D AZUR,2019-07-23 18:30:00,2019,204,18:30:00,204.77,1448.0,0.0,2.0,350.0,1071.0,96.0,0.0,2234.0,0.0,0.0,2674.0,2310.0,0.0,0.0,48.0,1384.0,3242.0,3096.0,357.0,357.0,5081101
NOUVELLE AQUITAINE,2014-03-22 19:30:00,2014,81,19:30:00,81.81,101.0,5737.0,104.0,0.0,929.0,121.0,0.0,-1570.0,0.0,0.0,421.0,421.0,6630.0,6630.0,408.0,1061.0,1761.0,1761.0,220.0,220.0,5879144
PROVENCE ALPES COTE D AZUR,2017-05-24 00:30:00,2017,144,00:30:00,144.02,84.0,0.0,14.0,0.0,1650.0,109.0,0.0,2122.0,0.0,0.0,2630.0,2251.0,0.0,0.0,48.0,1107.0,3193.0,3193.0,354.0,354.0,5030890
AUVERGNE RHONE ALPES,2019-01-19 12:30:00,2019,19,12:30:00,19.52,678.0,12006.0,49.0,415.0,2967.0,148.0,-4.0,-6142.0,0.0,0.0,1025.0,1025.0,13570.0,12947.0,607.0,1124.0,11274.0,11122.0,189.0,189.0,8042936
OCCITANIE,2017-06-21 16:00:00,2017,172,16:00:00,172.67,3.0,2407.0,43.0,885.0,1468.0,70.0,-28.0,-2.0,0.0,0.0,282.0,282.0,2620.0,1910.0,1237.0,1724.0,5475.0,5150.0,140.0,140.0,5845102
CENTRE VAL DE LOIRE,2013-10-27 04:00:00,2013,300,04:00:00,300.17,9.0,5094.0,584.0,0.0,1.0,38.0,0.0,-4405.0,0.0,0.0,162.0,162.0,11630.0,11630.0,739.0,213.0,91.0,91.0,56.0,56.0,2570548
PROVENCE ALPES COTE D AZUR,2018-08-12 00:00:00,2018,224,00:00:00,224.0,51.0,0.0,6.0,0.0,588.0,96.0,0.0,3632.0,0.0,0.0,2666.0,2267.0,0.0,0.0,48.0,1294.0,3233.0,3086.0,357.0,207.0,5052832
OCCITANIE,2013-05-05 03:30:00,2013,125,03:30:00,125.15,-2.0,1841.0,239.0,0.0,1503.0,71.0,-955.0,114.0,0.0,0.0,245.0,245.0,2620.0,2620.0,861.0,1054.0,5379.0,5379.0,126.0,126.0,5683878
AUVERGNE RHONE ALPES,2015-03-14 01:30:00,2015,73,01:30:00,73.06,187.0,10780.0,47.0,0.0,2287.0,97.0,-4.0,-5373.0,0.0,0.0,944.0,944.0,13570.0,12690.0,372.0,861.0,11180.0,10783.0,141.0,141.0,7877698
OCCITANIE,2017-06-23 12:00:00,2017,174,12:00:00,174.5,8.0,2445.0,164.0,662.0,787.0,75.0,-12.0,581.0,0.0,0.0,282.0,282.0,2620.0,1910.0,1237.0,1725.0,5475.0,5134.0,140.0,140.0,5845102
NORMANDIE,2018-06-08 15:00:00,2018,159,15:00:00,159.62,658.0,6305.0,21.0,75.0,20.0,54.0,0.0,-4323.0,0.0,0.0,813.0,233.0,10640.0,9474.0,712.0,240.0,31.0,31.0,103.0,103.0,3327477
NORMANDIE,2020-03-13 10:00:00,2020,73,10:00:00,73.42,421.0,5142.0,221.0,64.0,5.0,60.0,0.0,-2066.0,0.0,0.0,833.0,833.0,10640.0,9310.0,806.0,263.0,31.0,31.0,110.0,110.0,3325522
AUVERGNE RHONE ALPES,2016-02-04 18:30:00,2016,35,18:30:00,35.77,193.0,12447.0,195.0,0.0,6692.0,127.0,-10.0,-9178.0,0.0,0.0,952.0,952.0,13570.0,13042.0,384.0,896.0,11204.0,10818.0,170.0,170.0,7916889
HAUTS DE FRANCE,2015-01-06 18:30:00,2015,6,18:30:00,6.77,1298.0,5510.0,517.0,0.0,2.0,110.0,0.0,1244.0,0.0,0.0,2301.0,2301.0,5460.0,5460.0,2595.0,212.0,5.0,5.0,155.0,155.0,6009976
NOUVELLE AQUITAINE,2016-09-27 08:30:00,2016,271,08:30:00,271.35,26.0,4189.0,6.0,46.0,249.0,111.0,0.0,-39.0,0.0,0.0,429.0,429.0,6630.0,5281.0,625.0,1898.0,1779.0,1779.0,280.0,280.0,5935603
OCCITANIE,2019-11-22 04:00:00,2019,326,04:00:00,326.17,78.0,1252.0,223.0,0.0,980.0,93.0,-691.0,2921.0,0.0,0.0,308.0,308.0,2620.0,1310.0,1570.0,2151.0,5489.0,5312.0,146.0,146.0,5933185
ILE DE FRANCE,2013-07-31 07:00:00,2013,212,07:00:00,212.29,0.0,0.0,1.0,0.0,8.0,140.0,0.0,5611.0,0.0,0.0,2121.0,2121.0,0.0,0.0,37.0,109.0,19.0,19.0,282.0,282.0,11959807
PAYS DE LA LOIRE,2020-05-31 04:30:00,2020,152,04:30:00,152.19,0.0,0.0,434.0,0.0,1.0,58.0,0.0,1179.0,0.0,0.0,2050.0,1760.0,0.0,0.0,989.0,638.0,10.0,10.0,77.0,77.0,3832120
CENTRE VAL DE LOIRE,2015-05-26 17:30:00,2015,146,17:30:00,146.73,1.0,8997.0,65.0,81.0,3.0,42.0,0.0,-7315.0,0.0,0.0,166.0,166.0,11630.0,11065.0,818.0,236.0,91.0,91.0,71.0,71.0,2578592
NOUVELLE AQUITAINE,2014-05-14 18:00:00,2014,134,18:00:00,134.75,28.0,5608.0,29.0,351.0,437.0,139.0,0.0,-2331.0,0.0,0.0,421.0,421.0,6630.0,6630.0,417.0,1100.0,1772.0,1772.0,220.0,220.0,5879144
BRETAGNE,2022-11-01 17:00:00,2022,305,17:00:00,305.71,188.0,0.0,734.0,22.0,129.0,59.0,-1.0,580.0,0.0,0.0,1432.0,1432.0,0.0,0.0,1220.0,405.0,272.0,272.0,83.0,83.0,3414637
ILE DE FRANCE,2020-03-24 22:00:00,2020,84,22:00:00,84.92,375.0,0.0,55.0,0.0,1.0,145.0,0.0,7252.0,0.0,0.0,2170.0,2094.0,0.0,0.0,108.0,144.0,20.0,20.0,314.0,314.0,12271794
GRAND EST,2015-01-10 20:30:00,2015,10,20:30:00,10.85,225.0,11016.0,1818.0,0.0,1586.0,82.0,-6.0,-9275.0,0.0,0.0,3400.0,3200.0,10820.0,10510.0,2340.0,522.0,2284.0,2284.0,107.0,107.0,5559051
ILE DE FRANCE,2020-05-23 21:30:00,2020,144,21:30:00,144.9,0.0,0.0,3.0,0.0,6.0,161.0,0.0,5832.0,0.0,0.0,2170.0,2074.0,0.0,0.0,108.0,144.0,20.0,20.0,314.0,314.0,12271794
BRETAGNE,2015-01-20 16:30:00,2015,20,16:30:00,20.69,107.0,0.0,164.0,11.0,22.0,30.0,-1.0,3405.0,0.0,0.0,719.0,719.0,0.0,0.0,791.0,218.0,272.0,272.0,53.0,53.0,3293850
NOUVELLE AQUITAINE,2015-10-31 05:00:00,2015,304,05:00:00,304.21,66.0,4039.0,173.0,-1.0,86.0,159.0,0.0,-953.0,0.0,0.0,427.0,427.0,6630.0,5428.0,534.0,1771.0,1777.0,1777.0,258.0,258.0,5911482
BOURGOGNE FRANCHE COMTE,2015-06-30 04:30:00,2015,181,04:30:00,181.19,22.0,0.0,83.0,0.0,14.0,19.0,0.0,1681.0,0.0,0.0,325.0,80.0,0.0,0.0,362.0,254.0,512.0,512.0,29.0,29.0,2820940
NOUVELLE AQUITAINE,2022-02-09 01:00:00,2022,40,01:00:00,40.04,254.0,3463.0,293.0,0.0,186.0,186.0,0.0,1470.0,0.0,0.0,578.0,578.0,6630.0,5135.0,1397.0,3479.0,1784.0,1666.0,356.0,356.0,6098051
HAUTS DE FRANCE,2021-02-02 13:00:00,2021,33,13:00:00,33.54,1527.0,4507.0,2706.0,26.0,1.0,110.0,0.0,-1719.0,0.0,0.0,2990.0,2990.0,5460.0,4550.0,5389.0,300.0,5.0,5.0,181.0,181.0,5995292
PAYS DE LA LOIRE,2023-01-06 00:00:00,2023,6,00:00:00,6.0,161.0,0.0,643.0,0.0,7.0,59.0,0.0,2457.0,0.0,0.0,2068.0,1730.0,0.0,0.0,1707.0,941.0,10.0,10.0,80.0,80.0,3907426
HAUTS DE FRANCE,2022-07-27 03:00:00,2022,208,03:00:00,208.12,956.0,1690.0,689.0,0.0,0.0,116.0,0.0,592.0,0.0,0.0,2996.0,2851.0,5460.0,4550.0,5821.0,444.0,6.0,6.0,197.0,197.0,5990765
HAUTS DE FRANCE,2019-02-02 14:30:00,2019,33,14:30:00,33.6,1669.0,5403.0,2443.0,9.0,2.0,112.0,0.0,-2213.0,0.0,0.0,2969.0,2969.0,5460.0,5341.0,4371.0,235.0,5.0,5.0,177.0,177.0,6004947
BOURGOGNE FRANCHE COMTE,2016-12-25 18:00:00,2016,360,18:00:00,360.75,134.0,0.0,115.0,0.0,18.0,21.0,0.0,2216.0,0.0,0.0,331.0,331.0,0.0,0.0,538.0,265.0,518.0,518.0,31.0,31.0,2818338
BRETAGNE,2014-07-15 01:00:00,2014,196,01:00:00,196.04,0.0,0.0,59.0,0.0,128.0,27.0,-1.0,1580.0,0.0,0.0,688.0,688.0,0.0,0.0,763.0,213.0,272.0,272.0,51.0,51.0,3276543
BRETAGNE,2013-12-23 23:00:00,2013,357,23:00:00,357.96,75.0,0.0,318.0,0.0,19.0,18.0,-26.0,2586.0,0.0,0.0,684.0,684.0,0.0,0.0,747.0,207.0,251.0,251.0,49.0,49.0,3258707
BOURGOGNE FRANCHE COMTE,2020-06-08 14:00:00,2020,160,14:00:00,160.58,55.0,0.0,130.0,170.0,33.0,45.0,0.0,1831.0,0.0,0.0,401.0,401.0,0.0,0.0,877.0,350.0,521.0,521.0,69.0,69.0,2801695
NOUVELLE AQUITAINE,2019-02-08 14:30:00,2019,39,14:30:00,39.6,267.0,6617.0,700.0,1141.0,390.0,199.0,0.0,-2782.0,0.0,0.0,538.0,538.0,6630.0,6630.0,975.0,2444.0,1781.0,1676.0,318.0,318.0,6010289
BRETAGNE,2015-07-29 10:00:00,2015,210,10:00:00,210.42,0.0,0.0,71.0,66.0,92.0,36.0,-1.0,2104.0,0.0,0.0,724.0,724.0,0.0,0.0,801.0,221.0,272.0,272.0,55.0,55.0,3293850
AUVERGNE RHONE ALPES,2016-10-13 21:00:00,2016,287,21:00:00,287.88,528.0,8902.0,119.0,0.0,2470.0,81.0,-495.0,-3343.0,0.0,0.0,966.0,966.0,13570.0,12667.0,399.0,932.0,11226.0,11028.0,177.0,177.0,7916889
CENTRE VAL DE LOIRE,2015-02-05 03:00:00,2015,36,03:00:00,36.12,81.0,11656.0,325.0,0.0,18.0,51.0,0.0,-8933.0,0.0,0.0,166.0,166.0,11630.0,11630.0,818.0,226.0,91.0,91.0,71.0,71.0,2578592
NORMANDIE,2014-07-16 13:00:00,2014,197,13:00:00,197.54,200.0,8806.0,4.0,51.0,12.0,52.0,0.0,-6103.0,0.0,0.0,761.0,181.0,10640.0,10640.0,489.0,213.0,24.0,24.0,90.0,90.0,3335645
OCCITANIE,2018-03-22 17:00:00,2018,81,17:00:00,81.71,82.0,2448.0,1076.0,470.0,1648.0,76.0,-9.0,-483.0,0.0,0.0,291.0,291.0,2620.0,2620.0,1365.0,1855.0,5482.0,5278.0,145.0,145.0,5885496
NOUVELLE AQUITAINE,2021-01-15 10:00:00,2021,15,10:00:00,15.42,202.0,6646.0,375.0,214.0,1627.0,191.0,0.0,-1802.0,0.0,0.0,576.0,576.0,6630.0,5525.0,1206.0,2843.0,1783.0,1783.0,351.0,351.0,6069352
AUVERGNE RHONE ALPES,2013-10-23 11:00:00,2013,296,11:00:00,296.46,50.0,8683.0,89.0,52.0,4335.0,47.0,-5.0,-5350.0,0.0,0.0,919.0,919.0,13570.0,13570.0,335.0,740.0,11124.0,11124.0,108.0,108.0,7757595
AUVERGNE RHONE ALPES,2021-12-13 11:00:00,2021,347,11:00:00,347.46,674.0,12588.0,61.0,361.0,3677.0,108.0,-5.0,-6787.0,0.0,0.0,1048.0,1048.0,13570.0,12669.0,723.0,1587.0,11779.0,11651.0,208.0,208.0,8114361
ILE DE FRANCE,2022-09-20 14:00:00,2022,263,14:00:00,263.58,121.0,0.0,6.0,82.0,6.0,173.0,0.0,7069.0,0.0,0.0,2171.0,2010.0,0.0,0.0,148.0,235.0,20.0,20.0,314.0,314.0,12354286
ILE DE FRANCE,2018-03-22 00:00:00,2018,81,00:00:00,81.0,517.0,0.0,3.0,0.0,0.0,133.0,0.0,10238.0,0.0,0.0,2157.0,2157.0,0.0,0.0,88.0,122.0,20.0,20.0,306.0,306.0,12213447
CENTRE VAL DE LOIRE,2022-09-16 03:00:00,2022,259,03:00:00,259.12,26.0,5536.0,174.0,0.0,1.0,66.0,0.0,-4547.0,0.0,0.0,229.0,229.0,11630.0,10632.0,1482.0,784.0,92.0,92.0,90.0,90.0,2572916
BOURGOGNE FRANCHE COMTE,2016-11-16 13:30:00,2016,321,13:30:00,321.56,129.0,0.0,208.0,21.0,87.0,20.0,0.0,2818.0,0.0,0.0,329.0,329.0,0.0,0.0,516.0,265.0,518.0,233.0,31.0,31.0,2818338
BRETAGNE,2019-09-13 11:30:00,2019,256,11:30:00,256.48,1.0,0.0,9.0,52.0,95.0,47.0,-1.0,2321.0,0.0,0.0,966.0,856.0,0.0,0.0,1021.0,268.0,272.0,272.0,74.0,74.0,3354854
NORMANDIE,2022-12-16 18:30:00,2022,350,18:30:00,350.77,526.0,6388.0,21.0,0.0,18.0,84.0,0.0,-2363.0,0.0,0.0,852.0,852.0,10640.0,9310.0,965.0,322.0,31.0,31.0,149.0,149.0,3327604
ILE DE FRANCE,2015-08-25 07:00:00,2015,237,07:00:00,237.29,-2.0,0.0,8.0,0.0,7.0,121.0,0.0,5561.0,0.0,0.0,2144.0,1764.0,0.0,0.0,49.0,113.0,19.0,19.0,300.0,300.0,12082144
AUVERGNE RHONE ALPES,2018-09-19 15:30:00,2018,262,15:30:00,262.65,37.0,9615.0,5.0,494.0,1998.0,90.0,-254.0,-4279.0,0.0,0.0,1000.0,1000.0,13570.0,12650.0,603.0,1098.0,11262.0,11037.0,180.0,180.0,7994459
HAUTS DE FRANCE,2017-08-25 20:00:00,2017,237,20:00:00,237.83,1422.0,4406.0,69.0,4.0,0.0,121.0,0.0,-1024.0,0.0,0.0,2910.0,2910.0,5460.0,4606.0,3557.0,215.0,5.0,5.0,165.0,165.0,6003815
PAYS DE LA LOIRE,2018-09-15 12:00:00,2018,258,12:00:00,258.5,358.0,0.0,27.0,279.0,0.0,39.0,0.0,1691.0,0.0,0.0,1976.0,1744.0,0.0,0.0,824.0,550.0,8.0,8.0,70.0,70.0,3781423
BRETAGNE,2017-09-26 09:30:00,2017,269,09:30:00,269.4,3.0,0.0,6.0,13.0,0.0,38.0,-1.0,2565.0,0.0,0.0,848.0,714.0,0.0,0.0,926.0,241.0,270.0,270.0,66.0,66.0,3318904
HAUTS DE FRANCE,2014-12-28 21:30:00,2014,362,21:30:00,362.9,742.0,5453.0,344.0,0.0,2.0,105.0,0.0,420.0,0.0,0.0,2301.0,2301.0,5460.0,5460.0,2595.0,212.0,5.0,5.0,155.0,155.0,6006156
NOUVELLE AQUITAINE,2015-01-20 14:30:00,2015,20,14:30:00,20.6,264.0,5699.0,6.0,280.0,678.0,162.0,0.0,774.0,0.0,0.0,427.0,427.0,6630.0,5720.0,469.0,1360.0,1774.0,1774.0,234.0,234.0,5911482
BRETAGNE,2016-12-23 10:00:00,2016,358,10:00:00,358.42,194.0,0.0,176.0,5.0,56.0,38.0,-1.0,3132.0,0.0,0.0,848.0,848.0,0.0,0.0,877.0,232.0,275.0,275.0,58.0,58.0,3306529
BOURGOGNE FRANCHE COMTE,2018-09-20 12:30:00,2018,263,12:30:00,263.52,56.0,0.0,27.0,169.0,156.0,41.0,0.0,2034.0,0.0,0.0,386.0,386.0,0.0,0.0,708.0,310.0,520.0,443.0,57.0,57.0,2807807
PROVENCE ALPES COTE D AZUR,2018-04-16 02:30:00,2018,106,02:30:00,106.1,39.0,0.0,9.0,0.0,1565.0,204.0,-51.0,2416.0,0.0,0.0,2666.0,2304.0,0.0,0.0,48.0,1244.0,3233.0,3067.0,357.0,357.0,5052832
HAUTS DE FRANCE,2019-08-17 19:30:00,2019,229,19:30:00,229.81,828.0,3202.0,255.0,6.0,0.0,118.0,0.0,-221.0,0.0,0.0,2969.0,2557.0,5460.0,4640.0,4531.0,238.0,5.0,5.0,178.0,178.0,6004947
ILE DE FRANCE,2016-05-28 21:30:00,2016,149,21:30:00,149.9,-2.0,0.0,8.0,0.0,8.0,116.0,0.0,6189.0,0.0,0.0,2149.0,1620.0,0.0,0.0,61.0,114.0,19.0,19.0,300.0,300.0,12117132
HAUTS DE FRANCE,2017-05-19 20:30:00,2017,139,20:30:00,139.85,957.0,3555.0,179.0,6.0,1.0,113.0,0.0,361.0,0.0,0.0,2900.0,2325.0,5460.0,4550.0,3415.0,214.0,5.0,5.0,165.0,165.0,6003815
CENTRE VAL DE LOIRE,2022-08-31 23:30:00,2022,243,23:30:00,243.98,18.0,5593.0,167.0,0.0,9.0,68.0,0.0,-4172.0,0.0,0.0,229.0,229.0,11630.0,10599.0,1482.0,773.0,92.0,92.0,90.0,90.0,2572916
HAUTS DE FRANCE,2017-05-25 23:00:00,2017,145,23:00:00,145.96,338.0,3575.0,1195.0,0.0,1.0,109.0,0.0,-308.0,0.0,0.0,2900.0,2325.0,5460.0,4550.0,3420.0,214.0,5.0,5.0,165.0,165.0,6003815
PROVENCE ALPES COTE D AZUR,2018-11-10 20:30:00,2018,314,20:30:00,314.85,552.0,0.0,20.0,0.0,1279.0,97.0,0.0,2506.0,0.0,0.0,2668.0,2362.0,0.0,0.0,48.0,1306.0,3233.0,3109.0,357.0,207.0,5052832
BOURGOGNE FRANCHE COMTE,2018-06-18 17:00:00,2018,169,17:00:00,169.71,29.0,0.0,17.0,59.0,53.0,33.0,0.0,2121.0,0.0,0.0,386.0,386.0,0.0,0.0,688.0,307.0,520.0,443.0,37.0,37.0,2807807
HAUTS DE FRANCE,2014-11-01 00:00:00,2014,305,00:00:00,305.0,401.0,4499.0,790.0,0.0,2.0,92.0,0.0,-144.0,0.0,0.0,2301.0,2301.0,5460.0,5460.0,2500.0,212.0,5.0,5.0,142.0,142.0,6006156
ILE DE FRANCE,2016-03-02 00:30:00,2016,62,00:30:00,62.02,390.0,0.0,18.0,0.0,2.0,150.0,0.0,9076.0,0.0,0.0,2149.0,2149.0,0.0,0.0,61.0,114.0,19.0,19.0,300.0,300.0,12117132
AUVERGNE RHONE ALPES,2015-04-19 02:30:00,2015,109,02:30:00,109.1,65.0,9624.0,37.0,0.0,2370.0,76.0,-1143.0,-4983.0,0.0,0.0,944.0,944.0,13570.0,12628.0,372.0,874.0,11181.0,10845.0,141.0,141.0,7877698
CENTRE VAL DE LOIRE,2021-10-05 09:00:00,2021,278,09:00:00,278.38,0.0,7677.0,984.0,7.0,28.0,57.0,0.0,-6735.0,0.0,0.0,229.0,229.0,11630.0,10732.0,1360.0,604.0,92.0,92.0,90.0,90.0,2573303
GRAND EST,2017-07-19 08:30:00,2017,200,08:30:00,200.35,1720.0,11021.0,843.0,88.0,723.0,68.0,0.0,-9355.0,0.0,0.0,3453.0,2942.0,10820.0,10060.0,2953.0,548.0,2298.0,1987.0,141.0,141.0,5549586
OCCITANIE,2022-06-30 23:00:00,2022,181,23:00:00,181.96,0.0,1263.0,692.0,0.0,1380.0,84.0,-10.0,544.0,0.0,0.0,326.0,326.0,2620.0,1310.0,1593.0,2962.0,5503.0,5297.0,174.0,174.0,6067101
OCCITANIE,2018-04-10 14:30:00,2018,100,14:30:00,100.6,0.0,2583.0,457.0,980.0,1734.0,67.0,-7.0,-1274.0,0.0,0.0,291.0,291.0,2620.0,2620.0,1386.0,1866.0,5482.0,5213.0,145.0,145.0,5885496
AUVERGNE RHONE ALPES,2015-02-15 17:00:00,2015,46,17:00:00,46.71,204.0,13297.0,11.0,19.0,2316.0,101.0,-2006.0,-5789.0,0.0,0.0,944.0,944.0,13570.0,13570.0,372.0,859.0,11176.0,10729.0,141.0,141.0,7877698
ILE DE FRANCE,2017-01-19 12:30:00,2017,19,12:30:00,19.52,2175.0,0.0,7.0,27.0,10.0,132.0,0.0,12139.0,0.0,0.0,2149.0,1564.0,0.0,0.0,61.0,116.0,19.0,19.0,301.0,301.0,12174880
GRAND EST,2020-06-06 22:30:00,2020,158,22:30:00,158.94,27.0,5756.0,702.0,0.0,957.0,128.0,0.0,-3585.0,0.0,0.0,3535.0,3057.0,10820.0,9532.0,3606.0,622.0,2304.0,1909.0,183.0,183.0,5562651
BOURGOGNE FRANCHE COMTE,2015-07-04 00:00:00,2015,185,00:00:00,185.0,25.0,0.0,103.0,0.0,17.0,20.0,0.0,1994.0,0.0,0.0,325.0,80.0,0.0,0.0,362.0,254.0,513.0,513.0,29.0,29.0,2820940
OCCITANIE,2016-05-13 05:30:00,2016,134,05:30:00,134.23,-3.0,457.0,491.0,0.0,1905.0,90.0,-454.0,535.0,0.0,0.0,266.0,266.0,2620.0,1310.0,1098.0,1574.0,5462.0,5235.0,137.0,137.0,5808435
ILE DE FRANCE,2019-05-11 05:30:00,2019,131,05:30:00,131.23,-2.0,0.0,36.0,0.0,7.0,148.0,0.0,5719.0,0.0,0.0,2170.0,2038.0,0.0,0.0,88.0,126.0,20.0,20.0,306.0,306.0,12262544
GRAND EST,2014-07-07 09:30:00,2014,188,09:30:00,188.4,148.0,10525.0,11.0,135.0,1171.0,55.0,0.0,-7044.0,0.0,0.0,3398.0,3198.0,10820.0,9320.0,2112.0,515.0,2283.0,2283.0,97.0,97.0,5554645
CENTRE VAL DE LOIRE,2022-03-30 16:00:00,2022,89,16:00:00,89.67,101.0,4656.0,69.0,150.0,8.0,61.0,0.0,-3027.0,0.0,0.0,229.0,229.0,11630.0,10642.0,1381.0,712.0,92.0,92.0,90.0,90.0,2572916
BRETAGNE,2016-12-19 00:00:00,2016,354,00:00:00,354.0,193.0,0.0,12.0,0.0,0.0,39.0,-53.0,3277.0,0.0,0.0,848.0,848.0,0.0,0.0,877.0,232.0,275.0,275.0,57.0,57.0,3306529
NORMANDIE,2017-10-19 05:30:00,2017,292,05:30:00,292.23,299.0,4860.0,83.0,0.0,13.0,50.0,0.0,-2796.0,0.0,0.0,802.0,222.0,10640.0,9419.0,701.0,223.0,31.0,31.0,100.0,100.0,3330478
BOURGOGNE FRANCHE COMTE,2018-04-23 00:00:00,2018,113,00:00:00,113.0,20.0,0.0,155.0,0.0,91.0,24.0,0.0,1430.0,0.0,0.0,386.0,386.0,0.0,0.0,676.0,306.0,520.0,443.0,36.0,36.0,2807807
PROVENCE ALPES COTE D AZUR,2019-06-16 04:00:00,2019,167,04:00:00,167.17,53.0,0.0,19.0,0.0,931.0,86.0,0.0,2074.0,0.0,0.0,2674.0,2272.0,0.0,0.0,48.0,1363.0,3241.0,3241.0,357.0,207.0,5081101
NOUVELLE AQUITAINE,2018-10-25 07:30:00,2018,298,07:30:00,298.31,68.0,5033.0,136.0,-1.0,200.0,155.0,0.0,-859.0,0.0,0.0,488.0,488.0,6630.0,5135.0,947.0,2412.0,1781.0,1781.0,318.0,318.0,5979778
GRAND EST,2020-02-01 12:30:00,2020,32,12:30:00,32.52,281.0,9723.0,2801.0,30.0,1009.0,127.0,0.0,-8368.0,0.0,0.0,3535.0,3117.0,10820.0,9972.0,3575.0,610.0,2303.0,2060.0,179.0,179.0,5562651
NORMANDIE,2021-01-25 17:30:00,2021,25,17:30:00,25.73,796.0,6411.0,166.0,3.0,11.0,65.0,0.0,-3325.0,0.0,0.0,852.0,852.0,10640.0,9310.0,831.0,273.0,31.0,31.0,146.0,146.0,3327966
HAUTS DE FRANCE,2021-05-24 15:30:00,2021,144,15:30:00,144.65,265.0,2812.0,2245.0,58.0,2.0,110.0,0.0,-595.0,0.0,0.0,2990.0,2990.0,5460.0,5460.0,5448.0,381.0,5.0,5.0,182.0,182.0,5995292
NORMANDIE,2017-11-04 12:30:00,2017,308,12:30:00,308.52,984.0,6420.0,313.0,12.0,13.0,61.0,0.0,-4550.0,0.0,0.0,813.0,813.0,10640.0,9310.0,701.0,223.0,31.0,31.0,100.0,100.0,3330478
HAUTS DE FRANCE,2022-12-11 02:30:00,2022,345,02:30:00,345.1,1785.0,3666.0,569.0,0.0,1.0,133.0,0.0,-248.0,0.0,0.0,3003.0,2886.0,5460.0,4551.0,6051.0,462.0,6.0,6.0,198.0,198.0,5990765
BRETAGNE,2013-04-13 11:00:00,2013,103,11:00:00,103.46,0.0,0.0,602.0,15.0,16.0,17.0,-44.0,2267.0,0.0,0.0,658.0,658.0,0.0,0.0,716.0,203.0,11.0,11.0,36.0,36.0,3258707
HAUTS DE FRANCE,2022-07-22 10:00:00,2022,203,10:00:00,203.42,1657.0,2449.0,418.0,130.0,0.0,117.0,0.0,601.0,0.0,0.0,2996.0,2903.0,5460.0,4609.0,5814.0,444.0,6.0,6.0,197.0,197.0,5990765
PAYS DE LA LOIRE,2016-07-16 02:30:00,2016,198,02:30:00,198.1,12.0,0.0,117.0,0.0,0.0,40.0,0.0,1891.0,0.0,0.0,1880.0,1337.0,0.0,0.0,649.0,477.0,8.0,8.0,63.0,63.0,3737632
PAYS DE LA LOIRE,2015-11-12 18:30:00,2015,316,18:30:00,316.77,530.0,0.0,72.0,0.0,1.0,47.0,0.0,2969.0,0.0,0.0,1872.0,1292.0,0.0,0.0,570.0,456.0,7.0,7.0,61.0,61.0,3718512
NOUVELLE AQUITAINE,2014-02-01 01:30:00,2014,32,01:30:00,32.06,139.0,5677.0,356.0,0.0,599.0,142.0,0.0,-649.0,0.0,0.0,421.0,421.0,6630.0,6630.0,381.0,1027.0,1760.0,1760.0,219.0,219.0,5879144
NOUVELLE AQUITAINE,2013-10-07 08:00:00,2013,280,08:00:00,280.33,61.0,5694.0,42.0,0.0,372.0,102.0,0.0,-1822.0,0.0,0.0,421.0,421.0,6630.0,6630.0,364.0,998.0,1760.0,1760.0,213.0,213.0,5844177
BOURGOGNE FRANCHE COMTE,2022-11-28 18:00:00,2022,332,18:00:00,332.75,170.0,0.0,141.0,0.0,285.0,47.0,0.0,2152.0,0.0,0.0,401.0,401.0,0.0,0.0,1067.0,630.0,524.0,524.0,75.0,75.0,2797366
BOURGOGNE FRANCHE COMTE,2022-11-06 04:30:00,2022,310,04:30:00,310.19,108.0,0.0,228.0,0.0,63.0,51.0,0.0,1396.0,0.0,0.0,401.0,401.0,0.0,0.0,1067.0,625.0,524.0,524.0,75.0,75.0,2797366
ILE DE FRANCE,2014-12-24 06:00:00,2014,358,06:00:00,358.25,326.0,0.0,8.0,0.0,0.0,155.0,0.0,7863.0,0.0,0.0,2128.0,1543.0,0.0,0.0,37.0,112.0,19.0,19.0,282.0,282.0,12027565
HAUTS DE FRANCE,2014-03-25 23:00:00,2014,84,23:00:00,84.96,728.0,3635.0,386.0,0.0,2.0,98.0,0.0,1434.0,0.0,0.0,2278.0,2278.0,5460.0,5460.0,2275.0,211.0,5.0,5.0,139.0,139.0,6006156
HAUTS DE FRANCE,2021-03-20 04:30:00,2021,79,04:30:00,79.19,1256.0,4487.0,1112.0,6.0,2.0,132.0,0.0,-1319.0,0.0,0.0,2990.0,2990.0,5460.0,5460.0,5430.0,315.0,5.0,5.0,182.0,182.0,5995292
NORMANDIE,2020-12-26 11:30:00,2020,361,11:30:00,361.48,314.0,7646.0,308.0,26.0,12.0,51.0,0.0,-4393.0,0.0,0.0,852.0,272.0,10640.0,9613.0,831.0,272.0,31.0,31.0,116.0,116.0,3325522
CENTRE VAL DE LOIRE,2021-07-20 21:30:00,2021,201,21:30:00,201.9,10.0,6435.0,311.0,2.0,5.0,68.0,0.0,-5197.0,0.0,0.0,229.0,229.0,11630.0,10740.0,1333.0,560.0,92.0,92.0,89.0,89.0,2573303
CENTRE VAL DE LOIRE,2019-07-26 11:00:00,2019,207,11:00:00,207.46,17.0,8021.0,93.0,95.0,0.0,54.0,0.0,-6158.0,0.0,0.0,229.0,229.0,11630.0,10813.0,1168.0,323.0,91.0,91.0,85.0,85.0,2573180
NORMANDIE,2023-01-04 12:00:00,2023,4,12:00:00,4.5,346.0,6254.0,778.0,13.0,17.0,82.0,0.0,-4045.0,0.0,0.0,853.0,853.0,10640.0,9310.0,965.0,326.0,31.0,31.0,149.0,149.0,3317023
AUVERGNE RHONE ALPES,2019-12-23 09:00:00,2019,357,09:00:00,357.38,210.0,11115.0,191.0,17.0,4875.0,133.0,-7.0,-8016.0,0.0,0.0,1032.0,1032.0,13570.0,12794.0,635.0,1230.0,11741.0,11589.0,191.0,191.0,8042936
PAYS DE LA LOIRE,2018-09-18 08:30:00,2018,261,08:30:00,261.35,558.0,0.0,121.0,16.0,0.0,43.0,0.0,2284.0,0.0,0.0,1976.0,1722.0,0.0,0.0,827.0,550.0,8.0,8.0,70.0,70.0,3781423
NOUVELLE AQUITAINE,2013-11-28 04:30:00,2013,332,04:30:00,332.19,121.0,4293.0,90.0,0.0,494.0,140.0,0.0,1556.0,0.0,0.0,421.0,421.0,6630.0,6630.0,364.0,1013.0,1760.0,1760.0,214.0,214.0,5844177
CENTRE VAL DE LOIRE,2022-09-12 10:30:00,2022,255,10:30:00,255.44,38.0,5635.0,33.0,352.0,1.0,61.0,0.0,-4398.0,0.0,0.0,229.0,229.0,11630.0,10610.0,1482.0,774.0,92.0,92.0,90.0,90.0,2572916
AUVERGNE RHONE ALPES,2017-08-21 13:30:00,2017,233,13:30:00,233.56,23.0,9999.0,51.0,547.0,1932.0,94.0,-18.0,-5724.0,0.0,0.0,985.0,985.0,13570.0,12682.0,486.0,961.0,11246.0,11057.0,178.0,178.0,7948287
CENTRE VAL DE LOIRE,2014-01-07 20:30:00,2014,7,20:30:00,7.85,75.0,10515.0,315.0,0.0,37.0,49.0,0.0,-8344.0,0.0,0.0,162.0,162.0,11630.0,10740.0,739.0,214.0,91.0,91.0,56.0,56.0,2577435
HAUTS DE FRANCE,2022-02-09 08:00:00,2022,40,08:00:00,40.33,2077.0,2652.0,578.0,0.0,3.0,126.0,0.0,1139.0,0.0,0.0,2990.0,2990.0,5460.0,4550.0,5702.0,438.0,5.0,5.0,190.0,190.0,5990765
NOUVELLE AQUITAINE,2014-04-30 13:00:00,2014,120,13:00:00,120.54,28.0,5748.0,24.0,394.0,696.0,124.0,0.0,-1546.0,0.0,0.0,421.0,421.0,6630.0,6630.0,417.0,1098.0,1770.0,1770.0,220.0,220.0,5879144
NORMANDIE,2014-05-02 23:00:00,2014,122,23:00:00,122.96,231.0,9040.0,149.0,0.0,23.0,53.0,0.0,-6199.0,0.0,0.0,761.0,181.0,10640.0,10640.0,473.0,212.0,24.0,24.0,89.0,89.0,3335645
HAUTS DE FRANCE,2017-12-19 09:30:00,2017,353,09:30:00,353.4,2049.0,4572.0,84.0,3.0,1.0,136.0,0.0,1292.0,0.0,0.0,2913.0,2913.0,5460.0,4550.0,3789.0,217.0,5.0,5.0,170.0,170.0,6003815
HAUTS DE FRANCE,2015-10-21 21:00:00,2015,294,21:00:00,294.88,1149.0,4545.0,821.0,0.0,1.0,91.0,0.0,-190.0,0.0,0.0,2301.0,2051.0,5460.0,4550.0,2786.0,213.0,5.0,5.0,160.0,160.0,6009976
AUVERGNE RHONE ALPES,2015-06-22 22:30:00,2015,173,22:30:00,173.94,57.0,10236.0,60.0,0.0,3353.0,89.0,-7.0,-6908.0,0.0,0.0,944.0,944.0,13570.0,12667.0,372.0,880.0,11183.0,10925.0,141.0,141.0,7877698
HAUTS DE FRANCE,2016-03-03 06:30:00,2016,63,06:30:00,63.27,800.0,4524.0,1692.0,0.0,2.0,101.0,0.0,193.0,0.0,0.0,2864.0,2864.0,5460.0,4550.0,2908.0,213.0,5.0,5.0,160.0,160.0,6006870
NOUVELLE AQUITAINE,2015-10-17 21:30:00,2015,290,21:30:00,290.9,64.0,6519.0,124.0,-1.0,240.0,118.0,0.0,-2278.0,0.0,0.0,427.0,427.0,6630.0,6630.0,534.0,1770.0,1777.0,1777.0,239.0,239.0,5911482
BOURGOGNE FRANCHE COMTE,2017-04-17 21:00:00,2017,107,21:00:00,107.88,29.0,0.0,105.0,0.0,29.0,25.0,0.0,2098.0,0.0,0.0,331.0,331.0,0.0,0.0,605.0,267.0,519.0,519.0,31.0,31.0,2811423
ILE DE FRANCE,2020-12-29 16:30:00,2020,364,16:30:00,364.69,393.0,0.0,39.0,1.0,3.0,119.0,0.0,9957.0,0.0,0.0,2171.0,2171.0,0.0,0.0,125.0,170.0,20.0,20.0,314.0,314.0,12271794
BRETAGNE,2020-06-07 03:00:00,2020,159,03:00:00,159.12,1.0,0.0,141.0,0.0,213.0,46.0,-1.0,1110.0,0.0,0.0,978.0,844.0,0.0,0.0,1028.0,283.0,272.0,272.0,79.0,79.0,3373835
PAYS DE LA LOIRE,2014-08-20 03:30:00,2014,232,03:30:00,232.15,-3.0,0.0,37.0,0.0,3.0,33.0,0.0,1669.0,0.0,0.0,1864.0,1429.0,0.0,0.0,518.0,420.0,7.0,7.0,58.0,58.0,3690833
PROVENCE ALPES COTE D AZUR,2020-12-22 10:00:00,2020,357,10:00:00,357.42,665.0,0.0,1.0,215.0,1020.0,108.0,0.0,3423.0,0.0,0.0,2715.0,2341.0,0.0,0.0,96.0,1541.0,3266.0,3171.0,357.0,357.0,5098666
HAUTS DE FRANCE,2021-01-24 13:00:00,2021,24,13:00:00,24.54,463.0,4530.0,1907.0,13.0,1.0,137.0,0.0,477.0,0.0,0.0,2990.0,2990.0,5460.0,4550.0,5338.0,300.0,5.0,5.0,181.0,181.0,5995292
PAYS DE LA LOIRE,2021-07-26 04:00:00,2021,207,04:00:00,207.17,0.0,0.0,44.0,0.0,2.0,62.0,0.0,1650.0,0.0,0.0,2056.0,2056.0,0.0,0.0,1105.0,753.0,10.0,10.0,78.0,78.0,3853999
CENTRE VAL DE LOIRE,2015-08-13 13:00:00,2015,225,13:00:00,225.54,1.0,7400.0,84.0,62.0,0.0,50.0,0.0,-5831.0,0.0,0.0,166.0,166.0,11630.0,10730.0,832.0,238.0,91.0,91.0,71.0,71.0,2578592
AUVERGNE RHONE ALPES,2022-11-23 03:00:00,2022,327,03:00:00,327.12,171.0,7227.0,94.0,0.0,2399.0,110.0,-1632.0,-662.0,0.0,0.0,1050.0,1050.0,13570.0,12698.0,723.0,1834.0,11791.0,11678.0,208.0,208.0,8155762
AUVERGNE RHONE ALPES,2022-05-15 13:00:00,2022,135,13:00:00,135.54,13.0,5797.0,264.0,1053.0,2092.0,113.0,-1476.0,-1851.0,0.0,0.0,1048.0,647.0,13570.0,12673.0,723.0,1684.0,11781.0,11619.0,208.0,208.0,8155762
HAUTS DE FRANCE,2015-07-02 11:00:00,2015,183,11:00:00,183.46,274.0,4497.0,281.0,28.0,1.0,92.0,0.0,624.0,0.0,0.0,2301.0,1970.0,5460.0,4550.0,2734.0,213.0,5.0,5.0,160.0,160.0,6009976
PROVENCE ALPES COTE D AZUR,2015-09-23 23:30:00,2015,266,23:30:00,266.98,741.0,0.0,36.0,0.0,677.0,75.0,0.0,2985.0,0.0,0.0,2610.0,2257.0,0.0,0.0,48.0,949.0,3168.0,3042.0,183.0,183.0,5007977
HAUTS DE FRANCE,2022-01-23 20:30:00,2022,23,20:30:00,23.85,2152.0,3654.0,443.0,0.0,3.0,115.0,0.0,344.0,0.0,0.0,2990.0,2990.0,5460.0,4550.0,5686.0,438.0,5.0,5.0,190.0,190.0,5990765
CENTRE VAL DE LOIRE,2014-05-27 20:30:00,2014,147,20:30:00,147.85,1.0,6991.0,90.0,5.0,15.0,41.0,0.0,-5290.0,0.0,0.0,162.0,162.0,11630.0,10890.0,749.0,216.0,91.0,91.0,56.0,56.0,2577435
AUVERGNE RHONE ALPES,2013-11-22 06:00:00,2013,326,06:00:00,326.25,245.0,10984.0,108.0,0.0,3060.0,83.0,-1047.0,-3987.0,0.0,0.0,926.0,926.0,13570.0,13570.0,335.0,743.0,11125.0,10973.0,125.0,125.0,7757595
BOURGOGNE FRANCHE COMTE,2017-02-08 21:00:00,2017,39,21:00:00,39.88,144.0,0.0,98.0,0.0,110.0,24.0,0.0,2911.0,0.0,0.0,331.0,331.0,0.0,0.0,558.0,266.0,518.0,518.0,31.0,31.0,2811423
OCCITANIE,2015-07-12 03:00:00,2015,193,03:00:00,193.12,-3.0,1637.0,396.0,0.0,511.0,94.0,-636.0,1124.0,0.0,0.0,266.0,0.0,2620.0,1310.0,1039.0,1411.0,5454.0,5227.0,133.0,133.0,5774185
GRAND EST,2016-04-09 16:00:00,2016,100,16:00:00,100.67,61.0,9792.0,330.0,187.0,846.0,98.0,-527.0,-6183.0,0.0,0.0,3424.0,3424.0,10820.0,9772.0,2601.0,527.0,2286.0,2084.0,121.0,121.0,5555186
CENTRE VAL DE LOIRE,2022-01-21 15:00:00,2022,21,15:00:00,21.62,99.0,10567.0,416.0,215.0,20.0,62.0,0.0,-8229.0,0.0,0.0,229.0,229.0,11630.0,10872.0,1381.0,696.0,92.0,92.0,90.0,90.0,2572916
PAYS DE LA LOIRE,2020-06-28 00:00:00,2020,180,00:00:00,180.0,349.0,0.0,286.0,0.0,0.0,53.0,0.0,1745.0,0.0,0.0,2050.0,1677.0,0.0,0.0,1000.0,642.0,10.0,10.0,77.0,77.0,3832120
ILE DE FRANCE,2013-06-08 12:00:00,2013,159,12:00:00,159.5,1.0,0.0,3.0,39.0,2.0,110.0,0.0,7232.0,0.0,0.0,2121.0,2121.0,0.0,0.0,37.0,109.0,19.0,19.0,265.0,265.0,11959807
BOURGOGNE FRANCHE COMTE,2015-03-13 05:00:00,2015,72,05:00:00,72.21,126.0,0.0,50.0,0.0,96.0,24.0,0.0,2210.0,0.0,0.0,325.0,80.0,0.0,0.0,344.0,253.0,510.0,510.0,29.0,29.0,2820940
ILE DE FRANCE,2015-09-16 23:00:00,2015,259,23:00:00,259.96,-3.0,0.0,30.0,0.0,4.0,138.0,0.0,7356.0,0.0,0.0,2144.0,1720.0,0.0,0.0,49.0,113.0,19.0,19.0,300.0,300.0,12082144
HAUTS DE FRANCE,2015-09-03 01:00:00,2015,246,01:00:00,246.04,237.0,4312.0,59.0,0.0,0.0,94.0,0.0,303.0,0.0,0.0,2301.0,1970.0,5460.0,4949.0,2765.0,213.0,5.0,5.0,160.0,160.0,6009976
GRAND EST,2022-06-18 03:00:00,2022,169,03:00:00,169.12,1254.0,2440.0,181.0,0.0,767.0,147.0,-350.0,-483.0,0.0,0.0,3590.0,3163.0,10820.0,9708.0,4290.0,1055.0,2306.0,2028.0,235.0,235.0,5563889
BRETAGNE,2022-08-27 06:00:00,2022,239,06:00:00,239.25,439.0,0.0,96.0,0.0,0.0,58.0,-1.0,925.0,0.0,0.0,1432.0,1298.0,0.0,0.0,1197.0,380.0,272.0,272.0,83.0,83.0,3414637
BOURGOGNE FRANCHE COMTE,2018-12-02 20:30:00,2018,336,20:30:00,336.85,177.0,0.0,547.0,0.0,30.0,50.0,-1.0,1841.0,0.0,0.0,401.0,401.0,0.0,0.0,746.0,318.0,520.0,443.0,64.0,64.0,2807807
NORMANDIE,2019-12-19 15:30:00,2019,353,15:30:00,353.65,369.0,3985.0,717.0,15.0,16.0,62.0,0.0,-1631.0,0.0,0.0,833.0,253.0,10640.0,9649.0,806.0,261.0,31.0,31.0,109.0,109.0,3325032
OCCITANIE,2020-03-23 16:00:00,2020,83,16:00:00,83.67,68.0,1602.0,386.0,587.0,1178.0,72.0,-419.0,4.0,0.0,0.0,314.0,314.0,2620.0,2620.0,1579.0,2199.0,5491.0,5167.0,171.0,171.0,5973969
HAUTS DE FRANCE,2022-04-16 04:30:00,2022,106,04:30:00,106.19,691.0,3442.0,735.0,0.0,2.0,114.0,0.0,-684.0,0.0,0.0,2993.0,2644.0,5460.0,4610.0,5748.0,441.0,6.0,6.0,190.0,190.0,5990765
PROVENCE ALPES COTE D AZUR,2018-01-03 05:00:00,2018,3,05:00:00,3.21,187.0,0.0,0.0,0.0,505.0,112.0,-51.0,4279.0,0.0,0.0,2651.0,2345.0,0.0,0.0,48.0,1206.0,3227.0,3227.0,357.0,357.0,5052832
HAUTS DE FRANCE,2013-07-05 09:00:00,2013,186,09:00:00,186.38,267.0,4477.0,16.0,12.0,1.0,71.0,0.0,959.0,0.0,0.0,2268.0,2268.0,5460.0,5460.0,2193.0,210.0,5.0,5.0,139.0,139.0,5987883
AUVERGNE RHONE ALPES,2019-12-11 08:00:00,2019,345,08:00:00,345.33,634.0,10233.0,237.0,0.0,5430.0,143.0,-7.0,-6576.0,0.0,0.0,1032.0,1032.0,13570.0,12719.0,635.0,1223.0,11741.0,11580.0,191.0,191.0,8042936
PAYS DE LA LOIRE,2017-11-22 19:30:00,2017,326,19:30:00,326.81,1617.0,0.0,546.0,0.0,0.0,47.0,0.0,1672.0,0.0,0.0,1941.0,1941.0,0.0,0.0,766.0,509.0,8.0,8.0,68.0,68.0,3757600
NOUVELLE AQUITAINE,2019-08-02 19:00:00,2019,214,19:00:00,214.79,22.0,4046.0,62.0,806.0,163.0,176.0,0.0,-887.0,0.0,0.0,538.0,538.0,6630.0,5446.0,1017.0,2533.0,1782.0,1669.0,319.0,319.0,6010289
HAUTS DE FRANCE,2013-12-18 00:30:00,2013,352,00:30:00,352.02,833.0,5372.0,859.0,0.0,2.0,81.0,0.0,-98.0,0.0,0.0,2278.0,2278.0,5460.0,5460.0,2239.0,210.0,5.0,5.0,139.0,139.0,5987883
HAUTS DE FRANCE,2016-10-08 22:00:00,2016,282,22:00:00,282.92,768.0,2679.0,292.0,0.0,1.0,109.0,0.0,1260.0,0.0,0.0,2872.0,2589.0,5460.0,4714.0,3149.0,213.0,5.0,5.0,164.0,164.0,6006870
NORMANDIE,2019-04-01 01:00:00,2019,91,01:00:00,91.04,327.0,7300.0,276.0,0.0,18.0,45.0,0.0,-5048.0,0.0,0.0,833.0,833.0,10640.0,9310.0,801.0,254.0,31.0,31.0,105.0,105.0,3325032
HAUTS DE FRANCE,2020-11-04 16:00:00,2020,309,16:00:00,309.67,1863.0,3032.0,48.0,31.0,1.0,122.0,0.0,905.0,0.0,0.0,2984.0,2753.0,5460.0,4576.0,5285.0,272.0,5.0,5.0,181.0,181.0,5997734
PROVENCE ALPES COTE D AZUR,2015-01-12 02:30:00,2015,12,02:30:00,12.1,299.0,0.0,26.0,0.0,819.0,71.0,-51.0,4269.0,0.0,0.0,2600.0,2238.0,0.0,0.0,45.0,880.0,3168.0,3168.0,183.0,183.0,5007977
BOURGOGNE FRANCHE COMTE,2018-04-28 03:30:00,2018,118,03:30:00,118.15,27.0,0.0,266.0,0.0,33.0,25.0,-68.0,1568.0,0.0,0.0,386.0,386.0,0.0,0.0,676.0,306.0,520.0,404.0,36.0,36.0,2807807
GRAND EST,2014-05-04 13:30:00,2014,124,13:30:00,124.56,41.0,6083.0,131.0,329.0,1107.0,61.0,-381.0,-3155.0,0.0,0.0,3398.0,3198.0,10820.0,10820.0,2022.0,515.0,2283.0,2283.0,96.0,96.0,5554645
CENTRE VAL DE LOIRE,2020-10-09 07:00:00,2020,283,07:00:00,283.29,14.0,5793.0,344.0,0.0,12.0,54.0,0.0,-4173.0,0.0,0.0,229.0,229.0,11630.0,10685.0,1256.0,387.0,92.0,92.0,88.0,88.0,2574863
CENTRE VAL DE LOIRE,2020-06-18 04:30:00,2020,170,04:30:00,170.19,0.0,4338.0,319.0,0.0,1.0,61.0,0.0,-3392.0,0.0,0.0,229.0,229.0,11630.0,10661.0,1256.0,373.0,92.0,92.0,86.0,86.0,2574863
PROVENCE ALPES COTE D AZUR,2016-03-12 00:30:00,2016,72,00:30:00,72.02,935.0,0.0,11.0,0.0,1072.0,124.0,0.0,3535.0,0.0,0.0,2614.0,2296.0,0.0,0.0,48.0,995.0,3178.0,3178.0,204.0,204.0,5021928
PAYS DE LA LOIRE,2019-10-01 08:00:00,2019,274,08:00:00,274.33,6.0,0.0,537.0,0.0,0.0,47.0,0.0,2479.0,0.0,0.0,2037.0,1892.0,0.0,0.0,926.0,599.0,10.0,10.0,75.0,75.0,3806461
AUVERGNE RHONE ALPES,2021-11-22 12:00:00,2021,326,12:00:00,326.5,227.0,11696.0,112.0,196.0,1337.0,105.0,-6.0,-3667.0,0.0,0.0,1048.0,1048.0,13570.0,12669.0,723.0,1575.0,11776.0,11650.0,208.0,208.0,8114361
NORMANDIE,2020-10-20 09:00:00,2020,294,09:00:00,294.38,227.0,5049.0,460.0,0.0,12.0,61.0,0.0,-2427.0,0.0,0.0,838.0,838.0,10640.0,9310.0,831.0,269.0,31.0,31.0,115.0,115.0,3325522
HAUTS DE FRANCE,2016-06-11 17:30:00,2016,163,17:30:00,163.73,321.0,4481.0,143.0,22.0,2.0,103.0,0.0,-369.0,0.0,0.0,2864.0,2864.0,5460.0,4550.0,3011.0,213.0,5.0,5.0,163.0,163.0,6006870
OCCITANIE,2020-07-15 19:30:00,2020,197,19:30:00,197.81,0.0,2378.0,787.0,222.0,1572.0,80.0,0.0,-865.0,0.0,0.0,314.0,314.0,2620.0,1378.0,1593.0,2251.0,5494.0,5293.0,171.0,171.0,5973969
BOURGOGNE FRANCHE COMTE,2017-05-18 08:30:00,2017,138,08:30:00,138.35,37.0,0.0,36.0,16.0,65.0,17.0,0.0,2318.0,0.0,0.0,331.0,331.0,0.0,0.0,605.0,268.0,519.0,365.0,32.0,32.0,2811423
NORMANDIE,2022-07-09 22:00:00,2022,190,22:00:00,190.92,167.0,3771.0,105.0,0.0,11.0,83.0,0.0,-1673.0,0.0,0.0,852.0,852.0,10640.0,9310.0,933.0,314.0,31.0,31.0,149.0,149.0,3327604
NORMANDIE,2015-05-01 15:30:00,2015,121,15:30:00,121.65,506.0,5861.0,153.0,16.0,15.0,42.0,0.0,-3897.0,0.0,0.0,761.0,761.0,10640.0,9310.0,510.0,214.0,24.0,24.0,94.0,94.0,3339131
OCCITANIE,2019-04-25 02:30:00,2019,115,02:30:00,115.1,0.0,1617.0,909.0,0.0,998.0,83.0,-93.0,-5.0,0.0,0.0,307.0,307.0,2620.0,2620.0,1559.0,2027.0,5488.0,5164.0,146.0,146.0,5933185
NORMANDIE,2019-03-31 10:00:00,2019,90,10:00:00,90.42,355.0,6598.0,70.0,47.0,23.0,49.0,0.0,-4300.0,0.0,0.0,833.0,833.0,10640.0,9427.0,801.0,254.0,31.0,31.0,105.0,105.0,3325032
AUVERGNE RHONE ALPES,2018-08-09 17:30:00,2018,221,17:30:00,221.73,10.0,8155.0,61.0,205.0,3076.0,109.0,-19.0,-5370.0,0.0,0.0,1000.0,599.0,13570.0,12721.0,578.0,1093.0,11260.0,11075.0,180.0,180.0,7994459
ILE DE FRANCE,2013-06-18 22:30:00,2013,169,22:30:00,169.94,355.0,0.0,2.0,0.0,8.0,112.0,0.0,6981.0,0.0,0.0,2121.0,1942.0,0.0,0.0,37.0,109.0,19.0,19.0,265.0,265.0,11959807
GRAND EST,2013-09-01 05:30:00,2013,244,05:30:00,244.23,131.0,8179.0,302.0,0.0,579.0,45.0,-358.0,-5624.0,0.0,0.0,3398.0,3130.0,10820.0,10820.0,1943.0,506.0,2280.0,2280.0,93.0,93.0,5552388
HAUTS DE FRANCE,2014-06-09 11:30:00,2014,160,11:30:00,160.48,213.0,3106.0,32.0,52.0,2.0,82.0,0.0,1352.0,0.0,0.0,2289.0,2056.0,5460.0,5070.0,2316.0,211.0,5.0,5.0,139.0,139.0,6006156
NOUVELLE AQUITAINE,2021-10-15 02:00:00,2021,288,02:00:00,288.08,68.0,4221.0,96.0,0.0,54.0,128.0,0.0,-59.0,0.0,0.0,578.0,578.0,6630.0,5135.0,1368.0,3293.0,1784.0,1784.0,354.0,354.0,6069352
BOURGOGNE FRANCHE COMTE,2021-08-17 06:00:00,2021,229,06:00:00,229.25,24.0,0.0,13.0,0.0,35.0,29.0,0.0,1510.0,0.0,0.0,401.0,401.0,0.0,0.0,969.0,460.0,524.0,524.0,72.0,72.0,2800194
CENTRE VAL DE LOIRE,2021-05-06 02:30:00,2021,126,02:30:00,126.1,14.0,6473.0,141.0,0.0,4.0,67.0,0.0,-4793.0,0.0,0.0,229.0,229.0,11630.0,11630.0,1302.0,523.0,92.0,92.0,89.0,89.0,2573303
HAUTS DE FRANCE,2018-12-21 06:00:00,2018,355,06:00:00,355.25,579.0,5204.0,3289.0,0.0,2.0,117.0,0.0,-3076.0,0.0,0.0,2969.0,2969.0,5460.0,5338.0,4352.0,235.0,5.0,5.0,177.0,177.0,6004108
NORMANDIE,2017-07-07 16:00:00,2017,188,16:00:00,188.67,300.0,5033.0,53.0,86.0,8.0,47.0,0.0,-2647.0,0.0,0.0,785.0,321.0,10640.0,9593.0,622.0,222.0,31.0,31.0,99.0,99.0,3330478
AUVERGNE RHONE ALPES,2016-05-28 08:30:00,2016,149,08:30:00,149.35,45.0,8488.0,15.0,99.0,3828.0,102.0,-7.0,-6890.0,0.0,0.0,959.0,558.0,13570.0,12659.0,384.0,917.0,11211.0,11015.0,170.0,170.0,7916889
BOURGOGNE FRANCHE COMTE,2020-05-06 02:00:00,2020,127,02:00:00,127.08,22.0,0.0,50.0,0.0,39.0,49.0,0.0,1753.0,0.0,0.0,401.0,401.0,0.0,0.0,877.0,348.0,521.0,521.0,69.0,69.0,2801695
NOUVELLE AQUITAINE,2019-01-28 15:00:00,2019,28,15:00:00,28.62,284.0,6711.0,260.0,621.0,310.0,192.0,0.0,-1478.0,0.0,0.0,538.0,538.0,6630.0,6630.0,975.0,2434.0,1781.0,1658.0,318.0,318.0,6010289
OCCITANIE,2018-08-31 00:00:00,2018,243,00:00:00,243.0,0.0,1216.0,295.0,0.0,509.0,99.0,0.0,1818.0,0.0,0.0,295.0,295.0,2620.0,1400.0,1425.0,1956.0,5485.0,5249.0,146.0,146.0,5885496
PAYS DE LA LOIRE,2013-11-30 23:30:00,2013,334,23:30:00,334.98,993.0,0.0,154.0,0.0,2.0,39.0,0.0,2639.0,0.0,0.0,1856.0,1856.0,0.0,0.0,512.0,398.0,6.0,6.0,58.0,58.0,3660852
PROVENCE ALPES COTE D AZUR,2021-09-11 13:00:00,2021,254,13:00:00,254.54,20.0,0.0,2.0,1114.0,908.0,89.0,-2.0,2469.0,0.0,0.0,2715.0,2452.0,0.0,0.0,96.0,1659.0,3266.0,3235.0,357.0,357.0,5127840
HAUTS DE FRANCE,2016-03-19 04:00:00,2016,79,04:00:00,79.17,497.0,5238.0,608.0,0.0,3.0,109.0,0.0,-703.0,0.0,0.0,2864.0,2864.0,5460.0,4550.0,2919.0,213.0,5.0,5.0,160.0,160.0,6006870
NORMANDIE,2022-04-02 19:30:00,2022,92,19:30:00,92.81,331.0,5086.0,333.0,16.0,14.0,82.0,0.0,-2216.0,0.0,0.0,852.0,852.0,10640.0,9391.0,920.0,309.0,31.0,31.0,148.0,148.0,3327604
OCCITANIE,2020-07-05 08:30:00,2020,187,08:30:00,187.35,0.0,1118.0,537.0,365.0,427.0,79.0,-471.0,833.0,0.0,0.0,314.0,314.0,2620.0,1378.0,1579.0,2249.0,5494.0,5267.0,171.0,171.0,5973969
PAYS DE LA LOIRE,2018-12-24 18:00:00,2018,358,18:00:00,358.75,171.0,0.0,36.0,0.0,3.0,45.0,0.0,2922.0,0.0,0.0,2017.0,1834.0,0.0,0.0,876.0,559.0,8.0,8.0,70.0,70.0,3781423
PROVENCE ALPES COTE D AZUR,2020-12-14 07:00:00,2020,349,07:00:00,349.29,1284.0,0.0,2.0,0.0,672.0,98.0,0.0,3910.0,0.0,0.0,2714.0,2495.0,0.0,0.0,96.0,1541.0,3262.0,3231.0,357.0,357.0,5098666
ILE DE FRANCE,2018-04-01 02:30:00,2018,91,02:30:00,91.1,48.0,0.0,25.0,0.0,0.0,150.0,0.0,7535.0,0.0,0.0,2157.0,2097.0,0.0,0.0,88.0,122.0,20.0,20.0,306.0,306.0,12213447
PROVENCE ALPES COTE D AZUR,2021-06-08 04:00:00,2021,159,04:00:00,159.17,691.0,0.0,20.0,0.0,1948.0,75.0,-2.0,521.0,0.0,0.0,2715.0,2341.0,0.0,0.0,96.0,1599.0,3266.0,3235.0,357.0,357.0,5127840
ILE DE FRANCE,2014-06-07 04:00:00,2014,158,04:00:00,158.17,-1.0,0.0,9.0,0.0,7.0,134.0,0.0,4679.0,0.0,0.0,2122.0,2122.0,0.0,0.0,37.0,111.0,19.0,19.0,282.0,282.0,12027565
BOURGOGNE FRANCHE COMTE,2015-07-30 12:30:00,2015,211,12:30:00,211.52,23.0,0.0,16.0,84.0,65.0,22.0,0.0,2181.0,0.0,0.0,325.0,80.0,0.0,0.0,362.0,262.0,513.0,513.0,29.0,29.0,2820940
PAYS DE LA LOIRE,2017-04-17 22:30:00,2017,107,22:30:00,107.94,-3.0,0.0,138.0,0.0,1.0,49.0,0.0,2460.0,0.0,0.0,1921.0,1286.0,0.0,0.0,713.0,495.0,8.0,8.0,65.0,65.0,3757600
AUVERGNE RHONE ALPES,2022-10-19 10:00:00,2022,292,10:00:00,292.42,458.0,6146.0,81.0,374.0,2618.0,105.0,-13.0,-2468.0,0.0,0.0,1050.0,1050.0,13570.0,12687.0,723.0,1801.0,11789.0,11677.0,208.0,208.0,8155762
AUVERGNE RHONE ALPES,2021-11-17 15:00:00,2021,321,15:00:00,321.62,566.0,11786.0,201.0,144.0,2442.0,120.0,-6.0,-5972.0,0.0,0.0,1048.0,1048.0,13570.0,12669.0,723.0,1570.0,11776.0,11650.0,208.0,208.0,8114361
CENTRE VAL DE LOIRE,2022-07-09 20:30:00,2022,190,20:30:00,190.85,10.0,7402.0,289.0,38.0,1.0,63.0,0.0,-6237.0,0.0,0.0,229.0,229.0,11630.0,10759.0,1455.0,755.0,92.0,92.0,90.0,90.0,2572916
PROVENCE ALPES COTE D AZUR,2022-09-23 11:00:00,2022,266,11:00:00,266.46,860.0,0.0,1.0,817.0,320.0,215.0,0.0,1940.0,0.0,0.0,2724.0,2360.0,0.0,0.0,96.0,1872.0,3267.0,3236.0,357.0,357.0,5150362
NORMANDIE,2021-10-16 22:00:00,2021,289,22:00:00,289.92,242.0,8943.0,146.0,0.0,9.0,95.0,0.0,-6648.0,0.0,0.0,852.0,852.0,10640.0,9472.0,878.0,299.0,31.0,31.0,147.0,147.0,3327966
NORMANDIE,2018-10-27 15:00:00,2018,300,15:00:00,300.62,282.0,4963.0,114.0,49.0,9.0,50.0,0.0,-2363.0,0.0,0.0,821.0,536.0,10640.0,9310.0,758.0,251.0,31.0,31.0,105.0,105.0,3327477
AUVERGNE RHONE ALPES,2021-10-30 16:00:00,2021,303,16:00:00,303.67,37.0,11554.0,319.0,162.0,1322.0,115.0,-1133.0,-5929.0,0.0,0.0,1048.0,1048.0,13570.0,12669.0,723.0,1559.0,11776.0,11650.0,208.0,208.0,8114361
ILE DE FRANCE,2018-06-27 05:30:00,2018,178,05:30:00,178.23,-1.0,0.0,17.0,0.0,9.0,143.0,0.0,4904.0,0.0,0.0,2157.0,2062.0,0.0,0.0,88.0,122.0,20.0,20.0,306.0,306.0,12213447
PAYS DE LA LOIRE,2017-08-07 15:30:00,2017,219,15:30:00,219.65,7.0,0.0,13.0,265.0,0.0,40.0,0.0,2309.0,0.0,0.0,1921.0,1286.0,0.0,0.0,727.0,503.0,8.0,8.0,66.0,66.0,3757600
BRETAGNE,2017-08-19 08:00:00,2017,231,08:00:00,231.33,1.0,0.0,154.0,6.0,0.0,47.0,-1.0,1359.0,0.0,0.0,848.0,751.0,0.0,0.0,916.0,240.0,270.0,270.0,66.0,66.0,3318904
NOUVELLE AQUITAINE,2021-07-26 09:00:00,2021,207,09:00:00,207.38,21.0,5008.0,88.0,517.0,527.0,185.0,0.0,-1902.0,0.0,0.0,578.0,578.0,6630.0,6630.0,1311.0,3222.0,1784.0,1784.0,354.0,354.0,6069352
NORMANDIE,2022-01-29 05:30:00,2022,29,05:30:00,29.23,330.0,8940.0,478.0,0.0,14.0,93.0,0.0,-6467.0,0.0,0.0,852.0,852.0,10640.0,9456.0,920.0,306.0,31.0,31.0,148.0,148.0,3327604
PAYS DE LA LOIRE,2017-08-16 00:00:00,2017,228,00:00:00,228.0,6.0,0.0,66.0,0.0,0.0,40.0,0.0,2379.0,0.0,0.0,1921.0,1286.0,0.0,0.0,727.0,504.0,8.0,8.0,66.0,66.0,3757600
PROVENCE ALPES COTE D AZUR,2019-12-13 20:30:00,2019,347,20:30:00,347.85,1660.0,0.0,2.0,0.0,1861.0,103.0,0.0,2470.0,0.0,0.0,2679.0,2285.0,0.0,0.0,48.0,1425.0,3249.0,3125.0,357.0,207.0,5081101
PAYS DE LA LOIRE,2013-03-18 09:30:00,2013,77,09:30:00,77.4,1676.0,0.0,61.0,49.0,3.0,35.0,0.0,2740.0,0.0,0.0,1837.0,1837.0,0.0,0.0,466.0,388.0,5.0,5.0,57.0,57.0,3660852
PROVENCE ALPES COTE D AZUR,2015-10-13 16:30:00,2015,286,16:30:00,286.69,1919.0,0.0,7.0,120.0,1144.0,65.0,0.0,1016.0,0.0,0.0,2610.0,2145.0,0.0,0.0,48.0,962.0,3171.0,3047.0,183.0,183.0,5007977
BRETAGNE,2015-10-18 20:30:00,2015,291,20:30:00,291.85,0.0,0.0,141.0,0.0,0.0,30.0,-1.0,2072.0,0.0,0.0,724.0,724.0,0.0,0.0,809.0,222.0,275.0,275.0,56.0,56.0,3293850
CENTRE VAL DE LOIRE,2014-04-21 01:00:00,2014,111,01:00:00,111.04,0.0,7775.0,30.0,0.0,1.0,43.0,0.0,-5998.0,0.0,0.0,162.0,162.0,11630.0,11630.0,749.0,215.0,91.0,91.0,56.0,56.0,2577435
OCCITANIE,2014-10-22 14:00:00,2014,295,14:00:00,295.58,-8.0,1193.0,684.0,625.0,751.0,79.0,-1.0,568.0,0.0,0.0,251.0,251.0,2620.0,2620.0,943.0,1309.0,5415.0,5415.0,132.0,132.0,5730753
PROVENCE ALPES COTE D AZUR,2022-10-08 07:00:00,2022,281,07:00:00,281.29,642.0,0.0,0.0,0.0,257.0,57.0,-52.0,1967.0,0.0,0.0,2724.0,2369.0,0.0,0.0,96.0,1901.0,3267.0,3224.0,357.0,357.0,5150362
HAUTS DE FRANCE,2021-11-02 07:00:00,2021,306,07:00:00,306.29,1927.0,3429.0,921.0,0.0,2.0,113.0,0.0,-394.0,0.0,0.0,2990.0,2990.0,5460.0,4550.0,5579.0,422.0,5.0,5.0,190.0,190.0,5995292
AUVERGNE RHONE ALPES,2022-08-01 10:00:00,2022,213,10:00:00,213.42,401.0,7972.0,96.0,738.0,1743.0,103.0,-13.0,-4317.0,0.0,0.0,1048.0,628.0,13570.0,12647.0,723.0,1741.0,11787.0,11614.0,208.0,208.0,8155762
NORMANDIE,2020-12-28 21:00:00,2020,363,21:00:00,363.88,311.0,7647.0,216.0,0.0,12.0,51.0,0.0,-4119.0,0.0,0.0,852.0,272.0,10640.0,9434.0,831.0,272.0,31.0,31.0,116.0,116.0,3325522
PROVENCE ALPES COTE D AZUR,2015-06-19 02:30:00,2015,170,02:30:00,170.1,157.0,0.0,24.0,0.0,1612.0,78.0,0.0,1827.0,0.0,0.0,2610.0,2265.0,0.0,0.0,45.0,917.0,3168.0,3168.0,183.0,183.0,5007977
ILE DE FRANCE,2016-09-15 08:00:00,2016,259,08:00:00,259.33,153.0,0.0,1.0,0.0,7.0,152.0,0.0,7171.0,0.0,0.0,2149.0,1652.0,0.0,0.0,61.0,115.0,19.0,19.0,300.0,300.0,12117132
AUVERGNE RHONE ALPES,2014-05-05 18:00:00,2014,125,18:00:00,125.75,30.0,9250.0,95.0,198.0,3853.0,74.0,-7.0,-6884.0,0.0,0.0,938.0,938.0,13570.0,13570.0,347.0,803.0,11141.0,10989.0,140.0,140.0,7820966
OCCITANIE,2021-07-22 19:00:00,2021,203,19:00:00,203.79,0.0,1223.0,85.0,554.0,1706.0,64.0,0.0,1220.0,0.0,0.0,325.0,325.0,2620.0,2620.0,1593.0,2614.0,5499.0,5332.0,172.0,172.0,6022176
CENTRE VAL DE LOIRE,2021-10-19 23:30:00,2021,292,23:30:00,292.98,25.0,7706.0,947.0,0.0,1.0,61.0,0.0,-7053.0,0.0,0.0,229.0,229.0,11630.0,10732.0,1360.0,606.0,92.0,92.0,90.0,90.0,2573303
NORMANDIE,2015-03-26 03:00:00,2015,85,03:00:00,85.12,302.0,8980.0,127.0,0.0,16.0,68.0,0.0,-5687.0,0.0,0.0,761.0,761.0,10640.0,9310.0,510.0,214.0,24.0,24.0,94.0,94.0,3339131
PAYS DE LA LOIRE,2020-07-05 06:00:00,2020,187,06:00:00,187.25,0.0,0.0,295.0,0.0,0.0,53.0,0.0,1295.0,0.0,0.0,2050.0,1731.0,0.0,0.0,1000.0,642.0,10.0,10.0,77.0,77.0,3832120
ILE DE FRANCE,2016-07-07 02:00:00,2016,189,02:00:00,189.08,-6.0,0.0,4.0,0.0,8.0,166.0,0.0,5041.0,0.0,0.0,2149.0,1617.0,0.0,0.0,61.0,115.0,19.0,19.0,300.0,300.0,12117132
BOURGOGNE FRANCHE COMTE,2014-06-15 07:00:00,2014,166,07:00:00,166.29,16.0,0.0,96.0,7.0,17.0,9.0,0.0,1126.0,0.0,0.0,313.0,68.0,0.0,0.0,254.0,247.0,508.0,508.0,26.0,26.0,2820623
GRAND EST,2015-07-12 19:30:00,2015,193,19:30:00,193.81,30.0,11916.0,298.0,24.0,972.0,69.0,0.0,-9500.0,0.0,0.0,3420.0,3199.0,10820.0,10820.0,2418.0,525.0,2284.0,2284.0,119.0,119.0,5559051
GRAND EST,2021-07-16 14:00:00,2021,197,14:00:00,197.58,335.0,7538.0,861.0,252.0,1021.0,132.0,-6.0,-5124.0,0.0,0.0,3585.0,3585.0,10820.0,9940.0,3913.0,901.0,2305.0,2103.0,208.0,208.0,5561287
PROVENCE ALPES COTE D AZUR,2020-10-27 03:00:00,2020,301,03:00:00,301.12,305.0,0.0,14.0,0.0,992.0,105.0,-51.0,2670.0,0.0,0.0,2714.0,2327.0,0.0,0.0,48.0,1534.0,3262.0,3231.0,357.0,357.0,5098666
PAYS DE LA LOIRE,2022-01-08 10:30:00,2022,8,10:30:00,8.44,783.0,0.0,714.0,48.0,5.0,59.0,0.0,2027.0,0.0,0.0,2068.0,2068.0,0.0,0.0,1133.0,803.0,10.0,10.0,79.0,79.0,3878839
OCCITANIE,2022-01-12 02:00:00,2022,12,02:00:00,12.08,125.0,2555.0,620.0,2.0,1181.0,86.0,-870.0,1962.0,0.0,0.0,326.0,326.0,2620.0,2620.0,1593.0,2790.0,5500.0,5465.0,173.0,173.0,6067101
NOUVELLE AQUITAINE,2021-11-11 11:00:00,2021,315,11:00:00,315.46,175.0,4329.0,43.0,1097.0,292.0,199.0,0.0,-520.0,0.0,0.0,578.0,578.0,6630.0,5135.0,1368.0,3364.0,1784.0,1784.0,354.0,354.0,6069352
PROVENCE ALPES COTE D AZUR,2014-05-22 19:30:00,2014,142,19:30:00,142.81,143.0,0.0,29.0,18.0,1764.0,53.0,0.0,2414.0,0.0,0.0,2592.0,2268.0,0.0,0.0,45.0,833.0,3161.0,3161.0,170.0,170.0,4983438
GRAND EST,2021-03-11 20:00:00,2021,70,20:00:00,70.83,268.0,6406.0,3190.0,0.0,1110.0,137.0,0.0,-4796.0,0.0,0.0,3585.0,3172.0,10820.0,9940.0,3885.0,728.0,2305.0,2103.0,206.0,206.0,5561287
AUVERGNE RHONE ALPES,2016-03-09 20:30:00,2016,69,20:30:00,69.85,568.0,11768.0,33.0,0.0,5571.0,118.0,-3.0,-7776.0,0.0,0.0,959.0,959.0,13570.0,12785.0,384.0,897.0,11205.0,11040.0,170.0,170.0,7916889
AUVERGNE RHONE ALPES,2017-11-02 06:00:00,2017,306,06:00:00,306.25,363.0,5296.0,159.0,0.0,1326.0,131.0,-1288.0,1527.0,0.0,0.0,996.0,996.0,13570.0,12637.0,548.0,976.0,11246.0,11025.0,178.0,178.0,7948287
BRETAGNE,2016-05-01 11:30:00,2016,122,11:30:00,122.48,0.0,0.0,25.0,96.0,6.0,37.0,-1.0,2135.0,0.0,0.0,771.0,686.0,0.0,0.0,853.0,226.0,275.0,275.0,56.0,56.0,3306529
PAYS DE LA LOIRE,2018-07-22 12:00:00,2018,203,12:00:00,203.5,543.0,0.0,7.0,250.0,1.0,43.0,0.0,1368.0,0.0,0.0,1968.0,1804.0,0.0,0.0,804.0,547.0,8.0,8.0,69.0,69.0,3781423
GRAND EST,2022-03-13 16:00:00,2022,72,16:00:00,72.67,489.0,5057.0,1481.0,101.0,505.0,163.0,-495.0,-2689.0,0.0,0.0,3590.0,3590.0,10820.0,9791.0,4228.0,999.0,2306.0,2104.0,212.0,212.0,5563889
BOURGOGNE FRANCHE COMTE,2017-03-29 20:00:00,2017,88,20:00:00,88.83,99.0,0.0,1.0,1.0,55.0,23.0,0.0,2196.0,0.0,0.0,331.0,331.0,0.0,0.0,594.0,266.0,518.0,518.0,31.0,31.0,2811423
AUVERGNE RHONE ALPES,2016-03-05 14:00:00,2016,65,14:00:00,65.58,197.0,11562.0,178.0,223.0,3723.0,130.0,-493.0,-6557.0,0.0,0.0,959.0,959.0,13570.0,12785.0,384.0,897.0,11205.0,11012.0,170.0,170.0,7916889
ILE DE FRANCE,2020-05-14 22:00:00,2020,135,22:00:00,135.92,0.0,0.0,69.0,0.0,9.0,125.0,0.0,6395.0,0.0,0.0,2170.0,2067.0,0.0,0.0,108.0,144.0,20.0,20.0,314.0,314.0,12271794
PAYS DE LA LOIRE,2021-04-12 08:30:00,2021,102,08:30:00,102.35,461.0,0.0,65.0,53.0,4.0,53.0,0.0,3850.0,0.0,0.0,2055.0,2055.0,0.0,0.0,1088.0,707.0,10.0,10.0,78.0,78.0,3853999
BOURGOGNE FRANCHE COMTE,2016-05-03 22:00:00,2016,124,22:00:00,124.92,29.0,0.0,55.0,0.0,115.0,17.0,0.0,2407.0,0.0,0.0,329.0,329.0,0.0,0.0,426.0,264.0,513.0,513.0,30.0,30.0,2818338
NORMANDIE,2013-06-01 11:00:00,2013,152,11:00:00,152.46,248.0,5731.0,70.0,45.0,17.0,39.0,0.0,-3338.0,0.0,0.0,761.0,466.0,10640.0,10110.0,423.0,208.0,23.0,23.0,88.0,88.0,3328364
PAYS DE LA LOIRE,2018-04-24 08:00:00,2018,114,08:00:00,114.33,-13.0,0.0,3.0,22.0,4.0,42.0,0.0,3018.0,0.0,0.0,1968.0,1871.0,0.0,0.0,796.0,541.0,8.0,8.0,69.0,69.0,3781423
NORMANDIE,2021-03-16 22:00:00,2021,75,22:00:00,75.92,361.0,7571.0,496.0,0.0,13.0,87.0,0.0,-4963.0,0.0,0.0,852.0,852.0,10640.0,9797.0,862.0,279.0,31.0,31.0,146.0,146.0,3327966
ILE DE FRANCE,2021-11-30 19:00:00,2021,334,19:00:00,334.79,503.0,0.0,107.0,0.0,4.0,138.0,0.0,11824.0,0.0,0.0,2171.0,2171.0,0.0,0.0,148.0,194.0,20.0,20.0,314.0,314.0,12317279
AUVERGNE RHONE ALPES,2014-02-04 13:00:00,2014,35,13:00:00,35.54,182.0,12414.0,19.0,207.0,3764.0,112.0,-12.0,-6810.0,0.0,0.0,934.0,934.0,13570.0,13570.0,347.0,775.0,11132.0,11132.0,140.0,140.0,7820966
NORMANDIE,2021-08-24 16:00:00,2021,236,16:00:00,236.67,184.0,7017.0,431.0,113.0,11.0,44.0,0.0,-5268.0,0.0,0.0,852.0,852.0,10640.0,9602.0,878.0,296.0,31.0,31.0,147.0,147.0,3327966
AUVERGNE RHONE ALPES,2015-11-27 15:00:00,2015,331,15:00:00,331.62,455.0,10733.0,93.0,170.0,2797.0,124.0,-5.0,-4932.0,0.0,0.0,946.0,946.0,13570.0,12667.0,384.0,893.0,11191.0,10971.0,159.0,159.0,7877698
CENTRE VAL DE LOIRE,2020-11-15 06:30:00,2020,320,06:30:00,320.27,82.0,6333.0,1000.0,0.0,2.0,55.0,0.0,-5640.0,0.0,0.0,229.0,229.0,11630.0,10695.0,1265.0,402.0,92.0,92.0,88.0,88.0,2574863
NORMANDIE,2013-10-25 06:30:00,2013,298,06:30:00,298.27,661.0,8621.0,237.0,0.0,11.0,49.0,0.0,-6688.0,0.0,0.0,761.0,761.0,10640.0,10640.0,444.0,210.0,23.0,23.0,88.0,88.0,3328364
PAYS DE LA LOIRE,2016-11-28 22:30:00,2016,333,22:30:00,333.94,1105.0,0.0,411.0,0.0,0.0,36.0,0.0,2429.0,0.0,0.0,1901.0,1708.0,0.0,0.0,687.0,490.0,8.0,8.0,63.0,63.0,3737632
PROVENCE ALPES COTE D AZUR,2022-10-08 10:30:00,2022,281,10:30:00,281.44,873.0,0.0,0.0,260.0,371.0,55.0,0.0,2253.0,0.0,0.0,2724.0,2369.0,0.0,0.0,96.0,1901.0,3267.0,3224.0,357.0,357.0,5150362
CENTRE VAL DE LOIRE,2021-12-29 18:00:00,2021,363,18:00:00,363.75,71.0,8140.0,1165.0,0.0,64.0,62.0,0.0,-6997.0,0.0,0.0,229.0,229.0,11630.0,10735.0,1381.0,693.0,92.0,92.0,90.0,90.0,2573303
BRETAGNE,2017-01-05 13:00:00,2017,5,13:00:00,5.54,190.0,0.0,23.0,47.0,0.0,39.0,-54.0,3812.0,0.0,0.0,848.0,848.0,0.0,0.0,877.0,232.0,275.0,275.0,58.0,58.0,3318904
AUVERGNE RHONE ALPES,2017-03-14 21:00:00,2017,73,21:00:00,73.88,506.0,10728.0,156.0,0.0,5451.0,120.0,-3.0,-8688.0,0.0,0.0,985.0,985.0,13570.0,12777.0,482.0,939.0,11238.0,11041.0,178.0,178.0,7948287
GRAND EST,2021-06-20 23:30:00,2021,171,23:30:00,171.98,61.0,6782.0,683.0,0.0,1256.0,127.0,0.0,-4829.0,0.0,0.0,3585.0,3172.0,10820.0,9940.0,3913.0,896.0,2305.0,2103.0,207.0,207.0,5561287
AUVERGNE RHONE ALPES,2014-10-17 20:30:00,2014,290,20:30:00,290.85,64.0,10456.0,44.0,0.0,3335.0,79.0,-5.0,-6805.0,0.0,0.0,938.0,938.0,13570.0,12655.0,347.0,834.0,11153.0,11001.0,141.0,141.0,7820966
BOURGOGNE FRANCHE COMTE,2019-10-24 12:30:00,2019,297,12:30:00,297.52,57.0,0.0,429.0,193.0,154.0,25.0,0.0,1851.0,0.0,0.0,401.0,401.0,0.0,0.0,849.0,341.0,521.0,521.0,68.0,68.0,2805580
NORMANDIE,2018-07-20 16:30:00,2018,201,16:30:00,201.69,162.0,7653.0,62.0,44.0,16.0,54.0,0.0,-5255.0,0.0,0.0,813.0,233.0,10640.0,9310.0,712.0,241.0,31.0,31.0,104.0,104.0,3327477
BRETAGNE,2020-11-11 13:30:00,2020,316,13:30:00,316.56,205.0,0.0,571.0,50.0,11.0,50.0,-1.0,1609.0,0.0,0.0,980.0,980.0,0.0,0.0,1041.0,291.0,272.0,272.0,81.0,81.0,3373835
PROVENCE ALPES COTE D AZUR,2016-12-27 12:00:00,2016,362,12:00:00,362.5,1570.0,0.0,19.0,480.0,1406.0,117.0,0.0,1960.0,0.0,0.0,2628.0,2283.0,0.0,0.0,48.0,1055.0,3192.0,3192.0,354.0,354.0,5021928
BRETAGNE,2014-08-21 00:00:00,2014,233,00:00:00,233.0,0.0,0.0,8.0,0.0,48.0,33.0,-1.0,2343.0,0.0,0.0,688.0,688.0,0.0,0.0,771.0,215.0,272.0,272.0,52.0,52.0,3276543
BRETAGNE,2020-09-11 02:30:00,2020,255,02:30:00,255.1,1.0,0.0,73.0,0.0,0.0,54.0,-38.0,1723.0,0.0,0.0,978.0,892.0,0.0,0.0,1028.0,288.0,272.0,272.0,80.0,80.0,3373835
PAYS DE LA LOIRE,2020-07-23 08:30:00,2020,205,08:30:00,205.35,1105.0,0.0,68.0,82.0,0.0,60.0,0.0,1540.0,0.0,0.0,2050.0,1905.0,0.0,0.0,1000.0,644.0,10.0,10.0,77.0,77.0,3832120
CENTRE VAL DE LOIRE,2017-09-27 14:00:00,2017,270,14:00:00,270.58,0.0,5572.0,7.0,145.0,0.0,64.0,0.0,-3843.0,0.0,0.0,198.0,198.0,11630.0,10730.0,963.0,275.0,91.0,91.0,76.0,76.0,2576252
AUVERGNE RHONE ALPES,2022-08-15 12:30:00,2022,227,12:30:00,227.52,350.0,6412.0,79.0,823.0,1514.0,120.0,-415.0,-3244.0,0.0,0.0,1048.0,628.0,13570.0,12616.0,723.0,1749.0,11788.0,11657.0,208.0,208.0,8155762
HAUTS DE FRANCE,2017-06-11 08:00:00,2017,162,08:00:00,162.33,227.0,3475.0,186.0,20.0,1.0,109.0,0.0,21.0,0.0,0.0,2900.0,2599.0,5460.0,4550.0,3488.0,215.0,5.0,5.0,165.0,165.0,6003815
ILE DE FRANCE,2015-09-29 04:30:00,2015,272,04:30:00,272.19,-14.0,0.0,24.0,0.0,10.0,117.0,0.0,5098.0,0.0,0.0,2144.0,1719.0,0.0,0.0,49.0,113.0,19.0,19.0,300.0,300.0,12082144
ILE DE FRANCE,2013-11-20 07:30:00,2013,324,07:30:00,324.31,1005.0,0.0,7.0,0.0,0.0,121.0,0.0,10572.0,0.0,0.0,2122.0,2122.0,0.0,0.0,37.0,110.0,19.0,19.0,282.0,282.0,11959807
HAUTS DE FRANCE,2023-01-07 21:00:00,2023,7,21:00:00,7.88,929.0,4492.0,4240.0,0.0,3.0,135.0,0.0,-5329.0,0.0,0.0,3003.0,2880.0,5460.0,4550.0,6095.0,463.0,6.0,6.0,198.0,198.0,5980697
BOURGOGNE FRANCHE COMTE,2014-10-18 08:00:00,2014,291,08:00:00,291.33,18.0,0.0,40.0,0.0,51.0,22.0,0.0,1810.0,0.0,0.0,313.0,68.0,0.0,0.0,304.0,252.0,509.0,509.0,28.0,28.0,2820623
AUVERGNE RHONE ALPES,2019-04-02 23:00:00,2019,92,23:00:00,92.96,30.0,8299.0,172.0,0.0,4907.0,112.0,-4.0,-5922.0,0.0,0.0,1027.0,1027.0,13570.0,12637.0,607.0,1142.0,11247.0,11053.0,189.0,189.0,8042936
BOURGOGNE FRANCHE COMTE,2017-04-12 16:30:00,2017,102,16:30:00,102.69,55.0,0.0,35.0,124.0,30.0,17.0,0.0,2190.0,0.0,0.0,331.0,331.0,0.0,0.0,605.0,267.0,519.0,519.0,31.0,31.0,2811423
AUVERGNE RHONE ALPES,2017-04-23 19:30:00,2017,113,19:30:00,113.81,60.0,9885.0,98.0,65.0,1479.0,113.0,-67.0,-5469.0,0.0,0.0,985.0,985.0,13570.0,12679.0,486.0,943.0,11239.0,11042.0,178.0,178.0,7948287
PROVENCE ALPES COTE D AZUR,2013-07-23 20:00:00,2013,204,20:00:00,204.83,159.0,0.0,8.0,27.0,1582.0,65.0,0.0,3060.0,0.0,0.0,2590.0,2209.0,0.0,0.0,45.0,717.0,3158.0,3158.0,151.0,151.0,4953675
CENTRE VAL DE LOIRE,2017-11-03 15:30:00,2017,307,15:30:00,307.65,84.0,6690.0,101.0,31.0,0.0,61.0,0.0,-4890.0,0.0,0.0,214.0,214.0,11630.0,10688.0,963.0,276.0,91.0,91.0,76.0,76.0,2576252
AUVERGNE RHONE ALPES,2021-07-20 13:30:00,2021,201,13:30:00,201.56,46.0,7833.0,48.0,931.0,3155.0,118.0,-22.0,-4691.0,0.0,0.0,1047.0,1047.0,13570.0,13570.0,723.0,1500.0,11771.0,11624.0,208.0,208.0,8114361
GRAND EST,2021-11-15 01:00:00,2021,319,01:00:00,319.04,847.0,9305.0,1018.0,1.0,426.0,141.0,-524.0,-6384.0,0.0,0.0,3589.0,3589.0,10820.0,10076.0,4062.0,952.0,2305.0,2103.0,209.0,209.0,5561287
PAYS DE LA LOIRE,2013-09-27 17:30:00,2013,270,17:30:00,270.73,1003.0,0.0,67.0,55.0,0.0,29.0,0.0,1534.0,0.0,0.0,1837.0,1837.0,0.0,0.0,490.0,396.0,6.0,6.0,58.0,58.0,3660852
HAUTS DE FRANCE,2014-11-27 03:00:00,2014,331,03:00:00,331.12,628.0,5466.0,165.0,0.0,2.0,101.0,0.0,-473.0,0.0,0.0,2301.0,2301.0,5460.0,5460.0,2524.0,212.0,5.0,5.0,142.0,142.0,6006156
CENTRE VAL DE LOIRE,2019-10-23 18:00:00,2019,296,18:00:00,296.75,14.0,6499.0,381.0,10.0,6.0,56.0,0.0,-4851.0,0.0,0.0,229.0,229.0,11630.0,10612.0,1195.0,340.0,91.0,91.0,86.0,86.0,2573180
HAUTS DE FRANCE,2013-06-15 09:30:00,2013,166,09:30:00,166.4,270.0,3598.0,910.0,21.0,1.0,62.0,0.0,186.0,0.0,0.0,2268.0,2268.0,5460.0,5460.0,2126.0,210.0,5.0,5.0,139.0,139.0,5987883
HAUTS DE FRANCE,2016-01-06 06:00:00,2016,6,06:00:00,6.25,706.0,5377.0,391.0,0.0,2.0,125.0,0.0,-481.0,0.0,0.0,2301.0,2301.0,5460.0,5460.0,2878.0,213.0,5.0,5.0,160.0,160.0,6006870
NOUVELLE AQUITAINE,2019-04-18 11:30:00,2019,108,11:30:00,108.48,13.0,4209.0,85.0,1049.0,414.0,193.0,0.0,-848.0,0.0,0.0,538.0,538.0,6630.0,5542.0,991.0,2468.0,1782.0,1673.0,319.0,319.0,6010289
PAYS DE LA LOIRE,2021-05-21 09:30:00,2021,141,09:30:00,141.4,0.0,0.0,597.0,177.0,3.0,57.0,0.0,2348.0,0.0,0.0,2056.0,2056.0,0.0,0.0,1097.0,740.0,10.0,10.0,78.0,78.0,3853999
BOURGOGNE FRANCHE COMTE,2014-10-16 05:30:00,2014,289,05:30:00,289.23,18.0,0.0,98.0,0.0,54.0,19.0,0.0,1724.0,0.0,0.0,313.0,68.0,0.0,0.0,304.0,252.0,509.0,509.0,28.0,28.0,2820623
HAUTS DE FRANCE,2021-11-09 03:00:00,2021,313,03:00:00,313.12,1429.0,2675.0,249.0,0.0,2.0,116.0,0.0,1234.0,0.0,0.0,2990.0,2990.0,5460.0,4550.0,5600.0,433.0,5.0,5.0,190.0,190.0,5995292
NOUVELLE AQUITAINE,2020-05-24 22:30:00,2020,145,22:30:00,145.94,18.0,2945.0,315.0,0.0,371.0,183.0,0.0,-182.0,0.0,0.0,571.0,571.0,6630.0,5635.0,1100.0,2649.0,1783.0,1678.0,341.0,341.0,6033952
BOURGOGNE FRANCHE COMTE,2018-11-06 01:30:00,2018,310,01:30:00,310.06,147.0,0.0,220.0,0.0,6.0,28.0,-1.0,1832.0,0.0,0.0,395.0,395.0,0.0,0.0,719.0,318.0,520.0,443.0,57.0,57.0,2807807
AUVERGNE RHONE ALPES,2013-06-08 13:30:00,2013,159,13:30:00,159.56,50.0,8708.0,87.0,118.0,5074.0,61.0,-7.0,-7724.0,0.0,0.0,919.0,919.0,13570.0,13570.0,335.0,718.0,11116.0,11116.0,106.0,106.0,7757595
PAYS DE LA LOIRE,2014-06-06 20:30:00,2014,157,20:30:00,157.85,14.0,0.0,80.0,25.0,2.0,33.0,0.0,2326.0,0.0,0.0,1864.0,1429.0,0.0,0.0,518.0,413.0,7.0,7.0,58.0,58.0,3690833
HAUTS DE FRANCE,2020-01-05 17:30:00,2020,5,17:30:00,5.73,2173.0,4592.0,146.0,0.0,2.0,135.0,0.0,-910.0,0.0,0.0,2970.0,2970.0,5460.0,4838.0,4895.0,240.0,5.0,5.0,180.0,180.0,5997734
PROVENCE ALPES COTE D AZUR,2015-01-16 20:00:00,2015,16,20:00:00,16.83,1156.0,0.0,7.0,0.0,1898.0,62.0,0.0,2858.0,0.0,0.0,2600.0,2212.0,0.0,0.0,45.0,882.0,3168.0,3168.0,183.0,183.0,5007977
NOUVELLE AQUITAINE,2019-04-28 04:30:00,2019,118,04:30:00,118.19,15.0,4872.0,201.0,-1.0,323.0,194.0,0.0,-1835.0,0.0,0.0,538.0,538.0,6630.0,5720.0,991.0,2474.0,1782.0,1673.0,319.0,319.0,6010289
PROVENCE ALPES COTE D AZUR,2017-11-15 03:00:00,2017,319,03:00:00,319.12,2245.0,0.0,20.0,0.0,445.0,91.0,-51.0,2218.0,0.0,0.0,2643.0,2337.0,0.0,0.0,48.0,1180.0,3224.0,3224.0,357.0,357.0,5030890
PROVENCE ALPES COTE D AZUR,2013-01-29 15:00:00,2013,29,15:00:00,29.62,1092.0,0.0,0.0,160.0,952.0,71.0,0.0,3899.0,0.0,0.0,2590.0,2528.0,0.0,0.0,45.0,669.0,3158.0,3158.0,149.0,149.0,4953675
AUVERGNE RHONE ALPES,2015-04-10 23:30:00,2015,100,23:30:00,100.98,453.0,9456.0,163.0,0.0,4734.0,90.0,-3.0,-7257.0,0.0,0.0,944.0,944.0,13570.0,12527.0,372.0,863.0,11181.0,10861.0,141.0,141.0,7877698
NORMANDIE,2017-07-20 13:00:00,2017,201,13:00:00,201.54,861.0,5969.0,357.0,40.0,6.0,57.0,0.0,-4276.0,0.0,0.0,785.0,785.0,10640.0,9518.0,637.0,222.0,31.0,31.0,99.0,99.0,3330478
ILE DE FRANCE,2016-08-18 20:00:00,2016,231,20:00:00,231.83,-2.0,0.0,5.0,3.0,5.0,137.0,0.0,6350.0,0.0,0.0,2149.0,1647.0,0.0,0.0,61.0,115.0,19.0,19.0,300.0,300.0,12117132
BRETAGNE,2020-02-06 20:00:00,2020,37,20:00:00,37.83,257.0,0.0,452.0,0.0,23.0,52.0,-1.0,2776.0,0.0,0.0,978.0,978.0,0.0,0.0,1021.0,278.0,272.0,272.0,78.0,78.0,3373835
GRAND EST,2017-09-30 14:00:00,2017,273,14:00:00,273.58,1514.0,7510.0,298.0,67.0,716.0,85.0,0.0,-5538.0,0.0,0.0,3464.0,2869.0,10820.0,9541.0,3030.0,549.0,2298.0,1980.0,141.0,141.0,5549586
AUVERGNE RHONE ALPES,2022-04-06 15:30:00,2022,96,15:30:00,96.65,416.0,9822.0,94.0,563.0,1969.0,98.0,-126.0,-4705.0,0.0,0.0,1048.0,1048.0,13570.0,12658.0,723.0,1670.0,11780.0,11607.0,208.0,208.0,8155762
CENTRE VAL DE LOIRE,2021-05-01 13:30:00,2021,121,13:30:00,121.56,12.0,8318.0,80.0,230.0,13.0,64.0,0.0,-6851.0,0.0,0.0,229.0,229.0,11630.0,11630.0,1288.0,508.0,92.0,92.0,89.0,89.0,2573303
GRAND EST,2013-07-16 07:00:00,2013,197,07:00:00,197.29,1521.0,8871.0,90.0,16.0,1086.0,44.0,-342.0,-6727.0,0.0,0.0,3398.0,3398.0,10820.0,9955.0,1902.0,505.0,2280.0,2280.0,93.0,93.0,5552388
BRETAGNE,2013-02-18 12:00:00,2013,49,12:00:00,49.5,64.0,0.0,69.0,79.0,20.0,18.0,0.0,3190.0,0.0,0.0,658.0,658.0,0.0,0.0,716.0,202.0,11.0,11.0,36.0,36.0,3258707
OCCITANIE,2017-10-11 15:00:00,2017,284,15:00:00,284.62,0.0,2521.0,33.0,857.0,207.0,71.0,0.0,278.0,0.0,0.0,282.0,282.0,2620.0,2620.0,1249.0,1756.0,5476.0,5249.0,140.0,140.0,5845102
NORMANDIE,2013-05-17 18:30:00,2013,137,18:30:00,137.77,1009.0,7258.0,125.0,17.0,15.0,40.0,0.0,-5438.0,0.0,0.0,761.0,761.0,10640.0,10640.0,423.0,208.0,23.0,23.0,88.0,88.0,3328364
GRAND EST,2019-08-13 04:00:00,2019,225,04:00:00,225.17,779.0,5890.0,571.0,0.0,866.0,112.0,-517.0,-4558.0,0.0,0.0,3531.0,3048.0,10820.0,9631.0,3434.0,591.0,2303.0,2032.0,172.0,172.0,5556219
PROVENCE ALPES COTE D AZUR,2018-10-23 00:30:00,2018,296,00:30:00,296.02,878.0,0.0,14.0,0.0,506.0,58.0,0.0,2224.0,0.0,0.0,2666.0,2320.0,0.0,0.0,48.0,1300.0,3233.0,3109.0,357.0,207.0,5052832
NOUVELLE AQUITAINE,2016-03-28 23:30:00,2016,88,23:30:00,88.98,156.0,3744.0,256.0,-1.0,626.0,184.0,0.0,-186.0,0.0,0.0,429.0,429.0,6630.0,5702.0,559.0,1841.0,1778.0,1778.0,279.0,279.0,5935603
NORMANDIE,2017-03-21 20:30:00,2017,80,20:30:00,80.85,472.0,4899.0,53.0,0.0,23.0,32.0,0.0,-1786.0,0.0,0.0,785.0,298.0,10640.0,9310.0,622.0,220.0,31.0,31.0,97.0,97.0,3330478
OCCITANIE,2018-02-22 06:30:00,2018,53,06:30:00,53.27,86.0,2618.0,690.0,0.0,2099.0,93.0,-16.0,487.0,0.0,0.0,291.0,291.0,2620.0,2620.0,1365.0,1830.0,5482.0,5255.0,145.0,145.0,5885496
AUVERGNE RHONE ALPES,2013-11-18 09:00:00,2013,322,09:00:00,322.38,231.0,10436.0,70.0,7.0,4146.0,79.0,-5.0,-5245.0,0.0,0.0,926.0,926.0,13570.0,13570.0,335.0,742.0,11125.0,10973.0,125.0,125.0,7757595
BRETAGNE,2016-09-07 03:30:00,2016,251,03:30:00,251.15,1.0,0.0,134.0,0.0,152.0,38.0,-1.0,1288.0,0.0,0.0,773.0,688.0,0.0,0.0,877.0,230.0,275.0,275.0,57.0,57.0,3306529
ILE DE FRANCE,2018-12-31 04:30:00,2018,365,04:30:00,365.19,417.0,0.0,2.0,0.0,10.0,155.0,0.0,6743.0,0.0,0.0,2169.0,2169.0,0.0,0.0,88.0,124.0,20.0,20.0,306.0,306.0,12213447
HAUTS DE FRANCE,2022-02-06 11:30:00,2022,37,11:30:00,37.48,772.0,2651.0,4777.0,16.0,3.0,112.0,0.0,-2169.0,0.0,0.0,2990.0,2990.0,5460.0,4550.0,5693.0,438.0,5.0,5.0,190.0,190.0,5990765
HAUTS DE FRANCE,2014-10-24 12:30:00,2014,297,12:30:00,297.52,418.0,4466.0,451.0,13.0,1.0,61.0,0.0,1189.0,0.0,0.0,2301.0,2301.0,5460.0,5460.0,2476.0,212.0,5.0,5.0,142.0,142.0,6006156
ILE DE FRANCE,2019-11-11 01:30:00,2019,315,01:30:00,315.06,402.0,0.0,29.0,0.0,9.0,153.0,0.0,7372.0,0.0,0.0,2170.0,2106.0,0.0,0.0,108.0,143.0,20.0,20.0,314.0,314.0,12262544
HAUTS DE FRANCE,2021-02-03 06:00:00,2021,34,06:00:00,34.25,662.0,4220.0,1143.0,0.0,1.0,123.0,0.0,-259.0,0.0,0.0,2990.0,2990.0,5460.0,4550.0,5413.0,300.0,5.0,5.0,181.0,181.0,5995292
ILE DE FRANCE,2016-03-09 02:00:00,2016,69,02:00:00,69.08,473.0,0.0,15.0,0.0,0.0,153.0,0.0,7981.0,0.0,0.0,2149.0,2149.0,0.0,0.0,61.0,114.0,19.0,19.0,300.0,300.0,12117132
PAYS DE LA LOIRE,2021-05-17 23:30:00,2021,137,23:30:00,137.98,381.0,0.0,306.0,0.0,4.0,45.0,0.0,2206.0,0.0,0.0,2055.0,2055.0,0.0,0.0,1097.0,738.0,10.0,10.0,78.0,78.0,3853999
AUVERGNE RHONE ALPES,2018-12-07 01:30:00,2018,341,01:30:00,341.06,220.0,9924.0,155.0,0.0,2691.0,142.0,-1308.0,-4066.0,0.0,0.0,1025.0,1025.0,13570.0,12700.0,607.0,1120.0,11268.0,11098.0,189.0,189.0,7994459
ILE DE FRANCE,2017-10-27 14:00:00,2017,300,14:00:00,300.58,142.0,0.0,5.0,32.0,4.0,139.0,0.0,7903.0,0.0,0.0,2149.0,1937.0,0.0,0.0,88.0,119.0,19.0,19.0,302.0,302.0,12174880
OCCITANIE,2021-04-30 00:00:00,2021,120,00:00:00,120.0,0.0,2480.0,28.0,0.0,920.0,91.0,-39.0,746.0,0.0,0.0,318.0,318.0,2620.0,2620.0,1593.0,2534.0,5499.0,5266.0,172.0,172.0,6022176
BRETAGNE,2022-06-25 20:00:00,2022,176,20:00:00,176.83,468.0,0.0,416.0,52.0,3.0,54.0,-53.0,826.0,0.0,0.0,1432.0,1331.0,0.0,0.0,1191.0,374.0,272.0,272.0,82.0,82.0,3414637
NOUVELLE AQUITAINE,2018-07-12 22:00:00,2018,193,22:00:00,193.92,26.0,5637.0,125.0,-1.0,238.0,185.0,0.0,-1836.0,0.0,0.0,482.0,482.0,6630.0,5720.0,924.0,2362.0,1781.0,1669.0,315.0,315.0,5979778
GRAND EST,2017-04-09 20:00:00,2017,99,20:00:00,99.83,42.0,5993.0,24.0,6.0,950.0,79.0,0.0,-3113.0,0.0,0.0,3453.0,2942.0,10820.0,9498.0,2879.0,535.0,2297.0,2078.0,140.0,140.0,5549586
PROVENCE ALPES COTE D AZUR,2019-07-03 19:30:00,2019,184,19:30:00,184.81,411.0,0.0,9.0,74.0,1104.0,82.0,0.0,3571.0,0.0,0.0,2674.0,2267.0,0.0,0.0,48.0,1380.0,3241.0,3117.0,357.0,207.0,5081101
OCCITANIE,2022-11-30 00:00:00,2022,334,00:00:00,334.0,108.0,1288.0,453.0,0.0,539.0,106.0,-425.0,2675.0,0.0,0.0,326.0,326.0,2620.0,1310.0,1621.0,3104.0,5505.0,5341.0,175.0,175.0,6067101
OCCITANIE,2020-03-20 10:00:00,2020,80,10:00:00,80.42,67.0,2503.0,604.0,971.0,2413.0,97.0,-10.0,-2839.0,0.0,0.0,314.0,314.0,2620.0,2620.0,1579.0,2198.0,5491.0,5210.0,171.0,171.0,5973969
PROVENCE ALPES COTE D AZUR,2018-08-06 04:30:00,2018,218,04:30:00,218.19,42.0,0.0,1.0,0.0,391.0,95.0,0.0,2922.0,0.0,0.0,2666.0,2267.0,0.0,0.0,48.0,1291.0,3233.0,3086.0,357.0,207.0,5052832
PROVENCE ALPES COTE D AZUR,2015-10-22 02:00:00,2015,295,02:00:00,295.08,1503.0,0.0,26.0,0.0,443.0,75.0,0.0,2224.0,0.0,0.0,2610.0,2080.0,0.0,0.0,48.0,968.0,3174.0,3174.0,183.0,183.0,5007977
GRAND EST,2021-06-21 14:00:00,2021,172,14:00:00,172.58,1130.0,6840.0,61.0,489.0,1190.0,128.0,0.0,-4769.0,0.0,0.0,3585.0,3172.0,10820.0,9940.0,3913.0,897.0,2305.0,2103.0,207.0,207.0,5561287
HAUTS DE FRANCE,2015-01-14 15:30:00,2015,14,15:30:00,14.65,1238.0,5463.0,1027.0,26.0,2.0,120.0,0.0,-387.0,0.0,0.0,2301.0,2301.0,5460.0,5460.0,2607.0,212.0,5.0,5.0,155.0,155.0,6009976
HAUTS DE FRANCE,2018-12-28 22:00:00,2018,362,22:00:00,362.92,1206.0,5485.0,56.0,0.0,2.0,118.0,0.0,-45.0,0.0,0.0,2969.0,2384.0,5460.0,5460.0,4352.0,235.0,5.0,5.0,177.0,177.0,6004108
BOURGOGNE FRANCHE COMTE,2013-05-27 07:30:00,2013,147,07:30:00,147.31,28.0,0.0,3.0,10.0,232.0,13.0,0.0,2433.0,0.0,0.0,301.0,301.0,0.0,0.0,204.0,228.0,480.0,480.0,24.0,24.0,2819783
BRETAGNE,2022-07-01 19:00:00,2022,182,19:00:00,182.79,499.0,0.0,118.0,88.0,3.0,54.0,0.0,1389.0,0.0,0.0,1432.0,1322.0,0.0,0.0,1191.0,374.0,272.0,272.0,82.0,82.0,3414637
AUVERGNE RHONE ALPES,2013-05-27 04:30:00,2013,147,04:30:00,147.19,27.0,9907.0,50.0,0.0,4044.0,66.0,-1634.0,-6097.0,0.0,0.0,919.0,919.0,13570.0,13570.0,335.0,716.0,11116.0,11116.0,106.0,106.0,7757595
OCCITANIE,2017-04-16 23:30:00,2017,106,23:30:00,106.98,2.0,1233.0,636.0,0.0,1174.0,81.0,-6.0,654.0,0.0,0.0,282.0,282.0,2620.0,1310.0,1194.0,1705.0,5475.0,5020.0,140.0,140.0,5845102
ILE DE FRANCE,2015-08-06 20:00:00,2015,218,20:00:00,218.83,-2.0,0.0,0.0,5.0,4.0,111.0,0.0,6700.0,0.0,0.0,2144.0,1679.0,0.0,0.0,49.0,113.0,19.0,19.0,300.0,300.0,12082144
CENTRE VAL DE LOIRE,2020-06-20 17:00:00,2020,172,17:00:00,172.71,14.0,3686.0,57.0,143.0,1.0,59.0,0.0,-2582.0,0.0,0.0,229.0,229.0,11630.0,10666.0,1256.0,373.0,92.0,92.0,86.0,86.0,2574863
ILE DE FRANCE,2014-09-16 15:30:00,2014,259,15:30:00,259.65,646.0,0.0,0.0,36.0,6.0,92.0,0.0,7149.0,0.0,0.0,2122.0,2122.0,0.0,0.0,37.0,111.0,19.0,19.0,282.0,282.0,12027565
PROVENCE ALPES COTE D AZUR,2019-12-12 04:00:00,2019,346,04:00:00,346.17,1582.0,0.0,11.0,0.0,1430.0,107.0,0.0,2063.0,0.0,0.0,2679.0,2301.0,0.0,0.0,48.0,1424.0,3249.0,3125.0,357.0,207.0,5081101
PAYS DE LA LOIRE,2013-06-21 11:00:00,2013,172,11:00:00,172.46,531.0,0.0,27.0,57.0,2.0,33.0,0.0,2536.0,0.0,0.0,1837.0,1837.0,0.0,0.0,490.0,391.0,5.0,5.0,57.0,57.0,3660852
NOUVELLE AQUITAINE,2014-06-26 11:00:00,2014,177,11:00:00,177.46,26.0,6529.0,22.0,345.0,366.0,143.0,0.0,-2505.0,0.0,0.0,421.0,421.0,6630.0,6630.0,447.0,1122.0,1772.0,1772.0,220.0,220.0,5879144
BOURGOGNE FRANCHE COMTE,2015-10-01 11:00:00,2015,274,11:00:00,274.46,22.0,0.0,106.0,99.0,19.0,17.0,0.0,2540.0,0.0,0.0,325.0,80.0,0.0,0.0,408.0,262.0,513.0,513.0,29.0,29.0,2820940
HAUTS DE FRANCE,2015-10-18 11:30:00,2015,291,11:30:00,291.48,379.0,4453.0,30.0,21.0,1.0,87.0,0.0,844.0,0.0,0.0,2301.0,2051.0,5460.0,4550.0,2786.0,213.0,5.0,5.0,160.0,160.0,6009976
HAUTS DE FRANCE,2014-12-18 14:30:00,2014,352,14:30:00,352.6,494.0,5220.0,1674.0,3.0,2.0,105.0,0.0,-224.0,0.0,0.0,2301.0,2301.0,5460.0,5460.0,2595.0,212.0,5.0,5.0,155.0,155.0,6006156
ILE DE FRANCE,2017-07-24 21:00:00,2017,205,21:00:00,205.88,1.0,0.0,13.0,1.0,6.0,173.0,0.0,6262.0,0.0,0.0,2149.0,1776.0,0.0,0.0,73.0,117.0,19.0,19.0,301.0,301.0,12174880
BRETAGNE,2021-09-30 07:30:00,2021,273,07:30:00,273.31,12.0,0.0,246.0,0.0,25.0,55.0,-1.0,2059.0,0.0,0.0,1428.0,1428.0,0.0,0.0,1106.0,346.0,272.0,272.0,82.0,82.0,3394567
AUVERGNE RHONE ALPES,2019-07-06 16:30:00,2019,187,16:30:00,187.69,39.0,9760.0,25.0,548.0,3052.0,107.0,-669.0,-6308.0,0.0,0.0,1027.0,1027.0,13570.0,12665.0,635.0,1157.0,11247.0,11083.0,190.0,190.0,8042936
NORMANDIE,2021-07-29 17:00:00,2021,210,17:00:00,210.71,187.0,7088.0,103.0,77.0,10.0,82.0,0.0,-5058.0,0.0,0.0,852.0,852.0,10640.0,9675.0,878.0,296.0,31.0,31.0,147.0,147.0,3327966
HAUTS DE FRANCE,2015-09-16 21:00:00,2015,259,21:00:00,259.88,332.0,3469.0,1400.0,0.0,1.0,109.0,0.0,416.0,0.0,0.0,2301.0,2051.0,5460.0,4550.0,2774.0,213.0,5.0,5.0,160.0,160.0,6009976
CENTRE VAL DE LOIRE,2015-04-04 15:30:00,2015,94,15:30:00,94.65,0.0,9073.0,261.0,33.0,15.0,45.0,0.0,-7258.0,0.0,0.0,166.0,166.0,11630.0,10522.0,818.0,228.0,91.0,91.0,71.0,71.0,2578592
HAUTS DE FRANCE,2021-04-02 03:30:00,2021,92,03:30:00,92.15,657.0,3576.0,1885.0,0.0,2.0,114.0,0.0,-1312.0,0.0,0.0,2990.0,2990.0,5460.0,5460.0,5430.0,353.0,5.0,5.0,182.0,182.0,5995292
OCCITANIE,2021-05-28 00:00:00,2021,148,00:00:00,148.0,0.0,1257.0,15.0,0.0,1399.0,56.0,-9.0,1030.0,0.0,0.0,318.0,318.0,2620.0,2620.0,1593.0,2565.0,5499.0,5332.0,172.0,172.0,6022176
HAUTS DE FRANCE,2018-02-02 00:30:00,2018,33,00:30:00,33.02,502.0,5472.0,1112.0,0.0,1.0,117.0,0.0,550.0,0.0,0.0,2922.0,2691.0,5460.0,4550.0,3799.0,217.0,5.0,5.0,170.0,170.0,6004108
PROVENCE ALPES COTE D AZUR,2016-10-29 12:30:00,2016,303,12:30:00,303.52,2186.0,0.0,6.0,614.0,541.0,107.0,0.0,1049.0,0.0,0.0,2618.0,2373.0,0.0,0.0,48.0,1048.0,3192.0,3192.0,354.0,354.0,5021928
AUVERGNE RHONE ALPES,2022-11-07 08:30:00,2022,311,08:30:00,311.35,543.0,6549.0,58.0,152.0,3529.0,110.0,-13.0,-2960.0,0.0,0.0,1050.0,1050.0,13570.0,12684.0,723.0,1820.0,11790.0,11692.0,208.0,208.0,8155762
AUVERGNE RHONE ALPES,2017-11-18 16:30:00,2017,322,16:30:00,322.69,538.0,5505.0,118.0,41.0,1708.0,139.0,-331.0,534.0,0.0,0.0,1000.0,1000.0,13570.0,12689.0,548.0,977.0,11246.0,11015.0,178.0,178.0,7948287
BRETAGNE,2014-02-27 06:30:00,2014,58,06:30:00,58.27,80.0,0.0,342.0,0.0,19.0,33.0,-17.0,2674.0,0.0,0.0,684.0,684.0,0.0,0.0,747.0,209.0,251.0,251.0,50.0,50.0,3276543
BRETAGNE,2022-09-09 11:30:00,2022,252,11:30:00,252.48,541.0,0.0,279.0,122.0,186.0,55.0,-1.0,1304.0,0.0,0.0,1432.0,1322.0,0.0,0.0,1209.0,395.0,272.0,272.0,83.0,83.0,3414637
CENTRE VAL DE LOIRE,2017-12-16 21:30:00,2017,350,21:30:00,350.9,99.0,9384.0,264.0,0.0,46.0,58.0,0.0,-6987.0,0.0,0.0,214.0,214.0,11630.0,10522.0,987.0,278.0,91.0,91.0,76.0,76.0,2576252
PAYS DE LA LOIRE,2021-06-30 08:30:00,2021,181,08:30:00,181.35,0.0,0.0,7.0,66.0,4.0,58.0,0.0,2693.0,0.0,0.0,2056.0,2056.0,0.0,0.0,1105.0,750.0,10.0,10.0,78.0,78.0,3853999
CENTRE VAL DE LOIRE,2014-06-27 21:00:00,2014,178,21:00:00,178.88,2.0,7623.0,73.0,6.0,9.0,48.0,0.0,-6020.0,0.0,0.0,162.0,162.0,11630.0,11630.0,801.0,216.0,91.0,91.0,56.0,56.0,2577435
OCCITANIE,2016-06-12 12:30:00,2016,164,12:30:00,164.52,-2.0,1055.0,545.0,872.0,1285.0,79.0,-272.0,-183.0,0.0,0.0,266.0,266.0,2620.0,1310.0,1098.0,1597.0,5462.0,5235.0,139.0,139.0,5808435
BRETAGNE,2015-02-24 05:30:00,2015,55,05:30:00,55.23,110.0,0.0,354.0,0.0,227.0,29.0,-1.0,2521.0,0.0,0.0,719.0,719.0,0.0,0.0,801.0,219.0,272.0,272.0,53.0,53.0,3293850
NOUVELLE AQUITAINE,2017-05-13 05:30:00,2017,133,05:30:00,133.23,48.0,5657.0,88.0,-1.0,309.0,169.0,0.0,-2931.0,0.0,0.0,465.0,465.0,6630.0,5574.0,742.0,1960.0,1780.0,1670.0,306.0,306.0,5956978
AUVERGNE RHONE ALPES,2013-06-27 15:00:00,2013,178,15:00:00,178.62,50.0,8579.0,130.0,239.0,4971.0,68.0,-7.0,-6651.0,0.0,0.0,919.0,919.0,13570.0,13570.0,335.0,720.0,11116.0,11116.0,106.0,106.0,7757595
PAYS DE LA LOIRE,2020-04-24 02:00:00,2020,115,02:00:00,115.08,8.0,0.0,54.0,0.0,2.0,56.0,0.0,2380.0,0.0,0.0,2050.0,1760.0,0.0,0.0,989.0,635.0,10.0,10.0,77.0,77.0,3832120
ILE DE FRANCE,2016-01-29 06:00:00,2016,29,06:00:00,29.25,421.0,0.0,14.0,0.0,7.0,138.0,0.0,8372.0,0.0,0.0,2149.0,2149.0,0.0,0.0,61.0,114.0,19.0,19.0,300.0,300.0,12117132
NOUVELLE AQUITAINE,2014-12-24 15:00:00,2014,358,15:00:00,358.62,124.0,5605.0,140.0,136.0,470.0,153.0,0.0,-258.0,0.0,0.0,427.0,427.0,6630.0,5720.0,469.0,1348.0,1774.0,1774.0,232.0,232.0,5879144
HAUTS DE FRANCE,2019-12-18 19:00:00,2019,352,19:00:00,352.79,1319.0,4008.0,3068.0,0.0,2.0,123.0,0.0,-1159.0,0.0,0.0,2970.0,2739.0,5460.0,4715.0,4895.0,240.0,5.0,5.0,180.0,180.0,6004947
GRAND EST,2020-12-19 23:30:00,2020,354,23:30:00,354.98,675.0,9148.0,781.0,0.0,801.0,120.0,0.0,-6328.0,0.0,0.0,3585.0,3172.0,10820.0,9809.0,3849.0,678.0,2305.0,2103.0,193.0,193.0,5562651
BOURGOGNE FRANCHE COMTE,2021-03-05 03:30:00,2021,64,03:30:00,64.15,151.0,0.0,114.0,0.0,46.0,47.0,0.0,1940.0,0.0,0.0,401.0,401.0,0.0,0.0,928.0,406.0,523.0,523.0,71.0,71.0,2800194
AUVERGNE RHONE ALPES,2021-05-29 15:30:00,2021,149,15:30:00,149.65,30.0,9635.0,116.0,767.0,2783.0,119.0,-1293.0,-6454.0,0.0,0.0,1047.0,1047.0,13570.0,12690.0,723.0,1474.0,11770.0,11623.0,208.0,208.0,8114361
BOURGOGNE FRANCHE COMTE,2021-08-04 00:30:00,2021,216,00:30:00,216.02,24.0,0.0,54.0,0.0,44.0,51.0,0.0,1412.0,0.0,0.0,401.0,401.0,0.0,0.0,969.0,459.0,524.0,524.0,72.0,72.0,2800194
PAYS DE LA LOIRE,2013-08-16 07:30:00,2013,228,07:30:00,228.31,220.0,0.0,9.0,2.0,0.0,39.0,0.0,1806.0,0.0,0.0,1837.0,1837.0,0.0,0.0,490.0,394.0,5.0,5.0,58.0,58.0,3660852
PAYS DE LA LOIRE,2019-11-26 10:30:00,2019,330,10:30:00,330.44,567.0,0.0,757.0,28.0,3.0,57.0,0.0,2676.0,0.0,0.0,2050.0,2050.0,0.0,0.0,933.0,612.0,10.0,10.0,76.0,76.0,3806461
CENTRE VAL DE LOIRE,2019-01-10 13:30:00,2019,10,13:30:00,10.56,123.0,10383.0,222.0,80.0,1.0,57.0,0.0,-7519.0,0.0,0.0,228.0,228.0,11630.0,10320.0,1112.0,305.0,91.0,91.0,84.0,84.0,2573180
ILE DE FRANCE,2015-03-12 06:30:00,2015,71,06:30:00,71.27,660.0,0.0,5.0,0.0,5.0,112.0,0.0,8414.0,0.0,0.0,2144.0,1918.0,0.0,0.0,37.0,112.0,19.0,19.0,286.0,286.0,12082144
NOUVELLE AQUITAINE,2020-11-25 18:30:00,2020,330,18:30:00,330.77,174.0,5325.0,82.0,2.0,800.0,161.0,0.0,-519.0,0.0,0.0,576.0,576.0,6630.0,5559.0,1190.0,2811.0,1783.0,1678.0,347.0,347.0,6033952
HAUTS DE FRANCE,2020-09-30 14:30:00,2020,274,14:30:00,274.6,1651.0,2698.0,783.0,48.0,0.0,130.0,0.0,361.0,0.0,0.0,2983.0,2983.0,5460.0,4550.0,5175.0,258.0,5.0,5.0,181.0,181.0,5997734
PROVENCE ALPES COTE D AZUR,2013-01-03 17:30:00,2013,3,17:30:00,3.73,606.0,0.0,17.0,3.0,1689.0,62.0,0.0,3575.0,0.0,0.0,2590.0,2528.0,0.0,0.0,45.0,667.0,3158.0,3158.0,149.0,149.0,4953675
NOUVELLE AQUITAINE,2014-10-22 15:30:00,2014,295,15:30:00,295.65,62.0,4177.0,36.0,599.0,249.0,133.0,0.0,-583.0,0.0,0.0,421.0,421.0,6630.0,5720.0,459.0,1304.0,1772.0,1772.0,223.0,223.0,5879144
HAUTS DE FRANCE,2017-09-06 20:00:00,2017,249,20:00:00,249.83,1193.0,4423.0,621.0,1.0,0.0,119.0,0.0,-694.0,0.0,0.0,2910.0,2335.0,5460.0,4550.0,3569.0,215.0,5.0,5.0,165.0,165.0,6003815
BOURGOGNE FRANCHE COMTE,2022-06-20 00:30:00,2022,171,00:30:00,171.02,0.0,0.0,482.0,0.0,14.0,52.0,0.0,1123.0,0.0,0.0,401.0,401.0,0.0,0.0,1049.0,557.0,524.0,524.0,75.0,75.0,2797366
BOURGOGNE FRANCHE COMTE,2022-01-08 03:30:00,2022,8,03:30:00,8.15,157.0,0.0,641.0,0.0,106.0,56.0,0.0,1706.0,0.0,0.0,401.0,401.0,0.0,0.0,992.0,494.0,524.0,524.0,74.0,74.0,2797366
BRETAGNE,2018-10-30 04:30:00,2018,303,04:30:00,303.19,14.0,0.0,47.0,0.0,131.0,25.0,-1.0,2467.0,0.0,0.0,936.0,851.0,0.0,0.0,988.0,255.0,270.0,270.0,70.0,70.0,3335414
PAYS DE LA LOIRE,2019-03-30 03:30:00,2019,89,03:30:00,89.15,171.0,0.0,307.0,0.0,4.0,54.0,0.0,2067.0,0.0,0.0,2037.0,2037.0,0.0,0.0,897.0,571.0,8.0,8.0,70.0,70.0,3806461
BOURGOGNE FRANCHE COMTE,2017-07-17 12:00:00,2017,198,12:00:00,198.5,54.0,0.0,20.0,141.0,35.0,21.0,0.0,2374.0,0.0,0.0,331.0,331.0,0.0,0.0,605.0,270.0,519.0,519.0,33.0,33.0,2811423
PAYS DE LA LOIRE,2019-11-19 17:00:00,2019,323,17:00:00,323.71,1712.0,0.0,104.0,9.0,3.0,54.0,0.0,2331.0,0.0,0.0,2037.0,2037.0,0.0,0.0,933.0,611.0,10.0,10.0,75.0,75.0,3806461
BOURGOGNE FRANCHE COMTE,2017-11-25 19:00:00,2017,329,19:00:00,329.79,160.0,0.0,213.0,0.0,143.0,27.0,0.0,2320.0,0.0,0.0,356.0,356.0,0.0,0.0,676.0,286.0,520.0,520.0,35.0,35.0,2811423
OCCITANIE,2018-03-08 03:00:00,2018,67,03:00:00,67.12,83.0,2438.0,26.0,0.0,1525.0,94.0,-851.0,1947.0,0.0,0.0,291.0,291.0,2620.0,2620.0,1365.0,1837.0,5482.0,4914.0,145.0,145.0,5885496
OCCITANIE,2016-10-20 21:30:00,2016,294,21:30:00,294.9,0.0,2408.0,374.0,0.0,1748.0,93.0,0.0,-488.0,0.0,0.0,266.0,266.0,2620.0,2620.0,1142.0,1653.0,5463.0,5236.0,140.0,140.0,5808435
ILE DE FRANCE,2016-02-12 12:30:00,2016,43,12:30:00,43.52,423.0,0.0,18.0,6.0,0.0,143.0,0.0,11765.0,0.0,0.0,2149.0,2149.0,0.0,0.0,61.0,114.0,19.0,19.0,300.0,300.0,12117132
BOURGOGNE FRANCHE COMTE,2019-01-12 23:30:00,2019,12,23:30:00,12.98,165.0,0.0,457.0,0.0,136.0,34.0,0.0,2096.0,0.0,0.0,401.0,401.0,0.0,0.0,780.0,329.0,520.0,520.0,65.0,65.0,2805580
AUVERGNE RHONE ALPES,2015-12-16 05:00:00,2015,350,05:00:00,350.21,174.0,10583.0,48.0,0.0,904.0,131.0,-2099.0,-2005.0,0.0,0.0,947.0,947.0,13570.0,12667.0,384.0,894.0,11196.0,10892.0,168.0,168.0,7877698
BOURGOGNE FRANCHE COMTE,2018-11-01 22:00:00,2018,305,22:00:00,305.92,136.0,0.0,241.0,0.0,8.0,48.0,-1.0,1970.0,0.0,0.0,395.0,395.0,0.0,0.0,708.0,318.0,520.0,443.0,57.0,57.0,2807807
PROVENCE ALPES COTE D AZUR,2020-08-11 00:00:00,2020,224,00:00:00,224.0,1102.0,0.0,0.0,0.0,961.0,82.0,0.0,2255.0,0.0,0.0,2710.0,2290.0,0.0,0.0,48.0,1497.0,3261.0,3151.0,357.0,207.0,5098666
OCCITANIE,2016-02-12 05:00:00,2016,43,05:00:00,43.21,51.0,2483.0,46.0,0.0,1406.0,97.0,-671.0,1187.0,0.0,0.0,266.0,0.0,2620.0,2620.0,1098.0,1513.0,5461.0,5234.0,137.0,137.0,5808435
HAUTS DE FRANCE,2022-07-20 21:00:00,2022,201,21:00:00,201.88,1650.0,2529.0,171.0,8.0,1.0,119.0,0.0,322.0,0.0,0.0,2996.0,2903.0,5460.0,4550.0,5806.0,444.0,6.0,6.0,197.0,197.0,5990765
ILE DE FRANCE,2013-07-08 16:00:00,2013,189,16:00:00,189.67,-1.0,0.0,4.0,38.0,10.0,150.0,0.0,7827.0,0.0,0.0,2121.0,2121.0,0.0,0.0,37.0,109.0,19.0,19.0,282.0,282.0,11959807
PAYS DE LA LOIRE,2014-01-21 00:30:00,2014,21,00:30:00,21.02,784.0,0.0,8.0,0.0,4.0,44.0,0.0,3526.0,0.0,0.0,1864.0,1864.0,0.0,0.0,518.0,400.0,6.0,6.0,58.0,58.0,3690833
BOURGOGNE FRANCHE COMTE,2021-06-20 19:30:00,2021,171,19:30:00,171.81,24.0,0.0,143.0,32.0,109.0,49.0,0.0,1523.0,0.0,0.0,401.0,401.0,0.0,0.0,955.0,428.0,523.0,523.0,71.0,71.0,2800194
ILE DE FRANCE,2016-08-13 12:30:00,2016,226,12:30:00,226.52,-2.0,0.0,0.0,48.0,7.0,140.0,0.0,5695.0,0.0,0.0,2149.0,1647.0,0.0,0.0,61.0,115.0,19.0,19.0,300.0,300.0,12117132
HAUTS DE FRANCE,2019-04-19 22:00:00,2019,109,22:00:00,109.92,447.0,3616.0,893.0,0.0,3.0,134.0,0.0,147.0,0.0,0.0,2969.0,2504.0,5460.0,4550.0,4467.0,235.0,5.0,5.0,178.0,178.0,6004947
CENTRE VAL DE LOIRE,2020-07-11 16:00:00,2020,193,16:00:00,193.67,11.0,3641.0,108.0,254.0,1.0,67.0,0.0,-2547.0,0.0,0.0,229.0,229.0,11630.0,10653.0,1256.0,375.0,92.0,92.0,88.0,88.0,2574863
GRAND EST,2014-12-30 09:30:00,2014,364,09:30:00,364.4,2131.0,12283.0,182.0,0.0,1031.0,72.0,0.0,-9246.0,0.0,0.0,3400.0,3200.0,10820.0,10510.0,2327.0,522.0,2284.0,2284.0,107.0,107.0,5554645
BRETAGNE,2016-02-21 07:30:00,2016,52,07:30:00,52.31,155.0,0.0,308.0,0.0,24.0,38.0,-44.0,1880.0,0.0,0.0,771.0,771.0,0.0,0.0,829.0,225.0,275.0,275.0,56.0,56.0,3306529
CENTRE VAL DE LOIRE,2015-04-08 10:30:00,2015,98,10:30:00,98.44,0.0,9178.0,19.0,94.0,45.0,41.0,0.0,-6943.0,0.0,0.0,166.0,166.0,11630.0,10522.0,818.0,228.0,91.0,91.0,71.0,71.0,2578592
HAUTS DE FRANCE,2013-08-03 21:00:00,2013,215,21:00:00,215.88,299.0,3531.0,31.0,1.0,1.0,65.0,0.0,231.0,0.0,0.0,2268.0,2268.0,5460.0,5460.0,2205.0,210.0,5.0,5.0,139.0,139.0,5987883
AUVERGNE RHONE ALPES,2022-03-16 22:00:00,2022,75,22:00:00,75.92,462.0,9728.0,49.0,0.0,2636.0,135.0,-3.0,-5356.0,0.0,0.0,1048.0,1048.0,13570.0,12658.0,723.0,1660.0,11780.0,11638.0,208.0,208.0,8155762
NORMANDIE,2015-07-19 23:30:00,2015,200,23:30:00,200.98,228.0,7091.0,37.0,0.0,12.0,46.0,0.0,-4640.0,0.0,0.0,761.0,181.0,10640.0,9310.0,522.0,215.0,24.0,24.0,94.0,94.0,3339131
BOURGOGNE FRANCHE COMTE,2016-04-15 04:00:00,2016,106,04:00:00,106.17,24.0,0.0,76.0,0.0,103.0,23.0,0.0,1764.0,0.0,0.0,329.0,329.0,0.0,0.0,414.0,264.0,513.0,513.0,30.0,30.0,2818338
BOURGOGNE FRANCHE COMTE,2013-02-21 20:00:00,2013,52,20:00:00,52.83,384.0,0.0,83.0,0.0,246.0,14.0,0.0,3026.0,0.0,0.0,301.0,301.0,0.0,0.0,204.0,227.0,480.0,480.0,24.0,24.0,2819783
NOUVELLE AQUITAINE,2020-03-09 11:00:00,2020,69,11:00:00,69.46,204.0,6539.0,265.0,882.0,1141.0,194.0,0.0,-2750.0,0.0,0.0,571.0,571.0,6630.0,5822.0,1089.0,2636.0,1783.0,1678.0,340.0,340.0,6033952
ILE DE FRANCE,2016-03-08 02:00:00,2016,68,02:00:00,68.08,495.0,0.0,9.0,0.0,0.0,148.0,0.0,8700.0,0.0,0.0,2149.0,2149.0,0.0,0.0,61.0,114.0,19.0,19.0,300.0,300.0,12117132
BRETAGNE,2020-04-08 06:30:00,2020,99,06:30:00,99.27,1.0,0.0,9.0,0.0,40.0,37.0,-1.0,2017.0,0.0,0.0,978.0,868.0,0.0,0.0,1028.0,280.0,272.0,272.0,79.0,79.0,3373835
GRAND EST,2022-01-24 03:30:00,2022,24,03:30:00,24.15,1978.0,7468.0,663.0,0.0,522.0,157.0,-501.0,-4562.0,0.0,0.0,3590.0,3590.0,10820.0,10020.0,4189.0,970.0,2306.0,2104.0,211.0,211.0,5563889
HAUTS DE FRANCE,2019-12-13 14:30:00,2019,347,14:30:00,347.6,1997.0,4566.0,3507.0,16.0,2.0,126.0,0.0,-2820.0,0.0,0.0,2970.0,2970.0,5460.0,4550.0,4845.0,240.0,5.0,5.0,180.0,180.0,6004947
NOUVELLE AQUITAINE,2017-09-22 13:00:00,2017,265,13:00:00,265.54,37.0,5699.0,13.0,708.0,150.0,182.0,0.0,-1658.0,0.0,0.0,465.0,465.0,6630.0,5720.0,823.0,2017.0,1780.0,1670.0,306.0,306.0,5956978
ILE DE FRANCE,2017-11-14 10:00:00,2017,318,10:00:00,318.42,717.0,0.0,0.0,15.0,5.0,145.0,0.0,10433.0,0.0,0.0,2151.0,1997.0,0.0,0.0,88.0,119.0,19.0,19.0,302.0,302.0,12174880
PAYS DE LA LOIRE,2016-11-01 20:00:00,2016,306,20:00:00,306.83,963.0,0.0,52.0,0.0,0.0,39.0,0.0,1927.0,0.0,0.0,1889.0,1371.0,0.0,0.0,687.0,481.0,8.0,8.0,63.0,63.0,3737632
HAUTS DE FRANCE,2015-09-28 19:30:00,2015,271,19:30:00,271.81,884.0,3545.0,865.0,0.0,1.0,94.0,0.0,436.0,0.0,0.0,2301.0,2085.0,5460.0,4550.0,2774.0,213.0,5.0,5.0,160.0,160.0,6009976
BOURGOGNE FRANCHE COMTE,2013-04-16 04:00:00,2013,106,04:00:00,106.17,41.0,0.0,3.0,0.0,111.0,5.0,0.0,1773.0,0.0,0.0,301.0,301.0,0.0,0.0,204.0,228.0,480.0,480.0,24.0,24.0,2819783
BRETAGNE,2019-03-27 18:00:00,2019,86,18:00:00,86.75,248.0,0.0,206.0,39.0,121.0,47.0,-1.0,1938.0,0.0,0.0,956.0,871.0,0.0,0.0,1004.0,263.0,270.0,270.0,71.0,71.0,3354854
OCCITANIE,2016-10-01 04:00:00,2016,275,04:00:00,275.17,0.0,2528.0,330.0,0.0,246.0,82.0,-3.0,-439.0,0.0,0.0,266.0,266.0,2620.0,2620.0,1142.0,1633.0,5463.0,5059.0,139.0,139.0,5808435
AUVERGNE RHONE ALPES,2017-03-20 08:30:00,2017,79,08:30:00,79.35,542.0,11197.0,57.0,50.0,4818.0,111.0,-3.0,-8618.0,0.0,0.0,985.0,985.0,13570.0,12387.0,482.0,941.0,11238.0,11046.0,178.0,178.0,7948287
OCCITANIE,2014-05-22 19:30:00,2014,142,19:30:00,142.81,-5.0,1191.0,162.0,96.0,1926.0,75.0,-42.0,307.0,0.0,0.0,251.0,251.0,2620.0,2620.0,906.0,1236.0,5409.0,5169.0,128.0,128.0,5730753
AUVERGNE RHONE ALPES,2015-08-20 09:30:00,2015,232,09:30:00,232.4,43.0,11292.0,46.0,206.0,2229.0,93.0,-16.0,-7499.0,0.0,0.0,944.0,944.0,13570.0,12881.0,372.0,887.0,11183.0,10967.0,141.0,141.0,7877698
NORMANDIE,2019-08-15 20:30:00,2019,227,20:30:00,227.85,261.0,3861.0,307.0,5.0,9.0,58.0,0.0,-2378.0,0.0,0.0,833.0,253.0,10640.0,9343.0,806.0,257.0,31.0,31.0,107.0,107.0,3325032
PROVENCE ALPES COTE D AZUR,2015-06-11 03:30:00,2015,162,03:30:00,162.15,152.0,0.0,0.0,0.0,607.0,43.0,0.0,2415.0,0.0,0.0,2610.0,2265.0,0.0,0.0,45.0,917.0,3168.0,3168.0,183.0,183.0,5007977
AUVERGNE RHONE ALPES,2020-02-07 15:00:00,2020,38,15:00:00,38.62,588.0,12324.0,87.0,461.0,3936.0,132.0,-171.0,-8379.0,0.0,0.0,1032.0,1032.0,13570.0,12901.0,647.0,1239.0,11741.0,11565.0,191.0,191.0,8078652
GRAND EST,2013-10-30 18:30:00,2013,303,18:30:00,303.77,2741.0,8593.0,14.0,0.0,1297.0,55.0,0.0,-6366.0,0.0,0.0,3398.0,3398.0,10820.0,10820.0,1943.0,506.0,2281.0,2281.0,93.0,93.0,5552388
AUVERGNE RHONE ALPES,2017-02-09 18:00:00,2017,40,18:00:00,40.75,708.0,11667.0,27.0,0.0,3455.0,108.0,-11.0,-5294.0,0.0,0.0,984.0,984.0,13570.0,12667.0,482.0,938.0,11238.0,11032.0,177.0,177.0,7948287
BRETAGNE,2014-10-06 20:30:00,2014,279,20:30:00,279.85,289.0,0.0,66.0,0.0,0.0,29.0,-1.0,1993.0,0.0,0.0,688.0,688.0,0.0,0.0,781.0,216.0,272.0,272.0,52.0,52.0,3276543
BRETAGNE,2022-07-19 23:30:00,2022,200,23:30:00,200.98,821.0,0.0,99.0,0.0,0.0,56.0,-1.0,1409.0,0.0,0.0,1432.0,1322.0,0.0,0.0,1191.0,376.0,272.0,272.0,83.0,83.0,3414637
AUVERGNE RHONE ALPES,2017-03-02 16:00:00,2017,61,16:00:00,61.67,392.0,10987.0,26.0,215.0,2872.0,122.0,-3.0,-5845.0,0.0,0.0,984.0,984.0,13570.0,12387.0,482.0,939.0,11238.0,11044.0,178.0,178.0,7948287
BRETAGNE,2013-03-15 05:00:00,2013,74,05:00:00,74.21,63.0,0.0,139.0,0.0,140.0,18.0,-1.0,3092.0,0.0,0.0,658.0,658.0,0.0,0.0,716.0,203.0,11.0,11.0,36.0,36.0,3258707
NORMANDIE,2022-04-06 17:00:00,2022,96,17:00:00,96.71,306.0,4814.0,692.0,36.0,15.0,75.0,0.0,-2421.0,0.0,0.0,852.0,852.0,10640.0,9446.0,920.0,309.0,31.0,31.0,148.0,148.0,3327604
NORMANDIE,2014-09-06 00:30:00,2014,249,00:30:00,249.02,222.0,7692.0,7.0,0.0,14.0,67.0,0.0,-5406.0,0.0,0.0,761.0,181.0,10640.0,10640.0,489.0,213.0,24.0,24.0,91.0,91.0,3335645
NORMANDIE,2020-05-16 19:00:00,2020,137,19:00:00,137.79,198.0,2689.0,71.0,46.0,15.0,51.0,0.0,-779.0,0.0,0.0,838.0,258.0,10640.0,9352.0,816.0,263.0,31.0,31.0,111.0,111.0,3325522
OCCITANIE,2014-09-04 16:00:00,2014,247,16:00:00,247.67,-3.0,2511.0,20.0,468.0,508.0,62.0,0.0,527.0,0.0,0.0,251.0,251.0,2620.0,2620.0,943.0,1297.0,5415.0,5188.0,132.0,132.0,5730753
BRETAGNE,2018-07-09 09:00:00,2018,190,09:00:00,190.38,1.0,0.0,42.0,45.0,135.0,43.0,-1.0,2014.0,0.0,0.0,904.0,770.0,0.0,0.0,969.0,253.0,270.0,270.0,68.0,68.0,3335414
OCCITANIE,2018-07-11 21:30:00,2018,192,21:30:00,192.9,0.0,1249.0,150.0,3.0,2250.0,83.0,-13.0,366.0,0.0,0.0,295.0,295.0,2620.0,1310.0,1425.0,1918.0,5485.0,5298.0,146.0,146.0,5885496
CENTRE VAL DE LOIRE,2013-03-10 23:30:00,2013,69,23:30:00,69.98,84.0,9458.0,174.0,0.0,5.0,27.0,0.0,-7508.0,0.0,0.0,157.0,157.0,11630.0,11630.0,662.0,208.0,91.0,91.0,49.0,49.0,2570548
HAUTS DE FRANCE,2013-11-27 10:00:00,2013,331,10:00:00,331.42,1762.0,4523.0,9.0,8.0,1.0,81.0,0.0,1268.0,0.0,0.0,2278.0,2278.0,5460.0,5460.0,2239.0,210.0,5.0,5.0,139.0,139.0,5987883
NOUVELLE AQUITAINE,2020-04-27 16:00:00,2020,118,16:00:00,118.67,23.0,5003.0,206.0,698.0,583.0,195.0,0.0,-2729.0,0.0,0.0,571.0,571.0,6630.0,5369.0,1089.0,2645.0,1783.0,1678.0,341.0,341.0,6033952
ILE DE FRANCE,2016-09-02 03:30:00,2016,246,03:30:00,246.15,-5.0,0.0,3.0,0.0,6.0,122.0,0.0,4740.0,0.0,0.0,2149.0,1619.0,0.0,0.0,61.0,115.0,19.0,19.0,300.0,300.0,12117132
HAUTS DE FRANCE,2014-04-14 03:30:00,2014,104,03:30:00,104.15,256.0,2560.0,554.0,0.0,2.0,51.0,0.0,1411.0,0.0,0.0,2278.0,2045.0,5460.0,5460.0,2283.0,211.0,5.0,5.0,139.0,139.0,6006156
CENTRE VAL DE LOIRE,2014-05-09 10:30:00,2014,129,10:30:00,129.44,1.0,8476.0,329.0,47.0,13.0,47.0,0.0,-7044.0,0.0,0.0,162.0,162.0,11630.0,10725.0,749.0,215.0,91.0,91.0,56.0,56.0,2577435
BOURGOGNE FRANCHE COMTE,2014-08-28 11:30:00,2014,240,11:30:00,240.48,15.0,0.0,26.0,83.0,54.0,16.0,0.0,2213.0,0.0,0.0,313.0,68.0,0.0,0.0,254.0,251.0,508.0,508.0,28.0,28.0,2820623
ILE DE FRANCE,2021-06-09 17:00:00,2021,160,17:00:00,160.71,0.0,0.0,0.0,66.0,11.0,125.0,0.0,7069.0,0.0,0.0,2171.0,2171.0,0.0,0.0,125.0,173.0,20.0,20.0,314.0,314.0,12317279
CENTRE VAL DE LOIRE,2017-01-02 22:30:00,2017,2,22:30:00,2.94,100.0,11724.0,99.0,0.0,1.0,49.0,0.0,-8867.0,0.0,0.0,198.0,198.0,11630.0,11630.0,917.0,262.0,91.0,91.0,71.0,71.0,2576252
ILE DE FRANCE,2020-08-15 05:30:00,2020,228,05:30:00,228.23,0.0,0.0,0.0,0.0,2.0,137.0,0.0,4244.0,0.0,0.0,2170.0,2057.0,0.0,0.0,108.0,168.0,20.0,20.0,314.0,314.0,12271794
PROVENCE ALPES COTE D AZUR,2022-12-20 02:30:00,2022,354,02:30:00,354.1,242.0,0.0,25.0,0.0,475.0,209.0,-52.0,3908.0,0.0,0.0,2724.0,2480.0,0.0,0.0,96.0,1993.0,3271.0,3227.0,357.0,357.0,5150362
OCCITANIE,2017-04-22 02:00:00,2017,112,02:00:00,112.08,2.0,2536.0,108.0,0.0,990.0,76.0,-23.0,-63.0,0.0,0.0,282.0,282.0,2620.0,1310.0,1194.0,1705.0,5475.0,5020.0,140.0,140.0,5845102
NORMANDIE,2018-02-17 03:00:00,2018,48,03:00:00,48.12,419.0,7674.0,73.0,0.0,14.0,56.0,0.0,-4513.0,0.0,0.0,813.0,233.0,10640.0,9310.0,705.0,234.0,31.0,31.0,102.0,102.0,3327477
CENTRE VAL DE LOIRE,2018-09-27 02:00:00,2018,270,02:00:00,270.08,14.0,8701.0,79.0,0.0,0.0,69.0,0.0,-7246.0,0.0,0.0,218.0,218.0,11630.0,10754.0,1060.0,300.0,91.0,91.0,76.0,76.0,2572853
BOURGOGNE FRANCHE COMTE,2013-12-18 02:00:00,2013,352,02:00:00,352.08,108.0,0.0,70.0,0.0,40.0,17.0,0.0,2635.0,0.0,0.0,313.0,313.0,0.0,0.0,216.0,241.0,490.0,490.0,25.0,25.0,2819783
BOURGOGNE FRANCHE COMTE,2021-02-27 12:00:00,2021,58,12:00:00,58.5,155.0,0.0,665.0,196.0,73.0,52.0,0.0,1548.0,0.0,0.0,401.0,401.0,0.0,0.0,928.0,405.0,523.0,523.0,71.0,71.0,2800194
ILE DE FRANCE,2017-05-08 14:00:00,2017,128,14:00:00,128.58,-2.0,0.0,7.0,24.0,6.0,129.0,0.0,7797.0,0.0,0.0,2149.0,1839.0,0.0,0.0,73.0,116.0,19.0,19.0,301.0,301.0,12174880
PAYS DE LA LOIRE,2020-11-12 11:00:00,2020,317,11:00:00,317.46,505.0,0.0,18.0,226.0,0.0,57.0,0.0,2652.0,0.0,0.0,2054.0,2054.0,0.0,0.0,1035.0,674.0,10.0,10.0,77.0,77.0,3832120
NOUVELLE AQUITAINE,2021-07-11 18:30:00,2021,192,18:30:00,192.77,18.0,3936.0,15.0,1164.0,142.0,195.0,0.0,-1739.0,0.0,0.0,578.0,578.0,6630.0,6630.0,1301.0,3199.0,1784.0,1784.0,354.0,354.0,6069352
NOUVELLE AQUITAINE,2013-09-14 08:30:00,2013,257,08:30:00,257.35,26.0,4660.0,55.0,15.0,71.0,132.0,0.0,-1461.0,0.0,0.0,421.0,421.0,6630.0,6630.0,364.0,994.0,1760.0,1760.0,210.0,210.0,5844177
BRETAGNE,2017-09-13 02:30:00,2017,256,02:30:00,256.1,0.0,0.0,658.0,0.0,0.0,31.0,-9.0,1178.0,0.0,0.0,848.0,848.0,0.0,0.0,926.0,241.0,270.0,270.0,66.0,66.0,3318904
AUVERGNE RHONE ALPES,2016-09-13 08:00:00,2016,257,08:00:00,257.33,398.0,7226.0,173.0,14.0,2923.0,94.0,-20.0,-3791.0,0.0,0.0,966.0,966.0,13570.0,12657.0,399.0,925.0,11226.0,11048.0,177.0,177.0,7916889
BOURGOGNE FRANCHE COMTE,2014-12-11 03:30:00,2014,345,03:30:00,345.15,94.0,0.0,97.0,0.0,14.0,20.0,0.0,2585.0,0.0,0.0,325.0,80.0,0.0,0.0,334.0,253.0,509.0,509.0,28.0,28.0,2820623
NORMANDIE,2019-04-26 09:00:00,2019,116,09:00:00,116.38,356.0,7704.0,108.0,24.0,19.0,42.0,0.0,-4815.0,0.0,0.0,833.0,833.0,10640.0,9310.0,801.0,254.0,31.0,31.0,106.0,106.0,3325032
CENTRE VAL DE LOIRE,2013-09-22 05:30:00,2013,265,05:30:00,265.23,6.0,6148.0,10.0,0.0,10.0,24.0,0.0,-4972.0,0.0,0.0,162.0,162.0,11630.0,11630.0,717.0,212.0,91.0,91.0,56.0,56.0,2570548
PROVENCE ALPES COTE D AZUR,2016-07-30 17:30:00,2016,212,17:30:00,212.73,104.0,0.0,9.0,428.0,786.0,95.0,0.0,3042.0,0.0,0.0,2614.0,2229.0,0.0,0.0,48.0,1038.0,3191.0,3032.0,354.0,354.0,5021928
GRAND EST,2023-01-20 18:30:00,2023,20,18:30:00,20.77,2575.0,5054.0,607.0,0.0,1179.0,144.0,0.0,-3023.0,0.0,0.0,3615.0,3615.0,10820.0,9726.0,4536.0,1133.0,2308.0,2106.0,237.0,237.0,5562262
BOURGOGNE FRANCHE COMTE,2017-10-29 18:00:00,2017,302,18:00:00,302.75,64.0,0.0,58.0,0.0,67.0,21.0,0.0,2182.0,0.0,0.0,343.0,343.0,0.0,0.0,676.0,271.0,520.0,520.0,35.0,35.0,2811423
PAYS DE LA LOIRE,2022-04-01 12:30:00,2022,91,12:30:00,91.52,696.0,0.0,900.0,361.0,2.0,57.0,0.0,2134.0,0.0,0.0,2068.0,1669.0,0.0,0.0,1137.0,830.0,10.0,10.0,80.0,80.0,3878839
CENTRE VAL DE LOIRE,2014-07-05 12:00:00,2014,186,12:00:00,186.5,2.0,9049.0,518.0,64.0,2.0,46.0,0.0,-7940.0,0.0,0.0,162.0,162.0,11630.0,11630.0,801.0,216.0,91.0,91.0,56.0,56.0,2577435
BRETAGNE,2013-09-27 14:30:00,2013,270,14:30:00,270.6,0.0,0.0,106.0,61.0,3.0,25.0,-23.0,2310.0,0.0,0.0,669.0,669.0,0.0,0.0,722.0,206.0,11.0,11.0,48.0,48.0,3258707
GRAND EST,2013-01-09 14:00:00,2013,9,14:00:00,9.58,1886.0,9879.0,55.0,15.0,1334.0,55.0,0.0,-5851.0,0.0,0.0,3398.0,2972.0,10820.0,10820.0,1803.0,498.0,2280.0,2280.0,79.0,79.0,5552388
OCCITANIE,2014-10-13 05:30:00,2014,286,05:30:00,286.23,-3.0,1157.0,42.0,0.0,636.0,68.0,-246.0,890.0,0.0,0.0,251.0,251.0,2620.0,2620.0,943.0,1308.0,5415.0,5415.0,132.0,132.0,5730753
PROVENCE ALPES COTE D AZUR,2013-04-22 08:00:00,2013,112,08:00:00,112.33,601.0,0.0,19.0,45.0,2117.0,41.0,0.0,1617.0,0.0,0.0,2590.0,2528.0,0.0,0.0,45.0,689.0,3158.0,3158.0,151.0,151.0,4953675
HAUTS DE FRANCE,2017-04-03 03:30:00,2017,93,03:30:00,93.15,1025.0,3557.0,146.0,0.0,2.0,104.0,0.0,-150.0,0.0,0.0,2900.0,2784.0,5460.0,4550.0,3385.0,214.0,5.0,5.0,164.0,164.0,6003815
NORMANDIE,2020-08-30 04:00:00,2020,243,04:00:00,243.17,223.0,3576.0,217.0,0.0,110.0,63.0,0.0,-2173.0,0.0,0.0,838.0,838.0,10640.0,9310.0,819.0,266.0,31.0,31.0,112.0,112.0,3325522
BRETAGNE,2017-08-25 21:30:00,2017,237,21:30:00,237.9,1.0,0.0,66.0,0.0,0.0,42.0,-1.0,1923.0,0.0,0.0,848.0,747.0,0.0,0.0,916.0,240.0,270.0,270.0,66.0,66.0,3318904
BOURGOGNE FRANCHE COMTE,2022-05-14 15:30:00,2022,134,15:30:00,134.65,14.0,0.0,4.0,356.0,30.0,52.0,-66.0,1385.0,0.0,0.0,401.0,401.0,0.0,0.0,1049.0,531.0,524.0,524.0,75.0,75.0,2797366
ILE DE FRANCE,2020-11-11 01:00:00,2020,316,01:00:00,316.04,279.0,0.0,0.0,0.0,8.0,118.0,0.0,6237.0,0.0,0.0,2171.0,2171.0,0.0,0.0,125.0,169.0,20.0,20.0,314.0,314.0,12271794
PROVENCE ALPES COTE D AZUR,2021-05-13 15:30:00,2021,133,15:30:00,133.65,26.0,0.0,49.0,1047.0,1215.0,99.0,-51.0,1438.0,0.0,0.0,2715.0,2341.0,0.0,0.0,96.0,1595.0,3266.0,3235.0,357.0,357.0,5127840
NOUVELLE AQUITAINE,2016-11-25 07:00:00,2016,330,07:00:00,330.29,180.0,5159.0,43.0,-1.0,261.0,176.0,0.0,-206.0,0.0,0.0,441.0,441.0,6630.0,5135.0,676.0,1914.0,1779.0,1779.0,293.0,293.0,5935603
GRAND EST,2016-11-29 04:00:00,2016,334,04:00:00,334.17,2224.0,10125.0,1702.0,0.0,558.0,119.0,-520.0,-8066.0,0.0,0.0,3448.0,3448.0,10820.0,9660.0,2741.0,534.0,2295.0,2045.0,138.0,138.0,5555186
NOUVELLE AQUITAINE,2017-05-01 22:30:00,2017,121,22:30:00,121.94,80.0,5732.0,251.0,-1.0,320.0,164.0,0.0,-1871.0,0.0,0.0,465.0,465.0,6630.0,5720.0,742.0,1959.0,1780.0,1669.0,306.0,306.0,5956978
AUVERGNE RHONE ALPES,2018-08-31 22:30:00,2018,243,22:30:00,243.94,388.0,9338.0,118.0,0.0,2214.0,121.0,-19.0,-5761.0,0.0,0.0,1000.0,599.0,13570.0,12658.0,578.0,1095.0,11260.0,11034.0,180.0,180.0,7994459
HAUTS DE FRANCE,2013-08-01 23:00:00,2013,213,23:00:00,213.96,335.0,4396.0,689.0,0.0,1.0,67.0,0.0,-603.0,0.0,0.0,2268.0,2268.0,5460.0,5460.0,2205.0,210.0,5.0,5.0,139.0,139.0,5987883
HAUTS DE FRANCE,2013-08-05 08:30:00,2013,217,08:30:00,217.35,334.0,3523.0,155.0,20.0,0.0,69.0,0.0,291.0,0.0,0.0,2268.0,2268.0,5460.0,5460.0,2205.0,210.0,5.0,5.0,139.0,139.0,5987883
PROVENCE ALPES COTE D AZUR,2022-07-25 03:00:00,2022,206,03:00:00,206.12,873.0,0.0,2.0,0.0,370.0,68.0,-51.0,2616.0,0.0,0.0,2724.0,2527.0,0.0,0.0,96.0,1857.0,3267.0,3184.0,357.0,357.0,5150362
OCCITANIE,2017-08-21 15:00:00,2017,233,15:00:00,233.62,0.0,1251.0,10.0,1131.0,467.0,80.0,0.0,1259.0,0.0,0.0,282.0,282.0,2620.0,1310.0,1249.0,1742.0,5475.0,5279.0,140.0,140.0,5845102
HAUTS DE FRANCE,2022-06-28 06:30:00,2022,179,06:30:00,179.27,886.0,3514.0,100.0,7.0,1.0,118.0,0.0,-57.0,0.0,0.0,2993.0,2631.0,5460.0,4550.0,5806.0,443.0,6.0,6.0,197.0,197.0,5990765
PAYS DE LA LOIRE,2014-06-09 05:00:00,2014,160,05:00:00,160.21,16.0,0.0,55.0,0.0,1.0,44.0,0.0,1523.0,0.0,0.0,1864.0,1429.0,0.0,0.0,518.0,413.0,7.0,7.0,58.0,58.0,3690833
BOURGOGNE FRANCHE COMTE,2017-07-23 06:30:00,2017,204,06:30:00,204.27,28.0,0.0,186.0,0.0,11.0,21.0,-66.0,1224.0,0.0,0.0,331.0,331.0,0.0,0.0,605.0,270.0,519.0,519.0,33.0,33.0,2811423
HAUTS DE FRANCE,2022-04-27 08:30:00,2022,117,08:30:00,117.35,1817.0,2636.0,856.0,64.0,2.0,108.0,0.0,385.0,0.0,0.0,2993.0,2408.0,5460.0,4559.0,5748.0,441.0,6.0,6.0,191.0,191.0,5990765
ILE DE FRANCE,2017-08-03 17:30:00,2017,215,17:30:00,215.73,1.0,0.0,31.0,29.0,3.0,142.0,0.0,6680.0,0.0,0.0,2149.0,1811.0,0.0,0.0,88.0,117.0,19.0,19.0,301.0,301.0,12174880
GRAND EST,2017-08-16 23:30:00,2017,228,23:30:00,228.98,344.0,7028.0,64.0,0.0,1039.0,81.0,0.0,-4473.0,0.0,0.0,3453.0,2994.0,10820.0,9712.0,2996.0,548.0,2298.0,1947.0,141.0,141.0,5549586
HAUTS DE FRANCE,2014-04-22 13:30:00,2014,112,13:30:00,112.56,290.0,2529.0,111.0,56.0,2.0,65.0,0.0,3143.0,0.0,0.0,2278.0,2278.0,5460.0,4550.0,2296.0,211.0,5.0,5.0,139.0,139.0,6006156
OCCITANIE,2019-07-07 09:30:00,2019,188,09:30:00,188.4,0.0,1768.0,229.0,508.0,522.0,89.0,-451.0,844.0,0.0,0.0,307.0,307.0,2620.0,2017.0,1559.0,2070.0,5489.0,5299.0,146.0,146.0,5933185
PAYS DE LA LOIRE,2013-07-21 03:00:00,2013,202,03:00:00,202.12,4.0,0.0,125.0,0.0,0.0,36.0,0.0,1765.0,0.0,0.0,1837.0,1837.0,0.0,0.0,490.0,393.0,5.0,5.0,58.0,58.0,3660852
PAYS DE LA LOIRE,2019-11-10 11:00:00,2019,314,11:00:00,314.46,551.0,0.0,164.0,196.0,2.0,52.0,0.0,2362.0,0.0,0.0,2037.0,2037.0,0.0,0.0,933.0,609.0,10.0,10.0,75.0,75.0,3806461
BRETAGNE,2013-07-20 13:00:00,2013,201,13:00:00,201.54,0.0,0.0,65.0,96.0,89.0,29.0,0.0,1883.0,0.0,0.0,665.0,665.0,0.0,0.0,722.0,205.0,11.0,11.0,47.0,47.0,3258707
PAYS DE LA LOIRE,2022-02-24 00:30:00,2022,55,00:30:00,55.02,795.0,0.0,28.0,0.0,6.0,59.0,0.0,2710.0,0.0,0.0,2068.0,2068.0,0.0,0.0,1137.0,818.0,10.0,10.0,80.0,80.0,3878839
BRETAGNE,2015-12-26 05:00:00,2015,360,05:00:00,360.21,138.0,0.0,340.0,0.0,3.0,36.0,-1.0,1326.0,0.0,0.0,766.0,766.0,0.0,0.0,819.0,223.0,275.0,275.0,56.0,56.0,3293850
BOURGOGNE FRANCHE COMTE,2018-11-30 07:00:00,2018,334,07:00:00,334.29,157.0,0.0,233.0,0.0,11.0,50.0,-1.0,2545.0,0.0,0.0,401.0,401.0,0.0,0.0,746.0,318.0,520.0,443.0,64.0,64.0,2807807
PROVENCE ALPES COTE D AZUR,2016-03-16 21:00:00,2016,76,21:00:00,76.88,992.0,0.0,2.0,0.0,1725.0,122.0,0.0,3240.0,0.0,0.0,2614.0,2350.0,0.0,0.0,48.0,996.0,3178.0,3054.0,204.0,204.0,5021928
PAYS DE LA LOIRE,2015-07-16 18:00:00,2015,197,18:00:00,197.75,26.0,0.0,290.0,166.0,0.0,25.0,0.0,2591.0,0.0,0.0,1867.0,1274.0,0.0,0.0,560.0,454.0,7.0,7.0,61.0,61.0,3718512
NORMANDIE,2015-10-18 03:30:00,2015,291,03:30:00,291.15,213.0,7564.0,20.0,0.0,12.0,39.0,0.0,-5240.0,0.0,0.0,773.0,486.0,10640.0,9310.0,538.0,216.0,24.0,24.0,95.0,95.0,3339131
ILE DE FRANCE,2021-03-23 17:00:00,2021,82,17:00:00,82.71,383.0,0.0,0.0,30.0,9.0,121.0,0.0,7933.0,0.0,0.0,2171.0,2171.0,0.0,0.0,125.0,171.0,20.0,20.0,314.0,314.0,12317279
ILE DE FRANCE,2013-09-22 22:30:00,2013,265,22:30:00,265.94,0.0,0.0,1.0,0.0,7.0,104.0,0.0,6606.0,0.0,0.0,2121.0,1536.0,0.0,0.0,37.0,109.0,19.0,19.0,282.0,282.0,11959807
HAUTS DE FRANCE,2020-08-31 12:30:00,2020,244,12:30:00,244.52,1686.0,3556.0,263.0,63.0,0.0,109.0,0.0,-315.0,0.0,0.0,2983.0,2398.0,5460.0,4550.0,5127.0,251.0,5.0,5.0,181.0,181.0,5997734
AUVERGNE RHONE ALPES,2017-04-12 19:00:00,2017,102,19:00:00,102.79,401.0,10201.0,12.0,113.0,2737.0,83.0,-4.0,-6249.0,0.0,0.0,985.0,985.0,13570.0,12521.0,486.0,942.0,11239.0,11059.0,178.0,178.0,7948287
BRETAGNE,2013-03-02 22:00:00,2013,61,22:00:00,61.92,62.0,0.0,62.0,0.0,6.0,19.0,0.0,3296.0,0.0,0.0,658.0,658.0,0.0,0.0,716.0,202.0,11.0,11.0,36.0,36.0,3258707
HAUTS DE FRANCE,2019-06-28 19:00:00,2019,179,19:00:00,179.79,1462.0,2518.0,462.0,40.0,0.0,104.0,0.0,605.0,0.0,0.0,2969.0,2832.0,5460.0,4550.0,4531.0,237.0,5.0,5.0,178.0,178.0,6004947
PROVENCE ALPES COTE D AZUR,2014-06-29 11:00:00,2014,180,11:00:00,180.46,100.0,0.0,15.0,165.0,1454.0,64.0,0.0,2108.0,0.0,0.0,2592.0,2268.0,0.0,0.0,45.0,838.0,3165.0,3165.0,170.0,170.0,4983438
NORMANDIE,2016-01-25 16:00:00,2016,25,16:00:00,25.67,1006.0,7565.0,199.0,10.0,17.0,45.0,0.0,-5195.0,0.0,0.0,773.0,773.0,10640.0,9310.0,538.0,217.0,31.0,31.0,95.0,95.0,3335929
NOUVELLE AQUITAINE,2020-10-26 06:00:00,2020,300,06:00:00,300.25,56.0,5581.0,264.0,1.0,268.0,157.0,0.0,-1938.0,0.0,0.0,576.0,576.0,6630.0,5507.0,1183.0,2764.0,1783.0,1678.0,347.0,347.0,6033952
NORMANDIE,2013-05-23 18:30:00,2013,143,18:30:00,143.77,514.0,6347.0,167.0,14.0,15.0,31.0,0.0,-3745.0,0.0,0.0,761.0,761.0,10640.0,10640.0,423.0,208.0,23.0,23.0,88.0,88.0,3328364
NOUVELLE AQUITAINE,2019-12-29 13:30:00,2019,363,13:30:00,363.56,162.0,5812.0,38.0,543.0,908.0,174.0,0.0,-1428.0,0.0,0.0,571.0,571.0,6630.0,5720.0,1075.0,2615.0,1783.0,1678.0,340.0,340.0,6010289
PROVENCE ALPES COTE D AZUR,2015-11-11 01:00:00,2015,315,01:00:00,315.04,490.0,0.0,4.0,0.0,424.0,83.0,0.0,3183.0,0.0,0.0,2610.0,2268.0,0.0,0.0,48.0,968.0,3174.0,3174.0,183.0,183.0,5007977
BRETAGNE,2019-06-05 20:00:00,2019,156,20:00:00,156.83,1.0,0.0,63.0,22.0,45.0,47.0,-1.0,2060.0,0.0,0.0,956.0,846.0,0.0,0.0,1021.0,266.0,270.0,270.0,73.0,73.0,3354854
AUVERGNE RHONE ALPES,2019-04-23 07:30:00,2019,113,07:30:00,113.31,21.0,7371.0,60.0,6.0,2704.0,106.0,-3.0,-3768.0,0.0,0.0,1027.0,1027.0,13570.0,12664.0,607.0,1146.0,11247.0,11078.0,189.0,189.0,8042936
NORMANDIE,2014-03-19 20:00:00,2014,78,20:00:00,78.83,339.0,6478.0,22.0,0.0,26.0,67.0,0.0,-3234.0,0.0,0.0,761.0,181.0,10640.0,10640.0,444.0,211.0,24.0,24.0,89.0,89.0,3335645
ILE DE FRANCE,2017-04-11 12:00:00,2017,101,12:00:00,101.5,-1.0,0.0,6.0,43.0,10.0,124.0,0.0,8355.0,0.0,0.0,2149.0,1791.0,0.0,0.0,73.0,116.0,19.0,19.0,301.0,301.0,12174880
HAUTS DE FRANCE,2015-04-12 12:30:00,2015,102,12:30:00,102.52,299.0,2494.0,402.0,82.0,2.0,80.0,0.0,2058.0,0.0,0.0,2301.0,1970.0,5460.0,4550.0,2713.0,213.0,5.0,5.0,159.0,159.0,6009976
PROVENCE ALPES COTE D AZUR,2019-03-25 05:30:00,2019,84,05:30:00,84.23,196.0,0.0,36.0,0.0,513.0,97.0,0.0,2923.0,0.0,0.0,2674.0,2296.0,0.0,0.0,48.0,1337.0,3241.0,3115.0,357.0,207.0,5081101
CENTRE VAL DE LOIRE,2021-04-23 21:00:00,2021,113,21:00:00,113.88,25.0,8392.0,664.0,0.0,2.0,63.0,0.0,-7372.0,0.0,0.0,229.0,229.0,11630.0,11630.0,1288.0,495.0,92.0,92.0,89.0,89.0,2573303
NOUVELLE AQUITAINE,2015-08-27 16:30:00,2015,239,16:30:00,239.69,48.0,4676.0,127.0,481.0,51.0,154.0,0.0,-921.0,0.0,0.0,427.0,427.0,6630.0,5720.0,534.0,1535.0,1775.0,1775.0,239.0,239.0,5911482
PROVENCE ALPES COTE D AZUR,2016-11-26 12:30:00,2016,331,12:30:00,331.52,1689.0,0.0,2.0,435.0,1102.0,169.0,0.0,1503.0,0.0,0.0,2628.0,2383.0,0.0,0.0,48.0,1049.0,3192.0,3192.0,354.0,354.0,5021928
BRETAGNE,2014-04-17 22:30:00,2014,107,22:30:00,107.94,0.0,0.0,101.0,0.0,3.0,28.0,-1.0,2141.0,0.0,0.0,688.0,688.0,0.0,0.0,747.0,210.0,251.0,251.0,51.0,51.0,3276543
OCCITANIE,2014-12-10 16:00:00,2014,344,16:00:00,344.67,63.0,1220.0,438.0,75.0,1674.0,88.0,0.0,2149.0,0.0,0.0,254.0,0.0,2620.0,2620.0,943.0,1319.0,5431.0,5431.0,132.0,132.0,5730753
CENTRE VAL DE LOIRE,2018-02-03 08:30:00,2018,34,08:30:00,34.35,99.0,9431.0,61.0,0.0,53.0,59.0,0.0,-6887.0,0.0,0.0,216.0,216.0,11630.0,10522.0,996.0,284.0,91.0,91.0,76.0,76.0,2572853
NOUVELLE AQUITAINE,2014-06-01 22:30:00,2014,152,22:30:00,152.94,26.0,5076.0,30.0,0.0,556.0,140.0,0.0,-1966.0,0.0,0.0,421.0,421.0,6630.0,5935.0,427.0,1109.0,1772.0,1772.0,220.0,220.0,5879144
ILE DE FRANCE,2019-06-04 23:30:00,2019,155,23:30:00,155.98,1.0,0.0,19.0,0.0,7.0,126.0,0.0,6794.0,0.0,0.0,2170.0,2043.0,0.0,0.0,88.0,127.0,20.0,20.0,314.0,314.0,12262544
PAYS DE LA LOIRE,2015-12-23 10:00:00,2015,357,10:00:00,357.42,567.0,0.0,146.0,36.0,3.0,41.0,0.0,2855.0,0.0,0.0,1876.0,1296.0,0.0,0.0,591.0,457.0,7.0,7.0,61.0,61.0,3718512
BOURGOGNE FRANCHE COMTE,2015-04-18 12:30:00,2015,108,12:30:00,108.52,28.0,0.0,181.0,129.0,83.0,14.0,0.0,1908.0,0.0,0.0,325.0,80.0,0.0,0.0,344.0,254.0,510.0,510.0,29.0,29.0,2820940
CENTRE VAL DE LOIRE,2014-01-21 09:00:00,2014,21,09:00:00,21.38,69.0,11479.0,6.0,0.0,54.0,51.0,0.0,-8345.0,0.0,0.0,162.0,162.0,11630.0,11630.0,739.0,214.0,91.0,91.0,56.0,56.0,2577435
NOUVELLE AQUITAINE,2016-06-28 19:00:00,2016,180,19:00:00,180.79,27.0,4727.0,134.0,563.0,534.0,170.0,0.0,-1842.0,0.0,0.0,429.0,429.0,6630.0,5720.0,579.0,1868.0,1778.0,1778.0,280.0,280.0,5935603
PROVENCE ALPES COTE D AZUR,2015-09-19 05:30:00,2015,262,05:30:00,262.23,134.0,0.0,7.0,0.0,1297.0,89.0,0.0,1792.0,0.0,0.0,2610.0,2215.0,0.0,0.0,48.0,949.0,3168.0,3168.0,183.0,183.0,5007977
BOURGOGNE FRANCHE COMTE,2022-03-15 00:00:00,2022,74,00:00:00,74.0,75.0,0.0,398.0,0.0,54.0,54.0,0.0,1774.0,0.0,0.0,401.0,401.0,0.0,0.0,1045.0,510.0,524.0,524.0,74.0,74.0,2797366
AUVERGNE RHONE ALPES,2016-02-07 06:00:00,2016,38,06:00:00,38.25,194.0,9647.0,249.0,0.0,2353.0,127.0,-1944.0,-3676.0,0.0,0.0,952.0,952.0,13570.0,12950.0,384.0,896.0,11204.0,10851.0,170.0,170.0,7916889
CENTRE VAL DE LOIRE,2013-11-10 23:00:00,2013,314,23:00:00,314.96,77.0,6406.0,73.0,0.0,23.0,33.0,0.0,-4358.0,0.0,0.0,162.0,162.0,11630.0,10725.0,739.0,213.0,91.0,91.0,56.0,56.0,2570548
NOUVELLE AQUITAINE,2019-08-27 23:30:00,2019,239,23:30:00,239.98,18.0,2376.0,63.0,0.0,118.0,204.0,0.0,1513.0,0.0,0.0,538.0,538.0,6630.0,5705.0,1017.0,2546.0,1782.0,1673.0,319.0,319.0,6010289
HAUTS DE FRANCE,2016-05-02 00:30:00,2016,123,00:30:00,123.02,268.0,3413.0,190.0,0.0,3.0,111.0,0.0,1384.0,0.0,0.0,2864.0,2452.0,5460.0,4550.0,2929.0,213.0,5.0,5.0,160.0,160.0,6006870
PAYS DE LA LOIRE,2017-07-18 11:00:00,2017,199,11:00:00,199.46,1119.0,0.0,164.0,221.0,0.0,42.0,0.0,1773.0,0.0,0.0,1921.0,1322.0,0.0,0.0,727.0,502.0,8.0,8.0,66.0,66.0,3757600
NOUVELLE AQUITAINE,2019-10-07 05:00:00,2019,280,05:00:00,280.21,60.0,5618.0,45.0,-1.0,113.0,158.0,0.0,-2704.0,0.0,0.0,538.0,538.0,6630.0,5720.0,1029.0,2586.0,1782.0,1677.0,320.0,320.0,6010289
NORMANDIE,2018-01-11 00:00:00,2018,11,00:00:00,11.0,485.0,8046.0,86.0,0.0,17.0,54.0,0.0,-4573.0,0.0,0.0,813.0,233.0,10640.0,9415.0,705.0,233.0,31.0,31.0,101.0,101.0,3327477
PROVENCE ALPES COTE D AZUR,2016-12-19 05:00:00,2016,354,05:00:00,354.21,2071.0,0.0,8.0,0.0,666.0,113.0,0.0,2310.0,0.0,0.0,2628.0,2383.0,0.0,0.0,48.0,1055.0,3192.0,3192.0,354.0,354.0,5021928
PAYS DE LA LOIRE,2017-06-24 04:30:00,2017,175,04:30:00,175.19,-3.0,0.0,62.0,0.0,0.0,49.0,0.0,1835.0,0.0,0.0,1921.0,1345.0,0.0,0.0,727.0,500.0,8.0,8.0,66.0,66.0,3757600
BOURGOGNE FRANCHE COMTE,2015-08-08 00:00:00,2015,220,00:00:00,220.0,23.0,0.0,63.0,0.0,69.0,19.0,0.0,1536.0,0.0,0.0,325.0,80.0,0.0,0.0,362.0,262.0,513.0,513.0,29.0,29.0,2820940
OCCITANIE,2021-10-18 00:30:00,2021,291,00:30:00,291.02,0.0,1224.0,56.0,0.0,218.0,94.0,-647.0,2695.0,0.0,0.0,325.0,325.0,2620.0,2620.0,1593.0,2711.0,5499.0,5464.0,173.0,173.0,6022176
PAYS DE LA LOIRE,2016-10-07 19:00:00,2016,281,19:00:00,281.79,431.0,0.0,47.0,17.0,0.0,47.0,0.0,2447.0,0.0,0.0,1880.0,1258.0,0.0,0.0,687.0,480.0,8.0,8.0,63.0,63.0,3737632
GRAND EST,2013-10-20 11:00:00,2013,293,11:00:00,293.46,94.0,7632.0,557.0,15.0,987.0,49.0,0.0,-4768.0,0.0,0.0,3398.0,3398.0,10820.0,10820.0,1943.0,506.0,2281.0,2281.0,93.0,93.0,5552388
GRAND EST,2018-04-11 20:00:00,2018,101,20:00:00,101.83,781.0,7925.0,682.0,11.0,995.0,82.0,0.0,-5145.0,0.0,0.0,3471.0,3471.0,10820.0,9707.0,3068.0,553.0,2300.0,1978.0,146.0,146.0,5550389
AUVERGNE RHONE ALPES,2015-08-02 07:30:00,2015,214,07:30:00,214.31,28.0,10421.0,42.0,20.0,1546.0,108.0,-1074.0,-6389.0,0.0,0.0,944.0,944.0,13570.0,12655.0,372.0,887.0,11183.0,10938.0,141.0,141.0,7877698
OCCITANIE,2016-04-20 23:00:00,2016,111,23:00:00,111.96,-2.0,2331.0,537.0,0.0,2274.0,77.0,0.0,-981.0,0.0,0.0,266.0,266.0,2620.0,2443.0,1098.0,1559.0,5462.0,4894.0,137.0,137.0,5808435
PROVENCE ALPES COTE D AZUR,2019-12-06 14:30:00,2019,340,14:30:00,340.6,1459.0,0.0,0.0,468.0,1540.0,101.0,0.0,1718.0,0.0,0.0,2679.0,2329.0,0.0,0.0,48.0,1424.0,3249.0,3125.0,357.0,207.0,5081101
AUVERGNE RHONE ALPES,2018-03-18 04:00:00,2018,77,04:00:00,77.17,164.0,10299.0,49.0,0.0,3051.0,133.0,-1738.0,-4184.0,0.0,0.0,1000.0,1000.0,13570.0,12538.0,578.0,1026.0,11254.0,11071.0,179.0,179.0,7994459
GRAND EST,2018-08-03 23:00:00,2018,215,23:00:00,215.96,1384.0,5689.0,1013.0,0.0,592.0,106.0,0.0,-4302.0,0.0,0.0,3471.0,2980.0,10820.0,9682.0,3155.0,557.0,2300.0,1987.0,158.0,158.0,5550389
PROVENCE ALPES COTE D AZUR,2018-01-26 10:30:00,2018,26,10:30:00,26.44,1885.0,0.0,28.0,44.0,1703.0,103.0,0.0,1933.0,0.0,0.0,2651.0,2273.0,0.0,0.0,48.0,1222.0,3227.0,3227.0,357.0,357.0,5052832
BOURGOGNE FRANCHE COMTE,2018-12-21 10:00:00,2018,355,10:00:00,355.42,153.0,0.0,603.0,1.0,143.0,27.0,-1.0,2215.0,0.0,0.0,401.0,401.0,0.0,0.0,762.0,329.0,520.0,383.0,65.0,65.0,2807807
NOUVELLE AQUITAINE,2016-10-10 01:30:00,2016,284,01:30:00,284.06,70.0,5112.0,51.0,-1.0,90.0,80.0,0.0,-1355.0,0.0,0.0,429.0,429.0,6630.0,5135.0,660.0,1912.0,1779.0,1668.0,280.0,280.0,5935603
BRETAGNE,2020-07-05 19:30:00,2020,187,19:30:00,187.81,2.0,0.0,256.0,52.0,5.0,51.0,-1.0,1435.0,0.0,0.0,978.0,893.0,0.0,0.0,1028.0,284.0,272.0,272.0,79.0,79.0,3373835
NOUVELLE AQUITAINE,2021-04-14 00:00:00,2021,104,00:00:00,104.0,16.0,4294.0,715.0,0.0,421.0,153.0,0.0,-317.0,0.0,0.0,578.0,578.0,6630.0,6630.0,1248.0,3039.0,1784.0,1784.0,353.0,353.0,6069352
NORMANDIE,2022-09-21 18:00:00,2022,264,18:00:00,264.75,220.0,3759.0,53.0,63.0,10.0,67.0,0.0,-1457.0,0.0,0.0,852.0,852.0,10640.0,9310.0,949.0,318.0,31.0,31.0,149.0,149.0,3327604
AUVERGNE RHONE ALPES,2021-06-11 06:30:00,2021,162,06:30:00,162.27,50.0,9102.0,75.0,13.0,4054.0,112.0,-14.0,-7512.0,0.0,0.0,1047.0,1047.0,13570.0,12690.0,723.0,1478.0,11771.0,11624.0,208.0,208.0,8114361
PAYS DE LA LOIRE,2018-07-04 06:00:00,2018,185,06:00:00,185.25,1322.0,0.0,29.0,0.0,3.0,37.0,0.0,930.0,0.0,0.0,1968.0,1732.0,0.0,0.0,804.0,545.0,8.0,8.0,69.0,69.0,3781423
NORMANDIE,2014-11-17 05:30:00,2014,321,05:30:00,321.23,332.0,7599.0,17.0,0.0,12.0,63.0,0.0,-4993.0,0.0,0.0,761.0,181.0,10640.0,10640.0,490.0,213.0,24.0,24.0,91.0,91.0,3335645
HAUTS DE FRANCE,2016-10-06 16:30:00,2016,280,16:30:00,280.69,1024.0,2286.0,1152.0,60.0,1.0,110.0,0.0,983.0,0.0,0.0,2872.0,2589.0,5460.0,4624.0,3142.0,213.0,5.0,5.0,164.0,164.0,6006870
AUVERGNE RHONE ALPES,2016-11-11 22:30:00,2016,316,22:30:00,316.94,662.0,6900.0,104.0,0.0,2811.0,125.0,-327.0,-1983.0,0.0,0.0,982.0,982.0,13570.0,12668.0,399.0,932.0,11229.0,10965.0,177.0,177.0,7916889
OCCITANIE,2015-08-06 20:00:00,2015,218,20:00:00,218.83,-4.0,1162.0,87.0,80.0,1373.0,84.0,0.0,1447.0,0.0,0.0,266.0,0.0,2620.0,1310.0,1039.0,1429.0,5454.0,5227.0,137.0,137.0,5774185
NOUVELLE AQUITAINE,2016-11-05 15:00:00,2016,310,15:00:00,310.62,174.0,4786.0,72.0,343.0,111.0,177.0,0.0,-640.0,0.0,0.0,429.0,429.0,6630.0,5135.0,660.0,1913.0,1779.0,1779.0,280.0,280.0,5935603
NORMANDIE,2022-07-26 01:00:00,2022,207,01:00:00,207.04,193.0,3470.0,194.0,0.0,10.0,87.0,0.0,-1698.0,0.0,0.0,852.0,852.0,10640.0,9310.0,933.0,314.0,31.0,31.0,149.0,149.0,3327604
PROVENCE ALPES COTE D AZUR,2013-10-26 02:30:00,2013,299,02:30:00,299.1,186.0,0.0,0.0,0.0,753.0,48.0,0.0,2733.0,0.0,0.0,2590.0,2316.0,0.0,0.0,45.0,740.0,3160.0,3160.0,151.0,151.0,4953675
BRETAGNE,2018-10-29 23:30:00,2018,302,23:30:00,302.98,14.0,0.0,76.0,0.0,0.0,28.0,-38.0,3160.0,0.0,0.0,936.0,851.0,0.0,0.0,988.0,255.0,270.0,270.0,70.0,70.0,3335414
ILE DE FRANCE,2021-05-13 05:00:00,2021,133,05:00:00,133.21,0.0,0.0,71.0,0.0,10.0,128.0,0.0,5115.0,0.0,0.0,2171.0,2171.0,0.0,0.0,125.0,173.0,20.0,20.0,314.0,314.0,12317279
PROVENCE ALPES COTE D AZUR,2015-12-25 07:00:00,2015,359,07:00:00,359.29,319.0,0.0,3.0,0.0,203.0,89.0,0.0,3709.0,0.0,0.0,2612.0,2147.0,0.0,0.0,48.0,973.0,3178.0,3056.0,183.0,183.0,5007977
BRETAGNE,2019-09-05 04:30:00,2019,248,04:30:00,248.19,1.0,0.0,203.0,0.0,201.0,49.0,-1.0,1193.0,0.0,0.0,966.0,832.0,0.0,0.0,1021.0,268.0,272.0,272.0,74.0,74.0,3354854
HAUTS DE FRANCE,2022-11-08 13:00:00,2022,312,13:00:00,312.54,917.0,3628.0,3720.0,115.0,1.0,105.0,0.0,-3243.0,0.0,0.0,3003.0,2854.0,5460.0,4551.0,6013.0,461.0,6.0,6.0,198.0,198.0,5990765
BOURGOGNE FRANCHE COMTE,2016-12-20 00:30:00,2016,355,00:30:00,355.02,150.0,0.0,118.0,0.0,57.0,16.0,0.0,2589.0,0.0,0.0,331.0,331.0,0.0,0.0,538.0,265.0,518.0,518.0,31.0,31.0,2818338
NOUVELLE AQUITAINE,2015-08-07 09:30:00,2015,219,09:30:00,219.4,15.0,4668.0,31.0,284.0,101.0,162.0,0.0,-828.0,0.0,0.0,427.0,427.0,6630.0,5720.0,526.0,1525.0,1775.0,1661.0,239.0,239.0,5911482
BRETAGNE,2016-06-25 11:30:00,2016,177,11:30:00,177.48,1.0,0.0,90.0,84.0,3.0,36.0,-2.0,1700.0,0.0,0.0,771.0,686.0,0.0,0.0,865.0,227.0,275.0,275.0,56.0,56.0,3306529
HAUTS DE FRANCE,2013-03-30 18:00:00,2013,89,18:00:00,89.75,831.0,3658.0,516.0,8.0,1.0,77.0,0.0,1482.0,0.0,0.0,2268.0,2268.0,5460.0,4550.0,2114.0,210.0,4.0,4.0,138.0,138.0,5987883
BRETAGNE,2019-05-15 16:30:00,2019,135,16:30:00,135.69,1.0,0.0,184.0,133.0,3.0,50.0,-1.0,1842.0,0.0,0.0,956.0,871.0,0.0,0.0,1009.0,265.0,270.0,270.0,72.0,72.0,3354854
ILE DE FRANCE,2021-10-30 13:00:00,2021,303,13:00:00,303.54,129.0,0.0,49.0,21.0,10.0,155.0,0.0,7798.0,0.0,0.0,2171.0,2171.0,0.0,0.0,148.0,193.0,20.0,20.0,314.0,314.0,12317279
GRAND EST,2019-11-11 16:00:00,2019,315,16:00:00,315.67,1890.0,11695.0,1506.0,36.0,937.0,124.0,0.0,-10938.0,0.0,0.0,3532.0,3532.0,10820.0,9895.0,3479.0,604.0,2303.0,2089.0,175.0,175.0,5556219
PAYS DE LA LOIRE,2018-12-04 14:30:00,2018,338,14:30:00,338.6,646.0,0.0,13.0,56.0,2.0,45.0,0.0,2689.0,0.0,0.0,2017.0,1884.0,0.0,0.0,869.0,559.0,8.0,8.0,70.0,70.0,3781423
BRETAGNE,2021-08-04 20:30:00,2021,216,20:30:00,216.85,1.0,0.0,36.0,12.0,8.0,57.0,-1.0,2028.0,0.0,0.0,1428.0,1428.0,0.0,0.0,1106.0,330.0,272.0,272.0,82.0,82.0,3394567
HAUTS DE FRANCE,2022-04-06 18:00:00,2022,96,18:00:00,96.75,1326.0,2575.0,4370.0,38.0,2.0,99.0,0.0,-2251.0,0.0,0.0,2993.0,2993.0,5460.0,4631.0,5748.0,441.0,6.0,6.0,190.0,190.0,5990765
PAYS DE LA LOIRE,2022-11-24 13:00:00,2022,328,13:00:00,328.54,571.0,0.0,972.0,186.0,4.0,59.0,0.0,1706.0,0.0,0.0,2068.0,1730.0,0.0,0.0,1696.0,935.0,10.0,10.0,80.0,80.0,3878839
BRETAGNE,2022-09-05 05:30:00,2022,248,05:30:00,248.23,444.0,0.0,153.0,0.0,0.0,54.0,-1.0,993.0,0.0,0.0,1432.0,1298.0,0.0,0.0,1209.0,380.0,272.0,272.0,83.0,83.0,3414637
PAYS DE LA LOIRE,2018-10-30 06:30:00,2018,303,06:30:00,303.27,786.0,0.0,112.0,0.0,0.0,47.0,0.0,2829.0,0.0,0.0,1985.0,1840.0,0.0,0.0,849.0,556.0,8.0,8.0,70.0,70.0,3781423
PROVENCE ALPES COTE D AZUR,2020-10-03 14:30:00,2020,277,14:30:00,277.6,57.0,0.0,18.0,631.0,1001.0,81.0,-51.0,2389.0,0.0,0.0,2711.0,2352.0,0.0,0.0,48.0,1525.0,3262.0,3231.0,357.0,207.0,5098666
HAUTS DE FRANCE,2018-06-14 03:30:00,2018,165,03:30:00,165.15,182.0,2725.0,471.0,0.0,2.0,117.0,0.0,944.0,0.0,0.0,2922.0,2754.0,5460.0,4658.0,3912.0,220.0,5.0,5.0,170.0,170.0,6004108
BRETAGNE,2016-03-18 17:00:00,2016,78,17:00:00,78.71,153.0,0.0,195.0,58.0,13.0,34.0,-47.0,2199.0,0.0,0.0,771.0,771.0,0.0,0.0,829.0,225.0,275.0,275.0,56.0,56.0,3306529
CENTRE VAL DE LOIRE,2013-08-04 15:30:00,2013,216,15:30:00,216.65,6.0,6131.0,41.0,116.0,0.0,34.0,0.0,-4929.0,0.0,0.0,162.0,162.0,11630.0,11630.0,697.0,211.0,91.0,91.0,56.0,56.0,2570548
ILE DE FRANCE,2014-06-15 07:00:00,2014,166,07:00:00,166.29,-8.0,0.0,8.0,3.0,5.0,120.0,0.0,4374.0,0.0,0.0,2122.0,2122.0,0.0,0.0,37.0,111.0,19.0,19.0,282.0,282.0,12027565
NOUVELLE AQUITAINE,2020-08-25 13:00:00,2020,238,13:00:00,238.54,12.0,1592.0,506.0,2058.0,122.0,173.0,0.0,640.0,0.0,0.0,571.0,571.0,6630.0,5493.0,1166.0,2722.0,1783.0,1672.0,341.0,341.0,6033952
CENTRE VAL DE LOIRE,2018-02-20 16:30:00,2018,51,16:30:00,51.69,113.0,10305.0,28.0,12.0,52.0,54.0,0.0,-7731.0,0.0,0.0,216.0,216.0,11630.0,10320.0,996.0,284.0,91.0,91.0,76.0,76.0,2572853
OCCITANIE,2021-12-31 09:00:00,2021,365,09:00:00,365.38,64.0,2570.0,100.0,87.0,2047.0,80.0,-53.0,80.0,0.0,0.0,326.0,326.0,2620.0,2620.0,1593.0,2779.0,5500.0,5465.0,173.0,173.0,6022176
AUVERGNE RHONE ALPES,2014-01-21 08:30:00,2014,21,08:30:00,21.35,176.0,13409.0,83.0,0.0,6799.0,107.0,-4.0,-10395.0,0.0,0.0,930.0,930.0,13570.0,13570.0,347.0,763.0,11132.0,10980.0,125.0,125.0,7820966
PROVENCE ALPES COTE D AZUR,2021-05-01 11:30:00,2021,121,11:30:00,121.48,26.0,0.0,9.0,153.0,1027.0,99.0,0.0,3199.0,0.0,0.0,2715.0,2341.0,0.0,0.0,96.0,1590.0,3266.0,3235.0,357.0,357.0,5127840
NOUVELLE AQUITAINE,2022-07-12 03:00:00,2022,193,03:00:00,193.12,39.0,1830.0,681.0,0.0,127.0,174.0,0.0,978.0,0.0,0.0,579.0,579.0,6630.0,5562.0,1542.0,3729.0,1786.0,1657.0,356.0,356.0,6098051
OCCITANIE,2014-01-01 11:30:00,2014,1,11:30:00,1.48,57.0,1530.0,166.0,274.0,956.0,94.0,-420.0,1985.0,0.0,0.0,251.0,251.0,2620.0,2620.0,889.0,1193.0,5396.0,5169.0,127.0,127.0,5730753
NOUVELLE AQUITAINE,2018-03-03 15:30:00,2018,62,15:30:00,62.65,166.0,6475.0,676.0,1222.0,672.0,126.0,0.0,-4101.0,0.0,0.0,482.0,482.0,6630.0,5646.0,882.0,2277.0,1781.0,1781.0,314.0,314.0,5979778
OCCITANIE,2014-09-04 11:00:00,2014,247,11:00:00,247.46,-3.0,2537.0,44.0,518.0,736.0,57.0,0.0,268.0,0.0,0.0,251.0,251.0,2620.0,2620.0,943.0,1297.0,5415.0,5188.0,132.0,132.0,5730753
HAUTS DE FRANCE,2018-08-24 21:00:00,2018,236,21:00:00,236.88,1398.0,2687.0,996.0,0.0,0.0,140.0,0.0,-419.0,0.0,0.0,2922.0,2734.0,5460.0,4653.0,3979.0,229.0,5.0,5.0,171.0,171.0,6004108
NOUVELLE AQUITAINE,2016-02-07 02:30:00,2016,38,02:30:00,38.1,168.0,4628.0,291.0,-1.0,690.0,152.0,0.0,-609.0,0.0,0.0,429.0,429.0,6630.0,5671.0,547.0,1817.0,1778.0,1778.0,279.0,279.0,5935603
GRAND EST,2016-12-05 05:30:00,2016,340,05:30:00,340.23,2188.0,10178.0,654.0,0.0,458.0,118.0,0.0,-7419.0,0.0,0.0,3448.0,3448.0,10820.0,9660.0,2758.0,535.0,2296.0,2046.0,138.0,138.0,5555186
GRAND EST,2020-06-19 09:00:00,2020,171,09:00:00,171.38,1223.0,5741.0,123.0,147.0,1360.0,131.0,0.0,-3871.0,0.0,0.0,3535.0,3095.0,10820.0,9561.0,3606.0,623.0,2304.0,1925.0,184.0,184.0,5562651
ILE DE FRANCE,2022-11-29 13:30:00,2022,333,13:30:00,333.56,1053.0,0.0,0.0,24.0,6.0,129.0,0.0,8788.0,0.0,0.0,2171.0,2171.0,0.0,0.0,148.0,256.0,20.0,20.0,320.0,320.0,12354286
PROVENCE ALPES COTE D AZUR,2019-12-10 16:00:00,2019,344,16:00:00,344.67,1593.0,0.0,24.0,125.0,1453.0,102.0,0.0,1990.0,0.0,0.0,2679.0,2329.0,0.0,0.0,48.0,1424.0,3249.0,3125.0,357.0,207.0,5081101
PAYS DE LA LOIRE,2020-12-25 13:00:00,2020,360,13:00:00,360.54,162.0,0.0,411.0,218.0,2.0,48.0,0.0,2760.0,0.0,0.0,2054.0,2054.0,0.0,0.0,1046.0,683.0,10.0,10.0,77.0,77.0,3832120
PROVENCE ALPES COTE D AZUR,2015-05-05 05:00:00,2015,125,05:00:00,125.21,155.0,0.0,0.0,0.0,1168.0,59.0,0.0,1793.0,0.0,0.0,2610.0,2241.0,0.0,0.0,45.0,913.0,3168.0,3168.0,183.0,183.0,5007977
AUVERGNE RHONE ALPES,2017-01-10 07:30:00,2017,10,07:30:00,10.31,572.0,10815.0,85.0,0.0,3450.0,124.0,-4.0,-3664.0,0.0,0.0,984.0,984.0,13570.0,12718.0,425.0,936.0,11233.0,11012.0,177.0,177.0,7948287
PAYS DE LA LOIRE,2013-07-04 07:00:00,2013,185,07:00:00,185.29,356.0,0.0,8.0,2.0,0.0,40.0,0.0,2174.0,0.0,0.0,1837.0,1837.0,0.0,0.0,490.0,392.0,5.0,5.0,58.0,58.0,3660852
BOURGOGNE FRANCHE COMTE,2021-02-26 00:00:00,2021,57,00:00:00,57.0,151.0,0.0,97.0,0.0,173.0,48.0,0.0,1879.0,0.0,0.0,401.0,401.0,0.0,0.0,928.0,405.0,523.0,523.0,71.0,71.0,2800194
CENTRE VAL DE LOIRE,2013-07-06 08:00:00,2013,187,08:00:00,187.33,6.0,6150.0,68.0,17.0,2.0,32.0,0.0,-4806.0,0.0,0.0,162.0,162.0,11630.0,10805.0,697.0,211.0,91.0,91.0,56.0,56.0,2570548
CENTRE VAL DE LOIRE,2019-06-23 23:30:00,2019,174,23:30:00,174.98,0.0,7010.0,185.0,0.0,2.0,51.0,0.0,-5472.0,0.0,0.0,229.0,229.0,11630.0,10642.0,1168.0,316.0,91.0,91.0,85.0,85.0,2573180
NORMANDIE,2013-06-15 01:00:00,2013,166,01:00:00,166.04,235.0,6063.0,170.0,0.0,12.0,29.0,0.0,-3842.0,0.0,0.0,761.0,761.0,10640.0,9310.0,423.0,208.0,23.0,23.0,88.0,88.0,3328364
BOURGOGNE FRANCHE COMTE,2015-11-08 18:30:00,2015,312,18:30:00,312.77,84.0,0.0,174.0,0.0,108.0,24.0,0.0,1824.0,0.0,0.0,325.0,80.0,0.0,0.0,414.0,262.0,513.0,513.0,29.0,29.0,2820940
PAYS DE LA LOIRE,2021-08-07 21:30:00,2021,219,21:30:00,219.9,0.0,0.0,358.0,1.0,1.0,57.0,0.0,1439.0,0.0,0.0,2056.0,2056.0,0.0,0.0,1115.0,764.0,10.0,10.0,79.0,79.0,3853999
NORMANDIE,2018-02-09 06:00:00,2018,40,06:00:00,40.25,1048.0,9134.0,515.0,0.0,14.0,52.0,0.0,-6329.0,0.0,0.0,813.0,813.0,10640.0,9310.0,705.0,234.0,31.0,31.0,102.0,102.0,3327477
HAUTS DE FRANCE,2014-09-25 08:30:00,2014,268,08:30:00,268.35,441.0,2632.0,77.0,5.0,1.0,69.0,0.0,2749.0,0.0,0.0,2289.0,2289.0,5460.0,5460.0,2432.0,212.0,5.0,5.0,141.0,141.0,6006156
CENTRE VAL DE LOIRE,2014-08-06 19:00:00,2014,218,19:00:00,218.79,1.0,7355.0,70.0,26.0,2.0,43.0,0.0,-5763.0,0.0,0.0,162.0,162.0,11630.0,11630.0,801.0,219.0,91.0,91.0,57.0,57.0,2577435
GRAND EST,2016-09-28 23:00:00,2016,272,23:00:00,272.96,2150.0,8709.0,311.0,0.0,769.0,75.0,0.0,-7245.0,0.0,0.0,3424.0,3424.0,10820.0,9625.0,2660.0,529.0,2295.0,2093.0,125.0,125.0,5555186
ILE DE FRANCE,2014-12-12 22:30:00,2014,346,22:30:00,346.94,811.0,0.0,18.0,0.0,9.0,154.0,0.0,9003.0,0.0,0.0,2128.0,1543.0,0.0,0.0,37.0,112.0,19.0,19.0,282.0,282.0,12027565
OCCITANIE,2016-03-19 06:00:00,2016,79,06:00:00,79.25,57.0,2484.0,175.0,0.0,1448.0,84.0,-52.0,463.0,0.0,0.0,266.0,0.0,2620.0,2620.0,1098.0,1535.0,5462.0,5235.0,137.0,137.0,5808435
PROVENCE ALPES COTE D AZUR,2016-11-14 10:00:00,2016,319,10:00:00,319.42,2482.0,0.0,17.0,144.0,1109.0,104.0,0.0,1695.0,0.0,0.0,2623.0,2378.0,0.0,0.0,48.0,1048.0,3192.0,3068.0,354.0,354.0,5021928
PROVENCE ALPES COTE D AZUR,2019-12-08 12:30:00,2019,342,12:30:00,342.52,166.0,0.0,0.0,687.0,1490.0,106.0,0.0,2827.0,0.0,0.0,2679.0,2301.0,0.0,0.0,48.0,1424.0,3249.0,3125.0,357.0,207.0,5081101
HAUTS DE FRANCE,2018-10-25 11:00:00,2018,298,11:00:00,298.46,931.0,3567.0,205.0,16.0,0.0,107.0,0.0,1339.0,0.0,0.0,2954.0,2634.0,5460.0,4550.0,4098.0,234.0,5.0,5.0,171.0,171.0,6004108
NORMANDIE,2016-11-25 18:00:00,2016,330,18:00:00,330.75,926.0,7618.0,124.0,0.0,9.0,58.0,0.0,-4511.0,0.0,0.0,785.0,785.0,10640.0,9315.0,616.0,219.0,31.0,31.0,96.0,96.0,3335929
HAUTS DE FRANCE,2013-08-17 23:30:00,2013,229,23:30:00,229.98,352.0,3561.0,465.0,0.0,0.0,77.0,0.0,-101.0,0.0,0.0,2268.0,1993.0,5460.0,5460.0,2205.0,210.0,5.0,5.0,139.0,139.0,5987883
ILE DE FRANCE,2017-07-03 15:30:00,2017,184,15:30:00,184.65,-1.0,0.0,3.0,42.0,5.0,182.0,0.0,7289.0,0.0,0.0,2149.0,1836.0,0.0,0.0,73.0,117.0,19.0,19.0,301.0,301.0,12174880
ILE DE FRANCE,2013-02-26 03:30:00,2013,57,03:30:00,57.15,967.0,0.0,1.0,0.0,0.0,133.0,0.0,9250.0,0.0,0.0,2121.0,2121.0,0.0,0.0,37.0,108.0,19.0,19.0,262.0,262.0,11959807
CENTRE VAL DE LOIRE,2021-07-27 21:00:00,2021,208,21:00:00,208.88,11.0,7062.0,406.0,6.0,3.0,66.0,0.0,-5772.0,0.0,0.0,229.0,229.0,11630.0,10740.0,1333.0,571.0,92.0,92.0,89.0,89.0,2573303
HAUTS DE FRANCE,2018-06-22 13:30:00,2018,173,13:30:00,173.56,118.0,3503.0,866.0,96.0,2.0,110.0,0.0,807.0,0.0,0.0,2922.0,2719.0,5460.0,4550.0,3912.0,220.0,5.0,5.0,170.0,170.0,6004108
PROVENCE ALPES COTE D AZUR,2019-11-06 22:00:00,2019,310,22:00:00,310.92,1146.0,0.0,2.0,0.0,1446.0,99.0,0.0,1819.0,0.0,0.0,2678.0,2269.0,0.0,0.0,48.0,1408.0,3245.0,3121.0,357.0,207.0,5081101
BRETAGNE,2018-07-06 01:30:00,2018,187,01:30:00,187.06,1.0,0.0,58.0,0.0,2.0,46.0,-46.0,1753.0,0.0,0.0,904.0,794.0,0.0,0.0,969.0,253.0,270.0,270.0,68.0,68.0,3335414
NOUVELLE AQUITAINE,2015-07-11 02:30:00,2015,192,02:30:00,192.1,88.0,3090.0,137.0,0.0,58.0,177.0,0.0,516.0,0.0,0.0,427.0,427.0,6630.0,5525.0,504.0,1519.0,1775.0,1661.0,239.0,239.0,5911482
NORMANDIE,2019-09-24 11:30:00,2019,267,11:30:00,267.48,209.0,3718.0,401.0,24.0,5.0,48.0,0.0,-1469.0,0.0,0.0,833.0,253.0,10640.0,9310.0,806.0,258.0,31.0,31.0,108.0,108.0,3325032
PAYS DE LA LOIRE,2016-07-27 22:00:00,2016,209,22:00:00,209.92,10.0,0.0,103.0,0.0,1.0,39.0,0.0,2284.0,0.0,0.0,1880.0,1337.0,0.0,0.0,665.0,477.0,8.0,8.0,63.0,63.0,3737632
HAUTS DE FRANCE,2022-05-31 01:30:00,2022,151,01:30:00,151.06,1277.0,3643.0,180.0,0.0,1.0,124.0,0.0,-446.0,0.0,0.0,2993.0,2478.0,5460.0,4550.0,5774.0,442.0,6.0,6.0,196.0,196.0,5990765
GRAND EST,2021-08-20 03:00:00,2021,232,03:00:00,232.12,331.0,6214.0,143.0,1.0,1141.0,140.0,-6.0,-4216.0,0.0,0.0,3585.0,3585.0,10820.0,9940.0,3939.0,926.0,2305.0,2103.0,208.0,208.0,5561287
GRAND EST,2022-09-08 02:00:00,2022,251,02:00:00,251.08,1080.0,3725.0,263.0,0.0,471.0,129.0,-518.0,-1228.0,0.0,0.0,3590.0,3163.0,10820.0,9877.0,4315.0,1095.0,2308.0,1954.0,235.0,235.0,5563889
ILE DE FRANCE,2019-08-21 16:30:00,2019,233,16:30:00,233.69,0.0,0.0,5.0,48.0,2.0,146.0,0.0,5666.0,0.0,0.0,2170.0,2072.0,0.0,0.0,108.0,127.0,20.0,20.0,314.0,314.0,12262544
PROVENCE ALPES COTE D AZUR,2017-05-10 12:00:00,2017,130,12:00:00,130.5,1405.0,0.0,22.0,351.0,1690.0,100.0,0.0,980.0,0.0,0.0,2630.0,2268.0,0.0,0.0,48.0,1083.0,3193.0,3071.0,354.0,354.0,5030890
HAUTS DE FRANCE,2017-12-29 00:30:00,2017,363,00:30:00,363.02,1832.0,4567.0,888.0,0.0,2.0,131.0,0.0,-133.0,0.0,0.0,2913.0,2328.0,5460.0,4550.0,3799.0,217.0,5.0,5.0,170.0,170.0,6003815
CENTRE VAL DE LOIRE,2018-05-25 00:30:00,2018,145,00:30:00,145.02,0.0,9081.0,85.0,0.0,6.0,67.0,0.0,-7366.0,0.0,0.0,216.0,216.0,11630.0,10806.0,1014.0,287.0,91.0,91.0,76.0,76.0,2572853
CENTRE VAL DE LOIRE,2018-09-18 11:00:00,2018,261,11:00:00,261.46,12.0,7749.0,185.0,79.0,0.0,66.0,0.0,-6078.0,0.0,0.0,218.0,218.0,11630.0,10695.0,1060.0,300.0,91.0,91.0,76.0,76.0,2572853
BOURGOGNE FRANCHE COMTE,2019-08-25 06:00:00,2019,237,06:00:00,237.25,23.0,0.0,11.0,0.0,10.0,21.0,-1.0,1184.0,0.0,0.0,401.0,401.0,0.0,0.0,831.0,339.0,521.0,521.0,68.0,68.0,2805580
NOUVELLE AQUITAINE,2020-03-07 21:00:00,2020,67,21:00:00,67.88,206.0,6413.0,151.0,0.0,1204.0,202.0,0.0,-2444.0,0.0,0.0,571.0,571.0,6630.0,5822.0,1089.0,2636.0,1783.0,1678.0,340.0,340.0,6033952
HAUTS DE FRANCE,2020-08-20 02:00:00,2020,233,02:00:00,233.08,1321.0,4345.0,1584.0,0.0,0.0,135.0,0.0,-3171.0,0.0,0.0,2983.0,2398.0,5460.0,4550.0,5127.0,250.0,5.0,5.0,181.0,181.0,5997734
HAUTS DE FRANCE,2019-07-31 01:00:00,2019,212,01:00:00,212.04,780.0,3053.0,1356.0,0.0,0.0,130.0,0.0,-916.0,0.0,0.0,2969.0,2781.0,5460.0,4656.0,4531.0,237.0,5.0,5.0,178.0,178.0,6004947
BOURGOGNE FRANCHE COMTE,2018-04-27 06:30:00,2018,117,06:30:00,117.27,28.0,0.0,258.0,0.0,39.0,24.0,0.0,1916.0,0.0,0.0,386.0,386.0,0.0,0.0,676.0,306.0,520.0,404.0,36.0,36.0,2807807
GRAND EST,2015-03-04 15:30:00,2015,63,15:30:00,63.65,1581.0,6583.0,687.0,111.0,1058.0,74.0,0.0,-3971.0,0.0,0.0,3420.0,3220.0,10820.0,9648.0,2352.0,523.0,2284.0,1476.0,108.0,108.0,5559051
AUVERGNE RHONE ALPES,2020-03-08 15:30:00,2020,68,15:30:00,68.65,175.0,8768.0,84.0,411.0,3309.0,121.0,-1859.0,-4075.0,0.0,0.0,1034.0,1034.0,13570.0,12643.0,647.0,1248.0,11746.0,11514.0,192.0,192.0,8078652
OCCITANIE,2017-11-24 12:30:00,2017,328,12:30:00,328.52,70.0,2568.0,168.0,301.0,996.0,93.0,0.0,924.0,0.0,0.0,282.0,282.0,2620.0,2515.0,1285.0,1778.0,5477.0,5250.0,145.0,145.0,5845102
HAUTS DE FRANCE,2015-01-30 07:00:00,2015,30,07:00:00,30.29,946.0,5414.0,645.0,0.0,2.0,113.0,0.0,905.0,0.0,0.0,2301.0,2301.0,5460.0,5460.0,2623.0,213.0,5.0,5.0,155.0,155.0,6009976
ILE DE FRANCE,2014-06-10 13:00:00,2014,161,13:00:00,161.54,125.0,0.0,0.0,8.0,6.0,99.0,0.0,8330.0,0.0,0.0,2122.0,1992.0,0.0,0.0,37.0,111.0,19.0,19.0,282.0,282.0,12027565
HAUTS DE FRANCE,2021-03-26 07:30:00,2021,85,07:30:00,85.31,1035.0,3870.0,1774.0,6.0,2.0,135.0,0.0,-297.0,0.0,0.0,2990.0,2990.0,5460.0,5460.0,5430.0,326.0,5.0,5.0,182.0,182.0,5995292
CENTRE VAL DE LOIRE,2021-09-11 19:30:00,2021,254,19:30:00,254.81,0.0,9046.0,2.0,28.0,0.0,54.0,0.0,-7648.0,0.0,0.0,229.0,229.0,11630.0,10740.0,1360.0,598.0,92.0,92.0,89.0,89.0,2573303
PROVENCE ALPES COTE D AZUR,2013-09-13 21:30:00,2013,256,21:30:00,256.9,740.0,0.0,12.0,0.0,1359.0,69.0,0.0,1854.0,0.0,0.0,2590.0,2316.0,0.0,0.0,45.0,722.0,3158.0,3158.0,151.0,151.0,4953675
BOURGOGNE FRANCHE COMTE,2021-11-29 04:30:00,2021,333,04:30:00,333.19,139.0,0.0,171.0,0.0,16.0,49.0,-68.0,2403.0,0.0,0.0,401.0,401.0,0.0,0.0,992.0,482.0,524.0,524.0,72.0,72.0,2800194
CENTRE VAL DE LOIRE,2022-12-26 12:30:00,2022,360,12:30:00,360.52,63.0,8439.0,765.0,54.0,2.0,55.0,0.0,-7322.0,0.0,0.0,229.0,229.0,11630.0,10761.0,1599.0,807.0,93.0,93.0,91.0,91.0,2572916
GRAND EST,2020-11-14 08:30:00,2020,319,08:30:00,319.35,625.0,10526.0,1062.0,35.0,704.0,116.0,0.0,-8512.0,0.0,0.0,3585.0,3172.0,10820.0,9671.0,3833.0,672.0,2305.0,2103.0,190.0,190.0,5562651
AUVERGNE RHONE ALPES,2022-08-05 04:30:00,2022,217,04:30:00,217.19,274.0,7130.0,151.0,0.0,1286.0,119.0,-499.0,-3232.0,0.0,0.0,1048.0,628.0,13570.0,12625.0,723.0,1749.0,11787.0,11641.0,208.0,208.0,8155762
BRETAGNE,2020-10-17 14:00:00,2020,291,14:00:00,291.58,1.0,0.0,69.0,88.0,218.0,52.0,-1.0,2087.0,0.0,0.0,980.0,846.0,0.0,0.0,1041.0,290.0,272.0,272.0,81.0,81.0,3373835
PROVENCE ALPES COTE D AZUR,2017-04-29 12:30:00,2017,119,12:30:00,119.52,440.0,0.0,3.0,741.0,532.0,217.0,0.0,2685.0,0.0,0.0,2630.0,2268.0,0.0,0.0,48.0,1076.0,3193.0,3193.0,354.0,354.0,5030890
GRAND EST,2022-03-01 14:30:00,2022,60,14:30:00,60.6,2412.0,6447.0,51.0,360.0,732.0,157.0,-483.0,-3267.0,0.0,0.0,3590.0,3590.0,10820.0,9823.0,4206.0,998.0,2306.0,2104.0,212.0,212.0,5563889
CENTRE VAL DE LOIRE,2018-01-05 11:30:00,2018,5,11:30:00,5.48,123.0,9647.0,402.0,20.0,62.0,58.0,0.0,-7586.0,0.0,0.0,214.0,214.0,11630.0,10728.0,987.0,279.0,91.0,91.0,76.0,76.0,2572853
NOUVELLE AQUITAINE,2019-03-10 14:00:00,2019,69,14:00:00,69.58,208.0,5440.0,725.0,705.0,330.0,208.0,0.0,-2645.0,0.0,0.0,538.0,538.0,6630.0,6529.0,975.0,2455.0,1781.0,1676.0,319.0,319.0,6010289
GRAND EST,2021-07-02 05:30:00,2021,183,05:30:00,183.23,776.0,7763.0,27.0,0.0,1274.0,130.0,-6.0,-5917.0,0.0,0.0,3585.0,3172.0,10820.0,9940.0,3913.0,899.0,2305.0,2103.0,208.0,208.0,5561287
ILE DE FRANCE,2019-04-17 11:30:00,2019,107,11:30:00,107.48,-1.0,0.0,0.0,41.0,9.0,108.0,0.0,9075.0,0.0,0.0,2170.0,2108.0,0.0,0.0,88.0,126.0,20.0,20.0,306.0,306.0,12262544
GRAND EST,2016-01-03 01:00:00,2016,3,01:00:00,3.04,236.0,10842.0,1501.0,0.0,516.0,101.0,-63.0,-8262.0,0.0,0.0,3424.0,3424.0,10820.0,9510.0,2569.0,525.0,2285.0,2083.0,119.0,119.0,5555186
BRETAGNE,2017-09-04 13:30:00,2017,247,13:30:00,247.56,1.0,0.0,10.0,48.0,192.0,42.0,-1.0,2187.0,0.0,0.0,848.0,848.0,0.0,0.0,916.0,241.0,270.0,270.0,66.0,66.0,3318904
BRETAGNE,2018-05-16 20:30:00,2018,136,20:30:00,136.85,1.0,0.0,544.0,12.0,34.0,44.0,-1.0,1480.0,0.0,0.0,904.0,794.0,0.0,0.0,951.0,252.0,270.0,270.0,68.0,68.0,3335414
BRETAGNE,2019-11-24 18:00:00,2019,328,18:00:00,328.75,217.0,0.0,287.0,0.0,14.0,48.0,-24.0,2355.0,0.0,0.0,978.0,978.0,0.0,0.0,1021.0,271.0,272.0,272.0,76.0,76.0,3354854
HAUTS DE FRANCE,2017-08-13 02:30:00,2017,225,02:30:00,225.1,348.0,4424.0,551.0,0.0,0.0,127.0,0.0,-1580.0,0.0,0.0,2910.0,2416.0,5460.0,4550.0,3557.0,215.0,5.0,5.0,165.0,165.0,6003815
NORMANDIE,2017-03-03 08:00:00,2017,62,08:00:00,62.33,453.0,6377.0,332.0,0.0,27.0,40.0,0.0,-3172.0,0.0,0.0,785.0,205.0,10640.0,9310.0,622.0,220.0,31.0,31.0,97.0,97.0,3330478
BRETAGNE,2020-04-16 20:00:00,2020,107,20:00:00,107.83,1.0,0.0,39.0,13.0,50.0,50.0,-1.0,1914.0,0.0,0.0,978.0,868.0,0.0,0.0,1028.0,280.0,272.0,272.0,79.0,79.0,3373835
PAYS DE LA LOIRE,2016-05-10 02:00:00,2016,131,02:00:00,131.08,14.0,0.0,23.0,0.0,3.0,38.0,0.0,2452.0,0.0,0.0,1880.0,1337.0,0.0,0.0,649.0,466.0,8.0,8.0,62.0,62.0,3737632
PROVENCE ALPES COTE D AZUR,2021-12-06 09:30:00,2021,340,09:30:00,340.4,1551.0,0.0,49.0,305.0,1870.0,81.0,0.0,2752.0,0.0,0.0,2724.0,2460.0,0.0,0.0,96.0,1738.0,3266.0,3222.0,357.0,357.0,5127840
GRAND EST,2019-11-22 14:00:00,2019,326,14:00:00,326.58,1897.0,12456.0,1192.0,511.0,777.0,119.0,0.0,-10181.0,0.0,0.0,3532.0,2937.0,10820.0,9940.0,3479.0,606.0,2303.0,2090.0,175.0,175.0,5556219
HAUTS DE FRANCE,2018-04-04 07:30:00,2018,94,07:30:00,94.31,841.0,3606.0,1494.0,0.0,2.0,119.0,0.0,350.0,0.0,0.0,2922.0,2691.0,5460.0,4550.0,3829.0,218.0,5.0,5.0,170.0,170.0,6004108
GRAND EST,2013-02-13 05:00:00,2013,44,05:00:00,44.21,2101.0,9488.0,13.0,0.0,1081.0,62.0,-530.0,-5603.0,0.0,0.0,3398.0,3398.0,10820.0,10820.0,1812.0,500.0,2280.0,2280.0,86.0,86.0,5552388
BOURGOGNE FRANCHE COMTE,2020-03-17 05:30:00,2020,77,05:30:00,77.23,156.0,0.0,8.0,0.0,181.0,30.0,0.0,1808.0,0.0,0.0,401.0,401.0,0.0,0.0,877.0,347.0,521.0,521.0,69.0,69.0,2801695
OCCITANIE,2018-05-11 16:00:00,2018,131,16:00:00,131.67,0.0,1197.0,45.0,1221.0,2256.0,88.0,-101.0,-1266.0,0.0,0.0,291.0,291.0,2620.0,1310.0,1389.0,1891.0,5482.0,5288.0,146.0,146.0,5885496
OCCITANIE,2018-06-01 16:00:00,2018,152,16:00:00,152.67,0.0,1150.0,29.0,940.0,2308.0,93.0,-61.0,-629.0,0.0,0.0,295.0,295.0,2620.0,1310.0,1389.0,1901.0,5485.0,5283.0,146.0,146.0,5885496
OCCITANIE,2017-05-12 22:00:00,2017,132,22:00:00,132.92,2.0,2538.0,18.0,0.0,1769.0,92.0,-33.0,-876.0,0.0,0.0,282.0,282.0,2620.0,2620.0,1221.0,1713.0,5475.0,5020.0,140.0,140.0,5845102
GRAND EST,2016-03-27 21:00:00,2016,87,21:00:00,87.88,232.0,8573.0,1473.0,0.0,1174.0,106.0,0.0,-6555.0,0.0,0.0,3424.0,3424.0,10820.0,9697.0,2575.0,525.0,2286.0,2084.0,120.0,120.0,5555186
CENTRE VAL DE LOIRE,2017-07-06 06:00:00,2017,187,06:00:00,187.25,0.0,5585.0,125.0,0.0,0.0,59.0,0.0,-4212.0,0.0,0.0,198.0,198.0,11630.0,10702.0,947.0,269.0,91.0,91.0,76.0,76.0,2576252
OCCITANIE,2021-03-28 03:30:00,2021,87,03:30:00,87.15,76.0,1209.0,23.0,0.0,660.0,85.0,-71.0,2282.0,0.0,0.0,318.0,318.0,2620.0,2620.0,1593.0,2513.0,5499.0,5266.0,172.0,172.0,6022176
ILE DE FRANCE,2022-08-28 06:00:00,2022,240,06:00:00,240.25,0.0,0.0,59.0,0.0,4.0,149.0,0.0,4154.0,0.0,0.0,2171.0,2020.0,0.0,0.0,148.0,234.0,20.0,20.0,314.0,314.0,12354286
HAUTS DE FRANCE,2019-12-16 22:00:00,2019,350,22:00:00,350.92,2039.0,4058.0,1324.0,0.0,2.0,128.0,0.0,-1195.0,0.0,0.0,2970.0,2970.0,5460.0,4746.0,4855.0,240.0,5.0,5.0,180.0,180.0,6004947
HAUTS DE FRANCE,2019-11-25 02:30:00,2019,329,02:30:00,329.1,1463.0,4454.0,1044.0,0.0,2.0,139.0,0.0,-1524.0,0.0,0.0,2970.0,2970.0,5460.0,4689.0,4715.0,239.0,5.0,5.0,180.0,180.0,6004947
ILE DE FRANCE,2018-08-22 11:00:00,2018,234,11:00:00,234.46,9.0,0.0,0.0,31.0,4.0,140.0,0.0,6575.0,0.0,0.0,2157.0,2116.0,0.0,0.0,88.0,123.0,20.0,20.0,306.0,306.0,12213447
PROVENCE ALPES COTE D AZUR,2014-07-08 12:30:00,2014,189,12:30:00,189.52,111.0,0.0,19.0,500.0,1909.0,69.0,0.0,2161.0,0.0,0.0,2592.0,2268.0,0.0,0.0,45.0,846.0,3165.0,3165.0,170.0,170.0,4983438
OCCITANIE,2020-04-15 07:00:00,2020,106,07:00:00,106.29,1.0,2477.0,737.0,0.0,1161.0,76.0,-31.0,-1229.0,0.0,0.0,314.0,314.0,2620.0,2620.0,1579.0,2202.0,5492.0,5315.0,171.0,171.0,5973969
PAYS DE LA LOIRE,2016-03-27 15:30:00,2016,87,15:30:00,87.65,106.0,0.0,570.0,162.0,4.0,37.0,0.0,1757.0,0.0,0.0,1880.0,1300.0,0.0,0.0,641.0,459.0,8.0,8.0,61.0,61.0,3737632
HAUTS DE FRANCE,2017-06-10 19:30:00,2017,161,19:30:00,161.81,344.0,3533.0,114.0,20.0,1.0,106.0,0.0,547.0,0.0,0.0,2900.0,2325.0,5460.0,4550.0,3488.0,215.0,5.0,5.0,165.0,165.0,6003815
PROVENCE ALPES COTE D AZUR,2015-04-17 14:00:00,2015,107,14:00:00,107.58,1132.0,0.0,0.0,384.0,983.0,54.0,0.0,1965.0,0.0,0.0,2605.0,2250.0,0.0,0.0,45.0,912.0,3168.0,3168.0,183.0,183.0,5007977
ILE DE FRANCE,2013-08-29 08:00:00,2013,241,08:00:00,241.33,399.0,0.0,1.0,2.0,6.0,123.0,0.0,6141.0,0.0,0.0,2121.0,1536.0,0.0,0.0,37.0,109.0,19.0,19.0,282.0,282.0,11959807
AUVERGNE RHONE ALPES,2021-10-23 15:00:00,2021,296,15:00:00,296.62,62.0,10653.0,93.0,702.0,975.0,112.0,-1096.0,-5130.0,0.0,0.0,1048.0,1048.0,13570.0,12669.0,723.0,1554.0,11776.0,11649.0,208.0,208.0,8114361
ILE DE FRANCE,2015-08-04 19:00:00,2015,216,19:00:00,216.79,-2.0,0.0,2.0,11.0,8.0,109.0,0.0,6609.0,0.0,0.0,2144.0,1679.0,0.0,0.0,49.0,113.0,19.0,19.0,300.0,300.0,12082144
AUVERGNE RHONE ALPES,2017-11-15 08:00:00,2017,319,08:00:00,319.33,563.0,5616.0,196.0,1.0,5101.0,129.0,-6.0,-1360.0,0.0,0.0,1000.0,1000.0,13570.0,12654.0,548.0,976.0,11246.0,11057.0,178.0,178.0,7948287
GRAND EST,2022-04-15 12:00:00,2022,105,12:00:00,105.5,348.0,5039.0,119.0,618.0,835.0,157.0,-346.0,-2125.0,0.0,0.0,3590.0,3197.0,10820.0,9727.0,4254.0,1003.0,2306.0,2104.0,235.0,235.0,5563889
BOURGOGNE FRANCHE COMTE,2018-07-10 18:00:00,2018,191,18:00:00,191.75,28.0,0.0,185.0,101.0,15.0,31.0,0.0,2017.0,0.0,0.0,386.0,386.0,0.0,0.0,688.0,307.0,520.0,339.0,37.0,37.0,2807807
CENTRE VAL DE LOIRE,2022-07-02 05:30:00,2022,183,05:30:00,183.23,35.0,6896.0,30.0,0.0,2.0,69.0,0.0,-5883.0,0.0,0.0,229.0,229.0,11630.0,10688.0,1455.0,753.0,92.0,92.0,90.0,90.0,2572916
GRAND EST,2018-03-16 16:00:00,2018,75,16:00:00,75.67,933.0,10056.0,53.0,348.0,939.0,104.0,0.0,-6718.0,0.0,0.0,3471.0,3471.0,10820.0,9793.0,3053.0,553.0,2300.0,2072.0,146.0,146.0,5550389
AUVERGNE RHONE ALPES,2020-03-30 03:30:00,2020,90,03:30:00,90.15,172.0,7815.0,200.0,0.0,2494.0,125.0,-933.0,-3229.0,0.0,0.0,1034.0,1034.0,13570.0,12648.0,647.0,1253.0,11746.0,11554.0,192.0,192.0,8078652
BOURGOGNE FRANCHE COMTE,2016-10-31 13:00:00,2016,305,13:00:00,305.54,74.0,0.0,36.0,123.0,27.0,19.0,0.0,2373.0,0.0,0.0,329.0,329.0,0.0,0.0,516.0,265.0,516.0,231.0,31.0,31.0,2818338
PROVENCE ALPES COTE D AZUR,2015-08-11 03:30:00,2015,223,03:30:00,223.15,97.0,0.0,6.0,0.0,490.0,81.0,0.0,2797.0,0.0,0.0,2610.0,2215.0,0.0,0.0,48.0,930.0,3168.0,3168.0,183.0,183.0,5007977
GRAND EST,2016-04-01 06:00:00,2016,92,06:00:00,92.25,1513.0,9844.0,926.0,0.0,638.0,98.0,-354.0,-7104.0,0.0,0.0,3424.0,3424.0,10820.0,9772.0,2593.0,525.0,2286.0,2084.0,120.0,120.0,5555186
OCCITANIE,2015-05-02 15:00:00,2015,122,15:00:00,122.62,-5.0,2220.0,56.0,564.0,1963.0,72.0,-275.0,-1215.0,0.0,0.0,266.0,0.0,2620.0,2620.0,943.0,1385.0,5448.0,5221.0,133.0,133.0,5774185
HAUTS DE FRANCE,2019-07-27 00:30:00,2019,208,00:30:00,208.02,1188.0,3946.0,1508.0,0.0,0.0,129.0,0.0,-2001.0,0.0,0.0,2969.0,2557.0,5460.0,4677.0,4531.0,237.0,5.0,5.0,178.0,178.0,6004947
BRETAGNE,2014-08-09 14:00:00,2014,221,14:00:00,221.58,1.0,0.0,22.0,83.0,170.0,34.0,-1.0,1538.0,0.0,0.0,688.0,688.0,0.0,0.0,763.0,215.0,272.0,272.0,52.0,52.0,3276543
GRAND EST,2020-01-24 22:30:00,2020,24,22:30:00,24.94,1604.0,12191.0,52.0,0.0,584.0,121.0,0.0,-7956.0,0.0,0.0,3535.0,3535.0,10820.0,10298.0,3575.0,609.0,2303.0,2089.0,179.0,179.0,5562651
BRETAGNE,2013-04-24 02:00:00,2013,114,02:00:00,114.08,1.0,0.0,0.0,0.0,87.0,10.0,0.0,2324.0,0.0,0.0,658.0,658.0,0.0,0.0,716.0,204.0,11.0,11.0,37.0,37.0,3258707
BRETAGNE,2015-02-24 19:00:00,2015,55,19:00:00,55.79,114.0,0.0,230.0,0.0,206.0,28.0,-1.0,3104.0,0.0,0.0,719.0,719.0,0.0,0.0,801.0,219.0,272.0,272.0,53.0,53.0,3293850
PAYS DE LA LOIRE,2023-01-02 06:30:00,2023,2,06:30:00,2.27,164.0,0.0,323.0,0.0,5.0,55.0,0.0,2120.0,0.0,0.0,2068.0,1850.0,0.0,0.0,1707.0,941.0,10.0,10.0,80.0,80.0,3907426
OCCITANIE,2022-10-16 00:00:00,2022,289,00:00:00,289.0,0.0,1234.0,282.0,1.0,143.0,105.0,-210.0,2536.0,0.0,0.0,326.0,326.0,2620.0,1310.0,1621.0,3053.0,5504.0,5419.0,175.0,175.0,6067101
BOURGOGNE FRANCHE COMTE,2022-07-19 08:00:00,2022,200,08:00:00,200.33,0.0,0.0,262.0,60.0,9.0,55.0,0.0,1761.0,0.0,0.0,401.0,401.0,0.0,0.0,1049.0,574.0,524.0,524.0,75.0,75.0,2797366
GRAND EST,2015-03-31 05:00:00,2015,90,05:00:00,90.21,174.0,5848.0,2062.0,0.0,1118.0,74.0,-690.0,-3521.0,0.0,0.0,3420.0,3160.0,10820.0,9572.0,2362.0,523.0,2284.0,2284.0,109.0,109.0,5559051
AUVERGNE RHONE ALPES,2017-02-21 08:00:00,2017,52,08:00:00,52.33,697.0,10220.0,125.0,3.0,2967.0,109.0,-10.0,-4871.0,0.0,0.0,984.0,984.0,13570.0,12521.0,482.0,938.0,11238.0,11049.0,177.0,177.0,7948287
OCCITANIE,2018-02-16 09:30:00,2018,47,09:30:00,47.4,86.0,2588.0,37.0,163.0,3423.0,75.0,-9.0,-378.0,0.0,0.0,291.0,291.0,2620.0,2620.0,1365.0,1823.0,5482.0,5282.0,145.0,145.0,5885496
GRAND EST,2013-07-16 14:30:00,2013,197,14:30:00,197.6,1536.0,8807.0,27.0,285.0,1548.0,42.0,0.0,-6742.0,0.0,0.0,3398.0,3398.0,10820.0,10070.0,1902.0,505.0,2280.0,2280.0,93.0,93.0,5552388
CENTRE VAL DE LOIRE,2020-05-02 02:30:00,2020,123,02:30:00,123.1,2.0,7555.0,354.0,0.0,37.0,65.0,0.0,-6336.0,0.0,0.0,229.0,229.0,11630.0,10729.0,1247.0,363.0,92.0,92.0,86.0,86.0,2574863
BRETAGNE,2019-12-02 10:00:00,2019,336,10:00:00,336.42,532.0,0.0,207.0,23.0,15.0,44.0,-2.0,3041.0,0.0,0.0,978.0,978.0,0.0,0.0,1021.0,272.0,272.0,272.0,76.0,76.0,3354854
BOURGOGNE FRANCHE COMTE,2013-02-28 18:00:00,2013,59,18:00:00,59.75,396.0,0.0,4.0,2.0,175.0,15.0,0.0,2631.0,0.0,0.0,301.0,301.0,0.0,0.0,204.0,227.0,480.0,480.0,24.0,24.0,2819783
OCCITANIE,2015-01-22 21:00:00,2015,22,21:00:00,22.88,61.0,2615.0,494.0,0.0,1951.0,79.0,0.0,1166.0,0.0,0.0,266.0,266.0,2620.0,2620.0,943.0,1360.0,5435.0,5208.0,133.0,133.0,5774185
HAUTS DE FRANCE,2016-04-17 07:30:00,2016,108,07:30:00,108.31,233.0,3421.0,253.0,2.0,3.0,108.0,0.0,926.0,0.0,0.0,2864.0,2864.0,5460.0,4683.0,2919.0,213.0,5.0,5.0,160.0,160.0,6006870
CENTRE VAL DE LOIRE,2021-01-20 22:00:00,2021,20,22:00:00,20.92,118.0,9775.0,1221.0,0.0,37.0,58.0,0.0,-8534.0,0.0,0.0,229.0,229.0,11630.0,10520.0,1278.0,421.0,92.0,92.0,88.0,88.0,2573303
PAYS DE LA LOIRE,2022-08-15 04:00:00,2022,227,04:00:00,227.17,0.0,0.0,251.0,0.0,0.0,58.0,0.0,1346.0,0.0,0.0,2068.0,1609.0,0.0,0.0,1675.0,877.0,10.0,10.0,80.0,80.0,3878839
AUVERGNE RHONE ALPES,2016-05-15 14:30:00,2016,136,14:30:00,136.6,33.0,6622.0,153.0,516.0,3002.0,98.0,-1218.0,-3301.0,0.0,0.0,959.0,558.0,13570.0,12649.0,384.0,916.0,11209.0,11012.0,170.0,170.0,7916889
AUVERGNE RHONE ALPES,2015-12-13 23:00:00,2015,347,23:00:00,347.96,545.0,10750.0,80.0,0.0,2465.0,120.0,-329.0,-4881.0,0.0,0.0,947.0,947.0,13570.0,12667.0,384.0,894.0,11196.0,10843.0,168.0,168.0,7877698
AUVERGNE RHONE ALPES,2020-01-13 16:00:00,2020,13,16:00:00,13.67,621.0,12515.0,167.0,174.0,4205.0,132.0,-3.0,-8518.0,0.0,0.0,1032.0,1032.0,13570.0,12655.0,635.0,1233.0,11741.0,11590.0,191.0,191.0,8078652
ILE DE FRANCE,2015-12-15 12:00:00,2015,349,12:00:00,349.5,535.0,0.0,7.0,5.0,5.0,121.0,0.0,10981.0,0.0,0.0,2149.0,1787.0,0.0,0.0,61.0,114.0,19.0,19.0,300.0,300.0,12082144
PAYS DE LA LOIRE,2017-12-26 17:30:00,2017,360,17:30:00,360.73,155.0,0.0,736.0,0.0,4.0,45.0,0.0,3003.0,0.0,0.0,1954.0,1374.0,0.0,0.0,786.0,532.0,8.0,8.0,69.0,69.0,3757600
NORMANDIE,2016-06-01 20:30:00,2016,153,20:30:00,153.85,225.0,5953.0,143.0,1.0,3.0,23.0,0.0,-3501.0,0.0,0.0,773.0,193.0,10640.0,9403.0,563.0,218.0,31.0,31.0,95.0,95.0,3335929
HAUTS DE FRANCE,2017-10-21 16:00:00,2017,294,16:00:00,294.67,1456.0,2690.0,2414.0,40.0,1.0,105.0,0.0,-1754.0,0.0,0.0,2910.0,2335.0,5460.0,4550.0,3609.0,216.0,5.0,5.0,165.0,165.0,6003815
PAYS DE LA LOIRE,2013-03-26 04:30:00,2013,85,04:30:00,85.19,1111.0,0.0,60.0,0.0,2.0,36.0,0.0,2107.0,0.0,0.0,1837.0,1837.0,0.0,0.0,466.0,388.0,5.0,5.0,57.0,57.0,3660852
PAYS DE LA LOIRE,2014-03-19 09:00:00,2014,78,09:00:00,78.38,1129.0,0.0,1.0,68.0,4.0,38.0,0.0,2863.0,0.0,0.0,1864.0,1864.0,0.0,0.0,518.0,406.0,6.0,6.0,58.0,58.0,3690833
ILE DE FRANCE,2016-01-23 07:00:00,2016,23,07:00:00,23.29,529.0,0.0,2.0,0.0,11.0,132.0,0.0,8542.0,0.0,0.0,2149.0,2149.0,0.0,0.0,61.0,114.0,19.0,19.0,300.0,300.0,12117132
AUVERGNE RHONE ALPES,2021-04-03 23:00:00,2021,93,23:00:00,93.96,12.0,7225.0,338.0,0.0,4470.0,102.0,-3.0,-5424.0,0.0,0.0,1047.0,1047.0,13570.0,12690.0,723.0,1439.0,11767.0,11619.0,208.0,208.0,8114361
NORMANDIE,2019-03-01 01:30:00,2019,60,01:30:00,60.06,435.0,7624.0,576.0,0.0,17.0,47.0,0.0,-5294.0,0.0,0.0,833.0,833.0,10640.0,9393.0,801.0,253.0,31.0,31.0,105.0,105.0,3325032
NOUVELLE AQUITAINE,2015-03-25 03:00:00,2015,84,03:00:00,84.12,126.0,4606.0,49.0,0.0,593.0,134.0,0.0,139.0,0.0,0.0,427.0,427.0,6630.0,5922.0,479.0,1441.0,1774.0,1774.0,234.0,234.0,5911482
PROVENCE ALPES COTE D AZUR,2017-11-15 11:30:00,2017,319,11:30:00,319.48,2574.0,0.0,19.0,629.0,1456.0,91.0,0.0,809.0,0.0,0.0,2643.0,2337.0,0.0,0.0,48.0,1180.0,3224.0,3224.0,357.0,357.0,5030890
BRETAGNE,2016-08-04 00:30:00,2016,217,00:30:00,217.02,0.0,0.0,126.0,0.0,172.0,42.0,-1.0,1834.0,0.0,0.0,771.0,771.0,0.0,0.0,873.0,228.0,275.0,275.0,56.0,56.0,3306529
PROVENCE ALPES COTE D AZUR,2022-01-12 22:00:00,2022,12,22:00:00,12.92,1369.0,0.0,26.0,0.0,637.0,92.0,0.0,4355.0,0.0,0.0,2724.0,2460.0,0.0,0.0,96.0,1752.0,3266.0,3222.0,357.0,357.0,5150362
GRAND EST,2019-05-23 17:00:00,2019,143,17:00:00,143.71,1100.0,6711.0,53.0,424.0,1243.0,103.0,-176.0,-4395.0,0.0,0.0,3531.0,3199.0,10820.0,9590.0,3396.0,580.0,2302.0,1961.0,170.0,170.0,5556219
NOUVELLE AQUITAINE,2013-07-17 15:00:00,2013,198,15:00:00,198.62,28.0,4770.0,13.0,436.0,286.0,128.0,0.0,-237.0,0.0,0.0,421.0,421.0,6630.0,6630.0,356.0,979.0,1760.0,1760.0,210.0,210.0,5844177
BOURGOGNE FRANCHE COMTE,2019-03-22 09:00:00,2019,81,09:00:00,81.38,107.0,0.0,8.0,110.0,221.0,44.0,0.0,2573.0,0.0,0.0,401.0,401.0,0.0,0.0,800.0,332.0,520.0,410.0,66.0,66.0,2805580
AUVERGNE RHONE ALPES,2020-08-11 19:30:00,2020,224,19:30:00,224.81,325.0,7666.0,79.0,78.0,3760.0,83.0,-17.0,-5579.0,0.0,0.0,1034.0,1034.0,13570.0,12688.0,647.0,1294.0,11746.0,11581.0,193.0,193.0,8078652
AUVERGNE RHONE ALPES,2020-11-23 21:00:00,2020,328,21:00:00,328.88,619.0,9814.0,120.0,0.0,3541.0,121.0,-6.0,-5309.0,0.0,0.0,1047.0,1047.0,13570.0,12687.0,700.0,1353.0,11753.0,11588.0,194.0,194.0,8078652
BOURGOGNE FRANCHE COMTE,2020-03-24 07:30:00,2020,84,07:30:00,84.31,148.0,0.0,554.0,18.0,76.0,46.0,0.0,1545.0,0.0,0.0,401.0,401.0,0.0,0.0,877.0,347.0,521.0,521.0,69.0,69.0,2801695
AUVERGNE RHONE ALPES,2020-03-16 15:00:00,2020,76,15:00:00,76.62,538.0,8800.0,194.0,345.0,4217.0,106.0,-326.0,-6360.0,0.0,0.0,1034.0,1034.0,13570.0,12644.0,647.0,1252.0,11746.0,11563.0,192.0,192.0,8078652
HAUTS DE FRANCE,2019-09-22 11:00:00,2019,265,11:00:00,265.46,161.0,3539.0,1139.0,72.0,0.0,120.0,0.0,-568.0,0.0,0.0,2969.0,2680.0,5460.0,4550.0,4575.0,238.0,5.0,5.0,178.0,178.0,6004947
HAUTS DE FRANCE,2014-08-01 15:00:00,2014,213,15:00:00,213.62,328.0,4290.0,38.0,66.0,1.0,97.0,0.0,278.0,0.0,0.0,2289.0,2289.0,5460.0,5460.0,2351.0,212.0,5.0,5.0,139.0,139.0,6006156
GRAND EST,2022-07-28 10:00:00,2022,209,10:00:00,209.42,885.0,2449.0,114.0,373.0,694.0,154.0,0.0,-385.0,0.0,0.0,3590.0,3154.0,10820.0,9795.0,4290.0,1077.0,2308.0,1954.0,235.0,235.0,5563889
BOURGOGNE FRANCHE COMTE,2016-09-13 22:30:00,2016,257,22:30:00,257.94,24.0,0.0,182.0,0.0,67.0,22.0,0.0,1965.0,0.0,0.0,329.0,329.0,0.0,0.0,446.0,264.0,513.0,513.0,31.0,31.0,2818338
NOUVELLE AQUITAINE,2022-11-26 18:30:00,2022,330,18:30:00,330.77,189.0,2800.0,244.0,0.0,585.0,152.0,0.0,1222.0,0.0,0.0,581.0,581.0,6630.0,5658.0,1602.0,3860.0,1786.0,1786.0,356.0,356.0,6098051
PAYS DE LA LOIRE,2018-04-21 05:30:00,2018,111,05:30:00,111.23,-6.0,0.0,234.0,0.0,4.0,49.0,0.0,1653.0,0.0,0.0,1968.0,1775.0,0.0,0.0,796.0,541.0,8.0,8.0,69.0,69.0,3781423
OCCITANIE,2014-08-16 23:00:00,2014,228,23:00:00,228.96,-3.0,1222.0,183.0,0.0,1759.0,73.0,0.0,594.0,0.0,0.0,251.0,251.0,2620.0,2620.0,943.0,1289.0,5411.0,5411.0,132.0,132.0,5730753
HAUTS DE FRANCE,2020-06-07 13:30:00,2020,159,13:30:00,159.56,150.0,2774.0,256.0,76.0,2.0,119.0,0.0,1108.0,0.0,0.0,2970.0,2634.0,5460.0,4550.0,5066.0,242.0,5.0,5.0,181.0,181.0,5997734
PAYS DE LA LOIRE,2020-03-26 21:00:00,2020,86,21:00:00,86.88,158.0,0.0,360.0,0.0,5.0,53.0,0.0,2506.0,0.0,0.0,2050.0,1953.0,0.0,0.0,989.0,634.0,10.0,10.0,76.0,76.0,3832120
NOUVELLE AQUITAINE,2019-02-15 03:00:00,2019,46,03:00:00,46.12,238.0,6592.0,188.0,-1.0,339.0,192.0,0.0,-1823.0,0.0,0.0,538.0,538.0,6630.0,6630.0,975.0,2445.0,1781.0,1676.0,319.0,319.0,6010289
HAUTS DE FRANCE,2014-08-25 18:00:00,2014,237,18:00:00,237.75,351.0,3534.0,837.0,4.0,1.0,67.0,0.0,771.0,0.0,0.0,2289.0,2289.0,5460.0,5460.0,2372.0,212.0,5.0,5.0,139.0,139.0,6006156
PROVENCE ALPES COTE D AZUR,2014-12-29 09:30:00,2014,363,09:30:00,363.4,1299.0,0.0,27.0,108.0,1673.0,66.0,0.0,3550.0,0.0,0.0,2600.0,2355.0,0.0,0.0,45.0,879.0,3168.0,3168.0,183.0,183.0,4983438
OCCITANIE,2019-01-29 01:00:00,2019,29,01:00:00,29.04,92.0,2611.0,693.0,0.0,700.0,96.0,-411.0,2171.0,0.0,0.0,307.0,307.0,2620.0,2620.0,1485.0,1988.0,5485.0,5308.0,146.0,146.0,5933185
GRAND EST,2013-07-16 20:00:00,2013,197,20:00:00,197.83,1144.0,9179.0,87.0,34.0,1079.0,43.0,0.0,-6694.0,0.0,0.0,3398.0,3398.0,10820.0,9520.0,1902.0,505.0,2280.0,2280.0,93.0,93.0,5552388
NORMANDIE,2016-05-15 10:00:00,2016,136,10:00:00,136.42,230.0,3103.0,47.0,53.0,22.0,42.0,0.0,-935.0,0.0,0.0,773.0,773.0,10640.0,9430.0,563.0,218.0,31.0,31.0,95.0,95.0,3335929
BRETAGNE,2017-01-16 01:00:00,2017,16,01:00:00,16.04,201.0,0.0,312.0,0.0,147.0,40.0,-1.0,2349.0,0.0,0.0,848.0,848.0,0.0,0.0,877.0,232.0,275.0,275.0,58.0,58.0,3318904
PAYS DE LA LOIRE,2021-12-10 02:30:00,2021,344,02:30:00,344.1,979.0,0.0,927.0,0.0,4.0,62.0,0.0,1647.0,0.0,0.0,2065.0,2065.0,0.0,0.0,1133.0,790.0,10.0,10.0,79.0,79.0,3853999
PAYS DE LA LOIRE,2023-01-08 06:00:00,2023,8,06:00:00,8.25,150.0,0.0,1017.0,0.0,7.0,58.0,0.0,1371.0,0.0,0.0,2068.0,1730.0,0.0,0.0,1707.0,941.0,10.0,10.0,80.0,80.0,3907426
HAUTS DE FRANCE,2013-12-05 05:30:00,2013,339,05:30:00,339.23,1350.0,5475.0,87.0,0.0,1.0,77.0,0.0,-218.0,0.0,0.0,2278.0,2278.0,5460.0,5460.0,2239.0,210.0,5.0,5.0,139.0,139.0,5987883
PROVENCE ALPES COTE D AZUR,2013-06-28 11:30:00,2013,179,11:30:00,179.48,166.0,0.0,18.0,325.0,1340.0,26.0,0.0,2737.0,0.0,0.0,2590.0,2316.0,0.0,0.0,45.0,708.0,3158.0,3158.0,151.0,151.0,4953675
NOUVELLE AQUITAINE,2018-06-16 18:30:00,2018,167,18:30:00,167.77,21.0,4028.0,243.0,782.0,546.0,197.0,0.0,-2154.0,0.0,0.0,482.0,482.0,6630.0,5767.0,924.0,2332.0,1781.0,1670.0,315.0,315.0,5979778
NORMANDIE,2018-06-30 20:30:00,2018,181,20:30:00,181.85,511.0,5447.0,106.0,11.0,11.0,46.0,0.0,-3747.0,0.0,0.0,813.0,813.0,10640.0,9310.0,712.0,241.0,31.0,31.0,103.0,103.0,3327477
CENTRE VAL DE LOIRE,2016-12-31 03:30:00,2016,366,03:30:00,366.15,70.0,11753.0,14.0,0.0,1.0,52.0,0.0,-8842.0,0.0,0.0,198.0,198.0,11630.0,10740.0,917.0,262.0,91.0,91.0,71.0,71.0,2577866
OCCITANIE,2013-04-02 20:30:00,2013,92,20:30:00,92.85,-4.0,2463.0,569.0,0.0,2582.0,57.0,-16.0,-483.0,0.0,0.0,245.0,245.0,2620.0,2620.0,861.0,1051.0,5377.0,5377.0,126.0,126.0,5683878
PAYS DE LA LOIRE,2013-01-30 19:30:00,2013,30,19:30:00,30.81,1180.0,0.0,120.0,0.0,2.0,36.0,0.0,2880.0,0.0,0.0,1837.0,1152.0,0.0,0.0,454.0,386.0,5.0,5.0,57.0,57.0,3660852
AUVERGNE RHONE ALPES,2018-07-05 01:30:00,2018,186,01:30:00,186.06,11.0,9073.0,66.0,0.0,3044.0,92.0,-19.0,-6351.0,0.0,0.0,1000.0,1000.0,13570.0,12570.0,578.0,1064.0,11260.0,11100.0,179.0,179.0,7994459
NORMANDIE,2018-12-26 19:30:00,2018,360,19:30:00,360.81,547.0,6381.0,164.0,0.0,18.0,41.0,0.0,-2758.0,0.0,0.0,821.0,821.0,10640.0,9680.0,791.0,252.0,31.0,31.0,105.0,105.0,3327477
NOUVELLE AQUITAINE,2019-08-23 01:30:00,2019,235,01:30:00,235.06,19.0,4869.0,485.0,0.0,36.0,202.0,0.0,-1635.0,0.0,0.0,538.0,538.0,6630.0,5516.0,1017.0,2545.0,1782.0,1673.0,319.0,319.0,6010289
NORMANDIE,2020-05-22 11:30:00,2020,143,11:30:00,143.48,192.0,3518.0,213.0,52.0,16.0,61.0,0.0,-1671.0,0.0,0.0,838.0,258.0,10640.0,9355.0,819.0,263.0,31.0,31.0,111.0,111.0,3325522
CENTRE VAL DE LOIRE,2018-04-30 22:30:00,2018,120,22:30:00,120.94,0.0,9701.0,143.0,0.0,47.0,66.0,0.0,-7868.0,0.0,0.0,216.0,216.0,11630.0,10732.0,1014.0,286.0,91.0,91.0,76.0,76.0,2572853
NORMANDIE,2020-10-11 13:00:00,2020,285,13:00:00,285.54,257.0,3343.0,117.0,82.0,14.0,61.0,0.0,-937.0,0.0,0.0,838.0,838.0,10640.0,9410.0,831.0,269.0,31.0,31.0,115.0,115.0,3325522
CENTRE VAL DE LOIRE,2016-05-27 05:00:00,2016,148,05:00:00,148.21,0.0,7026.0,57.0,0.0,16.0,52.0,0.0,-5846.0,0.0,0.0,170.0,170.0,11630.0,10687.0,874.0,249.0,91.0,91.0,71.0,71.0,2577866
NORMANDIE,2019-05-13 18:30:00,2019,133,18:30:00,133.77,306.0,7673.0,386.0,63.0,18.0,45.0,0.0,-5631.0,0.0,0.0,833.0,253.0,10640.0,9310.0,801.0,255.0,31.0,31.0,106.0,106.0,3325032
NOUVELLE AQUITAINE,2021-08-07 04:00:00,2021,219,04:00:00,219.17,29.0,3227.0,249.0,0.0,93.0,190.0,0.0,-669.0,0.0,0.0,578.0,578.0,6630.0,5135.0,1311.0,3231.0,1784.0,1784.0,354.0,354.0,6069352
HAUTS DE FRANCE,2019-02-02 22:30:00,2019,33,22:30:00,33.94,1509.0,5406.0,2519.0,0.0,2.0,119.0,0.0,-2484.0,0.0,0.0,2969.0,2969.0,5460.0,5341.0,4371.0,235.0,5.0,5.0,177.0,177.0,6004947
BRETAGNE,2019-12-10 13:00:00,2019,344,13:00:00,344.54,234.0,0.0,851.0,20.0,182.0,49.0,-1.0,2556.0,0.0,0.0,978.0,893.0,0.0,0.0,1021.0,272.0,272.0,272.0,77.0,77.0,3354854
GRAND EST,2016-05-11 21:00:00,2016,132,21:00:00,132.88,759.0,10621.0,32.0,0.0,1035.0,94.0,-179.0,-7412.0,0.0,0.0,3424.0,2920.0,10820.0,10290.0,2601.0,527.0,2286.0,2084.0,121.0,121.0,5555186
PROVENCE ALPES COTE D AZUR,2021-11-13 10:00:00,2021,317,10:00:00,317.42,1290.0,0.0,0.0,409.0,335.0,95.0,0.0,2411.0,0.0,0.0,2724.0,2460.0,0.0,0.0,96.0,1704.0,3266.0,3222.0,357.0,357.0,5127840
ILE DE FRANCE,2018-07-25 04:00:00,2018,206,04:00:00,206.17,-1.0,0.0,3.0,0.0,7.0,147.0,0.0,4951.0,0.0,0.0,2157.0,2116.0,0.0,0.0,88.0,122.0,20.0,20.0,306.0,306.0,12213447
NORMANDIE,2014-07-12 14:00:00,2014,193,14:00:00,193.58,227.0,7549.0,38.0,45.0,17.0,31.0,0.0,-5428.0,0.0,0.0,761.0,181.0,10640.0,9310.0,489.0,213.0,24.0,24.0,90.0,90.0,3335645
AUVERGNE RHONE ALPES,2019-03-25 09:30:00,2019,84,09:30:00,84.4,182.0,9575.0,248.0,317.0,3432.0,134.0,-3.0,-5378.0,0.0,0.0,1027.0,1027.0,13570.0,12737.0,607.0,1132.0,11241.0,11038.0,189.0,189.0,8042936
GRAND EST,2020-09-19 11:00:00,2020,263,11:00:00,263.46,775.0,4648.0,462.0,216.0,574.0,119.0,0.0,-2616.0,0.0,0.0,3585.0,3172.0,10820.0,9617.0,3783.0,647.0,2305.0,1901.0,186.0,186.0,5562651
AUVERGNE RHONE ALPES,2016-06-06 03:00:00,2016,158,03:00:00,158.12,54.0,7231.0,32.0,0.0,4012.0,99.0,-1060.0,-5157.0,0.0,0.0,959.0,959.0,13570.0,12621.0,398.0,917.0,11211.0,11009.0,170.0,170.0,7916889
NORMANDIE,2022-12-05 18:00:00,2022,339,18:00:00,339.75,477.0,6110.0,24.0,0.0,19.0,86.0,0.0,-2363.0,0.0,0.0,852.0,852.0,10640.0,9443.0,965.0,321.0,31.0,31.0,149.0,149.0,3327604
HAUTS DE FRANCE,2019-02-20 01:00:00,2019,51,01:00:00,51.04,2076.0,4604.0,384.0,0.0,2.0,122.0,0.0,-890.0,0.0,0.0,2969.0,2969.0,5460.0,4550.0,4378.0,235.0,5.0,5.0,177.0,177.0,6004947
PROVENCE ALPES COTE D AZUR,2014-08-23 21:30:00,2014,235,21:30:00,235.9,104.0,0.0,6.0,0.0,1275.0,73.0,0.0,2627.0,0.0,0.0,2592.0,2268.0,0.0,0.0,45.0,872.0,3165.0,3165.0,170.0,170.0,4983438
CENTRE VAL DE LOIRE,2016-07-18 17:30:00,2016,200,17:30:00,200.73,0.0,5451.0,36.0,110.0,1.0,47.0,0.0,-3700.0,0.0,0.0,170.0,170.0,11630.0,10666.0,886.0,258.0,91.0,91.0,71.0,71.0,2577866
BRETAGNE,2022-09-10 12:00:00,2022,253,12:00:00,253.5,504.0,0.0,18.0,189.0,188.0,56.0,-1.0,1060.0,0.0,0.0,1432.0,1298.0,0.0,0.0,1209.0,395.0,272.0,272.0,83.0,83.0,3414637
HAUTS DE FRANCE,2019-10-23 02:30:00,2019,296,02:30:00,296.1,1489.0,2616.0,542.0,0.0,2.0,120.0,0.0,341.0,0.0,0.0,2969.0,2802.0,5460.0,4550.0,4636.0,239.0,5.0,5.0,180.0,180.0,6004947
GRAND EST,2020-01-21 09:30:00,2020,21,09:30:00,21.4,1955.0,12127.0,516.0,64.0,1134.0,107.0,0.0,-8357.0,0.0,0.0,3535.0,3535.0,10820.0,10298.0,3575.0,609.0,2303.0,2089.0,179.0,179.0,5562651
GRAND EST,2021-10-30 07:30:00,2021,303,07:30:00,303.31,31.0,6714.0,2473.0,1.0,448.0,154.0,-338.0,-4609.0,0.0,0.0,3589.0,3589.0,10820.0,10076.0,4046.0,950.0,2305.0,2103.0,209.0,209.0,5561287
BRETAGNE,2022-05-18 16:00:00,2022,138,16:00:00,138.67,548.0,0.0,220.0,154.0,237.0,53.0,-1.0,1050.0,0.0,0.0,1432.0,1337.0,0.0,0.0,1179.0,367.0,272.0,272.0,82.0,82.0,3414637
BRETAGNE,2018-07-16 16:30:00,2018,197,16:30:00,197.69,1.0,0.0,85.0,97.0,185.0,45.0,-1.0,1883.0,0.0,0.0,904.0,770.0,0.0,0.0,969.0,253.0,270.0,270.0,69.0,69.0,3335414
BRETAGNE,2018-01-26 02:00:00,2018,26,02:00:00,26.08,232.0,0.0,256.0,0.0,24.0,46.0,-43.0,2630.0,0.0,0.0,904.0,904.0,0.0,0.0,951.0,250.0,270.0,270.0,67.0,67.0,3335414
AUVERGNE RHONE ALPES,2014-07-25 17:00:00,2014,206,17:00:00,206.71,35.0,9694.0,40.0,134.0,4881.0,69.0,-18.0,-7855.0,0.0,0.0,938.0,938.0,13570.0,13570.0,347.0,819.0,11153.0,10992.0,140.0,140.0,7820966
OCCITANIE,2022-06-27 15:00:00,2022,178,15:00:00,178.62,0.0,1251.0,422.0,995.0,704.0,78.0,-14.0,559.0,0.0,0.0,326.0,326.0,2620.0,1310.0,1593.0,2959.0,5503.0,5282.0,174.0,174.0,6067101
OCCITANIE,2018-09-07 01:00:00,2018,250,01:00:00,250.04,0.0,2448.0,524.0,0.0,578.0,74.0,-637.0,180.0,0.0,0.0,295.0,295.0,2620.0,2490.0,1425.0,1957.0,5485.0,5254.0,146.0,146.0,5885496
AUVERGNE RHONE ALPES,2015-11-07 04:30:00,2015,311,04:30:00,311.19,158.0,10066.0,38.0,0.0,979.0,134.0,-1263.0,-4057.0,0.0,0.0,944.0,944.0,13570.0,12784.0,372.0,891.0,11190.0,10959.0,159.0,159.0,7877698
NORMANDIE,2016-02-28 01:30:00,2016,59,01:30:00,59.06,361.0,7682.0,237.0,0.0,12.0,55.0,0.0,-4326.0,0.0,0.0,773.0,773.0,10640.0,9310.0,538.0,217.0,31.0,31.0,95.0,95.0,3335929
NOUVELLE AQUITAINE,2021-08-12 22:30:00,2021,224,22:30:00,224.94,32.0,3159.0,86.0,0.0,453.0,173.0,0.0,530.0,0.0,0.0,578.0,578.0,6630.0,5135.0,1311.0,3239.0,1784.0,1784.0,354.0,354.0,6069352
NORMANDIE,2015-11-11 14:00:00,2015,315,14:00:00,315.58,918.0,7412.0,74.0,16.0,4.0,52.0,0.0,-5586.0,0.0,0.0,773.0,773.0,10640.0,9310.0,538.0,216.0,24.0,24.0,95.0,95.0,3339131
BOURGOGNE FRANCHE COMTE,2017-10-08 11:00:00,2017,281,11:00:00,281.46,56.0,0.0,100.0,19.0,26.0,16.0,0.0,1951.0,0.0,0.0,331.0,331.0,0.0,0.0,647.0,271.0,519.0,519.0,35.0,35.0,2811423
OCCITANIE,2015-05-16 09:00:00,2015,136,09:00:00,136.38,-4.0,2494.0,696.0,165.0,1417.0,70.0,-280.0,-1490.0,0.0,0.0,266.0,0.0,2620.0,2620.0,943.0,1395.0,5448.0,5221.0,133.0,133.0,5774185
OCCITANIE,2019-10-21 17:00:00,2019,294,17:00:00,294.71,0.0,1244.0,35.0,282.0,750.0,80.0,-17.0,1274.0,0.0,0.0,307.0,307.0,2620.0,1310.0,1570.0,2142.0,5489.0,5181.0,146.0,146.0,5933185
GRAND EST,2018-10-07 18:00:00,2018,280,18:00:00,280.75,1545.0,9608.0,578.0,99.0,455.0,81.0,-9.0,-8324.0,0.0,0.0,3517.0,3517.0,10820.0,9651.0,3155.0,559.0,2301.0,1997.0,160.0,160.0,5550389
OCCITANIE,2019-05-19 16:30:00,2019,139,16:30:00,139.69,0.0,2479.0,749.0,576.0,885.0,81.0,-660.0,-797.0,0.0,0.0,307.0,307.0,2620.0,2620.0,1559.0,2032.0,5489.0,5312.0,146.0,146.0,5933185
NOUVELLE AQUITAINE,2014-10-02 20:00:00,2014,275,20:00:00,275.83,17.0,4179.0,33.0,0.0,471.0,138.0,0.0,-341.0,0.0,0.0,421.0,421.0,6630.0,5720.0,459.0,1274.0,1772.0,1772.0,223.0,223.0,5879144
NORMANDIE,2017-08-02 03:00:00,2017,214,03:00:00,214.12,229.0,5895.0,21.0,0.0,7.0,51.0,0.0,-4033.0,0.0,0.0,785.0,205.0,10640.0,9518.0,637.0,222.0,31.0,31.0,99.0,99.0,3330478
ILE DE FRANCE,2022-05-12 07:00:00,2022,132,07:00:00,132.29,0.0,0.0,2.0,3.0,3.0,150.0,0.0,5720.0,0.0,0.0,2171.0,2018.0,0.0,0.0,148.0,218.0,20.0,20.0,314.0,314.0,12354286
OCCITANIE,2014-12-12 14:00:00,2014,346,14:00:00,346.58,62.0,1245.0,16.0,327.0,1456.0,92.0,0.0,2511.0,0.0,0.0,255.0,0.0,2620.0,2620.0,943.0,1320.0,5431.0,5431.0,132.0,132.0,5730753
PROVENCE ALPES COTE D AZUR,2013-02-03 23:30:00,2013,34,23:30:00,34.98,321.0,0.0,27.0,0.0,1430.0,65.0,0.0,4735.0,0.0,0.0,2590.0,2528.0,0.0,0.0,45.0,669.0,3158.0,3158.0,149.0,149.0,4953675
NORMANDIE,2017-08-22 21:00:00,2017,234,21:00:00,234.88,830.0,5813.0,59.0,0.0,11.0,54.0,0.0,-4216.0,0.0,0.0,785.0,205.0,10640.0,9567.0,650.0,223.0,31.0,31.0,99.0,99.0,3330478
BRETAGNE,2013-02-04 22:30:00,2013,35,22:30:00,35.94,62.0,0.0,225.0,0.0,22.0,18.0,0.0,2714.0,0.0,0.0,658.0,658.0,0.0,0.0,716.0,201.0,11.0,11.0,36.0,36.0,3258707
NOUVELLE AQUITAINE,2022-08-16 22:00:00,2022,228,22:00:00,228.92,37.0,1069.0,166.0,0.0,133.0,163.0,0.0,2432.0,0.0,0.0,579.0,579.0,6630.0,5659.0,1555.0,3746.0,1786.0,1677.0,356.0,356.0,6098051
CENTRE VAL DE LOIRE,2017-03-07 10:30:00,2017,66,10:30:00,66.44,97.0,10810.0,254.0,51.0,61.0,46.0,0.0,-8268.0,0.0,0.0,198.0,198.0,11630.0,11228.0,937.0,265.0,91.0,91.0,76.0,76.0,2576252
PAYS DE LA LOIRE,2013-08-24 10:30:00,2013,236,10:30:00,236.44,526.0,0.0,127.0,67.0,0.0,28.0,0.0,1570.0,0.0,0.0,1837.0,1837.0,0.0,0.0,490.0,395.0,5.0,5.0,58.0,58.0,3660852
CENTRE VAL DE LOIRE,2023-01-12 16:30:00,2023,12,16:30:00,12.69,67.0,11079.0,1166.0,13.0,3.0,53.0,0.0,-10071.0,0.0,0.0,229.0,229.0,11630.0,10948.0,1599.0,807.0,93.0,93.0,91.0,91.0,2572278
PAYS DE LA LOIRE,2022-06-19 20:30:00,2022,170,20:30:00,170.85,3.0,0.0,168.0,66.0,0.0,53.0,0.0,1958.0,0.0,0.0,2068.0,1609.0,0.0,0.0,1644.0,854.0,10.0,10.0,80.0,80.0,3878839
ILE DE FRANCE,2018-08-17 18:30:00,2018,229,18:30:00,229.77,-1.0,0.0,6.0,22.0,4.0,139.0,0.0,6115.0,0.0,0.0,2157.0,2128.0,0.0,0.0,88.0,123.0,20.0,20.0,306.0,306.0,12213447
BRETAGNE,2014-10-19 04:00:00,2014,292,04:00:00,292.17,4.0,0.0,157.0,0.0,1.0,32.0,-1.0,1246.0,0.0,0.0,692.0,692.0,0.0,0.0,781.0,217.0,272.0,272.0,52.0,52.0,3276543
PROVENCE ALPES COTE D AZUR,2023-01-31 09:00:00,2023,31,09:00:00,31.38,573.0,0.0,48.0,201.0,2032.0,137.0,0.0,3441.0,0.0,0.0,2724.0,2389.0,0.0,0.0,96.0,1993.0,3271.0,3229.0,357.0,357.0,5160091
BRETAGNE,2016-03-19 23:00:00,2016,79,23:00:00,79.96,155.0,0.0,429.0,0.0,163.0,36.0,-1.0,2450.0,0.0,0.0,771.0,771.0,0.0,0.0,829.0,225.0,275.0,275.0,56.0,56.0,3306529
BRETAGNE,2019-01-06 02:00:00,2019,6,02:00:00,6.08,260.0,0.0,22.0,0.0,187.0,39.0,-1.0,2889.0,0.0,0.0,956.0,822.0,0.0,0.0,988.0,261.0,270.0,270.0,70.0,70.0,3354854
BOURGOGNE FRANCHE COMTE,2019-03-20 05:00:00,2019,79,05:00:00,79.21,116.0,0.0,182.0,0.0,192.0,47.0,-4.0,2099.0,0.0,0.0,401.0,401.0,0.0,0.0,800.0,332.0,520.0,410.0,66.0,66.0,2805580
PAYS DE LA LOIRE,2017-10-09 02:30:00,2017,282,02:30:00,282.1,1079.0,0.0,2.0,0.0,0.0,50.0,0.0,1087.0,0.0,0.0,1921.0,1236.0,0.0,0.0,735.0,506.0,8.0,8.0,66.0,66.0,3757600
BRETAGNE,2022-12-22 12:00:00,2022,356,12:00:00,356.5,642.0,0.0,658.0,4.0,241.0,48.0,-1.0,1573.0,0.0,0.0,1432.0,1432.0,0.0,0.0,1314.0,413.0,272.0,272.0,83.0,83.0,3414637
BOURGOGNE FRANCHE COMTE,2014-10-10 19:00:00,2014,283,19:00:00,283.79,18.0,0.0,14.0,0.0,48.0,16.0,0.0,2434.0,0.0,0.0,313.0,68.0,0.0,0.0,272.0,252.0,509.0,509.0,28.0,28.0,2820623
GRAND EST,2018-01-25 17:00:00,2018,25,17:00:00,25.71,651.0,11497.0,187.0,4.0,1038.0,102.0,0.0,-7259.0,0.0,0.0,3471.0,3471.0,10820.0,9940.0,3053.0,552.0,2300.0,2002.0,145.0,145.0,5550389
ILE DE FRANCE,2019-09-01 08:00:00,2019,244,08:00:00,244.33,-1.0,0.0,5.0,1.0,4.0,142.0,0.0,4510.0,0.0,0.0,2170.0,2076.0,0.0,0.0,108.0,127.0,20.0,20.0,314.0,314.0,12262544
NOUVELLE AQUITAINE,2015-01-05 06:00:00,2015,5,06:00:00,5.25,133.0,5554.0,34.0,0.0,215.0,122.0,0.0,-557.0,0.0,0.0,427.0,427.0,6630.0,5720.0,469.0,1349.0,1774.0,1660.0,232.0,232.0,5911482
BRETAGNE,2018-06-21 22:00:00,2018,172,22:00:00,172.92,1.0,0.0,298.0,2.0,99.0,47.0,-1.0,1529.0,0.0,0.0,904.0,770.0,0.0,0.0,957.0,253.0,270.0,270.0,68.0,68.0,3335414
BOURGOGNE FRANCHE COMTE,2015-04-11 16:00:00,2015,101,16:00:00,101.67,26.0,0.0,79.0,44.0,90.0,13.0,0.0,1786.0,0.0,0.0,325.0,80.0,0.0,0.0,344.0,254.0,510.0,510.0,29.0,29.0,2820940
OCCITANIE,2014-11-30 20:30:00,2014,334,20:30:00,334.85,59.0,1123.0,115.0,0.0,1710.0,99.0,-16.0,1023.0,0.0,0.0,254.0,0.0,2620.0,2620.0,943.0,1317.0,5416.0,5416.0,132.0,132.0,5730753
PROVENCE ALPES COTE D AZUR,2021-02-25 11:00:00,2021,56,11:00:00,56.46,192.0,0.0,4.0,647.0,1147.0,99.0,0.0,3088.0,0.0,0.0,2715.0,2386.0,0.0,0.0,96.0,1562.0,3266.0,3235.0,357.0,357.0,5127840
GRAND EST,2019-04-20 20:00:00,2019,110,20:00:00,110.83,58.0,8213.0,958.0,20.0,873.0,112.0,0.0,-6220.0,0.0,0.0,3531.0,3104.0,10820.0,9620.0,3355.0,565.0,2302.0,2046.0,169.0,169.0,5556219
HAUTS DE FRANCE,2017-01-22 02:30:00,2017,22,02:30:00,22.1,1885.0,4226.0,198.0,0.0,1.0,105.0,0.0,1172.0,0.0,0.0,2900.0,2900.0,5460.0,4987.0,3305.0,214.0,5.0,5.0,164.0,164.0,6003815
PAYS DE LA LOIRE,2022-02-25 10:00:00,2022,56,10:00:00,56.42,1239.0,0.0,90.0,248.0,6.0,56.0,0.0,3075.0,0.0,0.0,2068.0,1973.0,0.0,0.0,1137.0,819.0,10.0,10.0,80.0,80.0,3878839
CENTRE VAL DE LOIRE,2019-07-18 20:30:00,2019,199,20:30:00,199.85,0.0,7350.0,380.0,12.0,0.0,58.0,0.0,-5885.0,0.0,0.0,229.0,229.0,11630.0,10627.0,1168.0,321.0,91.0,91.0,85.0,85.0,2573180
GRAND EST,2018-11-06 12:00:00,2018,310,12:00:00,310.5,1856.0,10954.0,429.0,234.0,473.0,96.0,0.0,-7832.0,0.0,0.0,3527.0,2932.0,10820.0,9704.0,3181.0,560.0,2301.0,2006.0,161.0,161.0,5550389
BOURGOGNE FRANCHE COMTE,2022-02-18 21:00:00,2022,49,21:00:00,49.88,163.0,0.0,663.0,0.0,249.0,55.0,0.0,1613.0,0.0,0.0,401.0,401.0,0.0,0.0,1034.0,500.0,524.0,524.0,74.0,74.0,2797366
BRETAGNE,2019-04-28 22:00:00,2019,118,22:00:00,118.92,1.0,0.0,49.0,0.0,49.0,52.0,-1.0,2280.0,0.0,0.0,956.0,871.0,0.0,0.0,1004.0,264.0,270.0,270.0,72.0,72.0,3354854
HAUTS DE FRANCE,2018-05-16 04:00:00,2018,136,04:00:00,136.17,602.0,3562.0,646.0,0.0,2.0,117.0,0.0,-494.0,0.0,0.0,2922.0,2712.0,5460.0,4588.0,3844.0,220.0,5.0,5.0,170.0,170.0,6004108
CENTRE VAL DE LOIRE,2018-11-22 07:00:00,2018,326,07:00:00,326.29,83.0,6106.0,56.0,0.0,12.0,62.0,0.0,-3069.0,0.0,0.0,228.0,228.0,11630.0,10662.0,1066.0,304.0,91.0,91.0,84.0,84.0,2572853
BOURGOGNE FRANCHE COMTE,2018-10-11 18:30:00,2018,284,18:30:00,284.77,55.0,0.0,144.0,14.0,107.0,20.0,0.0,2029.0,0.0,0.0,386.0,386.0,0.0,0.0,708.0,310.0,520.0,443.0,57.0,57.0,2807807
NOUVELLE AQUITAINE,2015-01-24 09:00:00,2015,24,09:00:00,24.38,150.0,5686.0,131.0,12.0,524.0,170.0,0.0,998.0,0.0,0.0,427.0,427.0,6630.0,5720.0,469.0,1361.0,1774.0,1774.0,234.0,234.0,5911482
BOURGOGNE FRANCHE COMTE,2013-08-06 08:00:00,2013,218,08:00:00,218.33,24.0,0.0,1.0,8.0,32.0,10.0,0.0,1732.0,0.0,0.0,301.0,301.0,0.0,0.0,204.0,240.0,480.0,480.0,25.0,25.0,2819783
OCCITANIE,2023-01-07 07:00:00,2023,7,07:00:00,7.29,84.0,1285.0,599.0,0.0,376.0,69.0,-884.0,2772.0,0.0,0.0,326.0,326.0,2620.0,1310.0,1667.0,3139.0,5505.0,5505.0,175.0,175.0,6101005
ILE DE FRANCE,2019-01-09 21:30:00,2019,9,21:30:00,9.9,454.0,0.0,20.0,0.0,9.0,161.0,0.0,10867.0,0.0,0.0,2169.0,2107.0,0.0,0.0,88.0,124.0,20.0,20.0,306.0,306.0,12262544
OCCITANIE,2020-02-02 02:30:00,2020,33,02:30:00,33.1,72.0,1526.0,268.0,0.0,955.0,99.0,-710.0,2016.0,0.0,0.0,308.0,308.0,2620.0,2620.0,1570.0,2167.0,5491.0,5314.0,171.0,171.0,5973969
PAYS DE LA LOIRE,2016-02-16 13:30:00,2016,47,13:30:00,47.56,1066.0,0.0,21.0,228.0,4.0,29.0,0.0,2965.0,0.0,0.0,1880.0,1488.0,0.0,0.0,612.0,458.0,8.0,8.0,61.0,61.0,3737632
BOURGOGNE FRANCHE COMTE,2015-01-15 07:30:00,2015,15,07:30:00,15.31,104.0,0.0,271.0,0.0,250.0,23.0,0.0,2752.0,0.0,0.0,325.0,80.0,0.0,0.0,344.0,253.0,510.0,510.0,28.0,28.0,2820940
BRETAGNE,2017-01-10 16:30:00,2017,10,16:30:00,10.69,200.0,0.0,153.0,5.0,27.0,38.0,-1.0,3055.0,0.0,0.0,848.0,848.0,0.0,0.0,877.0,232.0,275.0,275.0,58.0,58.0,3318904
BOURGOGNE FRANCHE COMTE,2019-03-17 01:30:00,2019,76,01:30:00,76.06,114.0,0.0,622.0,0.0,264.0,50.0,-9.0,1207.0,0.0,0.0,401.0,401.0,0.0,0.0,800.0,332.0,520.0,396.0,66.0,66.0,2805580
CENTRE VAL DE LOIRE,2018-01-13 09:30:00,2018,13,09:30:00,13.4,125.0,10351.0,149.0,4.0,54.0,60.0,0.0,-7909.0,0.0,0.0,216.0,216.0,11630.0,10320.0,996.0,279.0,91.0,91.0,76.0,76.0,2572853
AUVERGNE RHONE ALPES,2013-05-17 20:00:00,2013,137,20:00:00,137.83,25.0,10527.0,42.0,21.0,5601.0,62.0,-6.0,-9113.0,0.0,0.0,919.0,919.0,13570.0,13570.0,335.0,715.0,11116.0,11116.0,106.0,106.0,7757595
AUVERGNE RHONE ALPES,2016-08-27 21:00:00,2016,240,21:00:00,240.88,360.0,5590.0,106.0,0.0,2782.0,107.0,-28.0,-2590.0,0.0,0.0,959.0,959.0,13570.0,12645.0,399.0,924.0,11223.0,11041.0,174.0,174.0,7916889
ILE DE FRANCE,2021-11-25 03:00:00,2021,329,03:00:00,329.12,532.0,0.0,21.0,0.0,7.0,153.0,0.0,7901.0,0.0,0.0,2171.0,2171.0,0.0,0.0,148.0,194.0,20.0,20.0,314.0,314.0,12317279
NOUVELLE AQUITAINE,2013-02-25 12:30:00,2013,56,12:30:00,56.52,243.0,6560.0,66.0,65.0,1121.0,131.0,0.0,-8.0,0.0,0.0,418.0,418.0,6630.0,6630.0,356.0,947.0,1759.0,1759.0,208.0,208.0,5844177
NOUVELLE AQUITAINE,2015-11-04 14:30:00,2015,308,14:30:00,308.6,126.0,5296.0,47.0,671.0,159.0,156.0,0.0,-1250.0,0.0,0.0,427.0,427.0,6630.0,5945.0,534.0,1771.0,1777.0,1672.0,258.0,258.0,5911482
AUVERGNE RHONE ALPES,2014-03-27 07:00:00,2014,86,07:00:00,86.29,308.0,9416.0,51.0,5.0,4620.0,95.0,-4.0,-5491.0,0.0,0.0,938.0,938.0,13570.0,12655.0,347.0,799.0,11136.0,10877.0,140.0,140.0,7820966
OCCITANIE,2018-12-05 06:00:00,2018,339,06:00:00,339.25,91.0,2594.0,22.0,0.0,842.0,94.0,-1.0,671.0,0.0,0.0,307.0,307.0,2620.0,2620.0,1467.0,1980.0,5485.0,5335.0,146.0,146.0,5885496
BOURGOGNE FRANCHE COMTE,2016-08-12 17:30:00,2016,225,17:30:00,225.73,24.0,0.0,2.0,86.0,18.0,24.0,0.0,1695.0,0.0,0.0,329.0,329.0,0.0,0.0,446.0,264.0,513.0,513.0,30.0,30.0,2818338
NOUVELLE AQUITAINE,2016-04-29 16:00:00,2016,120,16:00:00,120.67,81.0,4258.0,90.0,1207.0,567.0,178.0,0.0,-1483.0,0.0,0.0,429.0,429.0,6630.0,5525.0,559.0,1847.0,1778.0,1778.0,280.0,280.0,5935603
BOURGOGNE FRANCHE COMTE,2018-08-27 08:30:00,2018,239,08:30:00,239.35,27.0,0.0,202.0,24.0,17.0,27.0,-1.0,1867.0,0.0,0.0,386.0,386.0,0.0,0.0,708.0,309.0,520.0,443.0,37.0,37.0,2807807
BRETAGNE,2022-11-14 20:00:00,2022,318,20:00:00,318.83,155.0,0.0,391.0,0.0,5.0,49.0,-1.0,1972.0,0.0,0.0,1432.0,986.0,0.0,0.0,1226.0,408.0,272.0,272.0,83.0,83.0,3414637
GRAND EST,2017-06-10 02:00:00,2017,161,02:00:00,161.08,29.0,9959.0,12.0,0.0,1017.0,86.0,-363.0,-6538.0,0.0,0.0,3453.0,2858.0,10820.0,9660.0,2914.0,542.0,2298.0,1994.0,140.0,140.0,5549586
HAUTS DE FRANCE,2016-12-25 04:30:00,2016,360,04:30:00,360.19,495.0,2546.0,1640.0,0.0,1.0,112.0,0.0,45.0,0.0,0.0,2882.0,2882.0,5460.0,4550.0,3292.0,214.0,5.0,5.0,164.0,164.0,6006870
PROVENCE ALPES COTE D AZUR,2016-08-22 20:30:00,2016,235,20:30:00,235.85,714.0,0.0,10.0,1.0,1048.0,116.0,0.0,2535.0,0.0,0.0,2614.0,2242.0,0.0,0.0,48.0,1046.0,3191.0,3065.0,354.0,354.0,5021928
PROVENCE ALPES COTE D AZUR,2020-12-02 12:00:00,2020,337,12:00:00,337.5,1996.0,0.0,43.0,479.0,1862.0,105.0,0.0,1321.0,0.0,0.0,2714.0,2386.0,0.0,0.0,96.0,1540.0,3262.0,3231.0,357.0,357.0,5098666
PROVENCE ALPES COTE D AZUR,2015-02-17 13:30:00,2015,48,13:30:00,48.56,1348.0,0.0,12.0,333.0,994.0,64.0,0.0,3648.0,0.0,0.0,2600.0,2245.0,0.0,0.0,45.0,883.0,3168.0,3168.0,183.0,183.0,5007977
OCCITANIE,2013-09-25 15:00:00,2013,268,15:00:00,268.62,-4.0,2495.0,16.0,427.0,1259.0,65.0,0.0,-258.0,0.0,0.0,246.0,246.0,2620.0,2620.0,889.0,1154.0,5387.0,5387.0,126.0,126.0,5683878
CENTRE VAL DE LOIRE,2014-07-14 07:30:00,2014,195,07:30:00,195.31,2.0,8414.0,91.0,9.0,3.0,46.0,0.0,-7425.0,0.0,0.0,162.0,162.0,11630.0,11630.0,801.0,217.0,91.0,91.0,56.0,56.0,2577435
BRETAGNE,2013-04-13 11:30:00,2013,103,11:30:00,103.48,0.0,0.0,625.0,14.0,16.0,17.0,-53.0,2265.0,0.0,0.0,658.0,658.0,0.0,0.0,716.0,203.0,11.0,11.0,36.0,36.0,3258707
NORMANDIE,2019-05-20 04:30:00,2019,140,04:30:00,140.19,225.0,7564.0,44.0,0.0,11.0,49.0,0.0,-5545.0,0.0,0.0,833.0,833.0,10640.0,9310.0,801.0,255.0,31.0,31.0,106.0,106.0,3325032
ILE DE FRANCE,2021-12-22 01:00:00,2021,356,01:00:00,356.04,546.0,0.0,15.0,0.0,7.0,132.0,0.0,9685.0,0.0,0.0,2171.0,2171.0,0.0,0.0,148.0,194.0,20.0,20.0,314.0,314.0,12317279
PAYS DE LA LOIRE,2018-01-26 15:00:00,2018,26,15:00:00,26.62,608.0,0.0,100.0,88.0,2.0,43.0,0.0,2882.0,0.0,0.0,1954.0,1954.0,0.0,0.0,786.0,534.0,8.0,8.0,69.0,69.0,3781423
GRAND EST,2018-12-27 10:00:00,2018,361,10:00:00,361.42,1486.0,12469.0,262.0,51.0,1258.0,101.0,0.0,-9269.0,0.0,0.0,3531.0,3118.0,10820.0,10102.0,3335.0,562.0,2301.0,1964.0,163.0,163.0,5550389
BOURGOGNE FRANCHE COMTE,2020-12-09 00:30:00,2020,344,00:30:00,344.02,164.0,0.0,112.0,0.0,142.0,32.0,0.0,2415.0,0.0,0.0,401.0,401.0,0.0,0.0,897.0,394.0,523.0,523.0,71.0,71.0,2801695
NORMANDIE,2018-10-15 13:30:00,2018,288,13:30:00,288.56,213.0,7487.0,114.0,76.0,12.0,49.0,0.0,-4947.0,0.0,0.0,821.0,241.0,10640.0,9601.0,736.0,251.0,31.0,31.0,104.0,104.0,3327477
BRETAGNE,2013-01-09 15:00:00,2013,9,15:00:00,9.62,64.0,0.0,38.0,4.0,17.0,17.0,0.0,3472.0,0.0,0.0,658.0,658.0,0.0,0.0,716.0,201.0,11.0,11.0,36.0,36.0,3258707
CENTRE VAL DE LOIRE,2014-03-25 11:30:00,2014,84,11:30:00,84.48,69.0,9757.0,72.0,65.0,26.0,44.0,0.0,-7229.0,0.0,0.0,162.0,162.0,11630.0,11630.0,749.0,215.0,91.0,91.0,56.0,56.0,2577435
OCCITANIE,2021-08-24 20:30:00,2021,236,20:30:00,236.85,0.0,1239.0,112.0,19.0,700.0,75.0,0.0,1930.0,0.0,0.0,325.0,325.0,2620.0,2620.0,1593.0,2643.0,5499.0,5362.0,173.0,173.0,6022176
NORMANDIE,2013-09-16 04:30:00,2013,259,04:30:00,259.19,497.0,6820.0,225.0,0.0,13.0,41.0,0.0,-5344.0,0.0,0.0,761.0,761.0,10640.0,10640.0,444.0,209.0,23.0,23.0,88.0,88.0,3328364
PAYS DE LA LOIRE,2021-10-14 23:00:00,2021,287,23:00:00,287.96,1302.0,0.0,88.0,0.0,1.0,59.0,0.0,1853.0,0.0,0.0,2065.0,2065.0,0.0,0.0,1124.0,776.0,10.0,10.0,79.0,79.0,3853999
CENTRE VAL DE LOIRE,2017-06-24 22:00:00,2017,175,22:00:00,175.92,0.0,7321.0,131.0,0.0,0.0,55.0,0.0,-5802.0,0.0,0.0,198.0,198.0,11630.0,10648.0,947.0,269.0,91.0,91.0,76.0,76.0,2576252
PAYS DE LA LOIRE,2021-08-02 10:30:00,2021,214,10:30:00,214.44,0.0,0.0,60.0,171.0,1.0,58.0,0.0,2392.0,0.0,0.0,2056.0,2056.0,0.0,0.0,1115.0,763.0,10.0,10.0,79.0,79.0,3853999
BRETAGNE,2019-08-19 03:00:00,2019,231,03:00:00,231.12,1.0,0.0,202.0,0.0,205.0,52.0,-1.0,1020.0,0.0,0.0,960.0,875.0,0.0,0.0,1021.0,268.0,270.0,270.0,74.0,74.0,3354854
NOUVELLE AQUITAINE,2013-05-05 04:30:00,2013,125,04:30:00,125.19,29.0,3270.0,84.0,0.0,446.0,128.0,0.0,-538.0,0.0,0.0,421.0,421.0,6630.0,6630.0,356.0,967.0,1759.0,1759.0,210.0,210.0,5844177
ILE DE FRANCE,2017-05-06 03:00:00,2017,126,03:00:00,126.12,-1.0,0.0,20.0,0.0,7.0,147.0,0.0,5457.0,0.0,0.0,2149.0,1839.0,0.0,0.0,73.0,116.0,19.0,19.0,301.0,301.0,12174880
NORMANDIE,2013-03-12 16:00:00,2013,71,16:00:00,71.67,1349.0,8717.0,235.0,1.0,25.0,39.0,0.0,-5632.0,0.0,0.0,761.0,761.0,10640.0,10640.0,423.0,207.0,22.0,22.0,88.0,88.0,3328364
PROVENCE ALPES COTE D AZUR,2018-10-08 02:30:00,2018,281,02:30:00,281.1,228.0,0.0,6.0,0.0,195.0,50.0,0.0,2771.0,0.0,0.0,2666.0,2352.0,0.0,0.0,48.0,1298.0,3233.0,3086.0,357.0,214.0,5052832
CENTRE VAL DE LOIRE,2014-03-07 09:30:00,2014,66,09:30:00,66.4,67.0,10597.0,47.0,60.0,44.0,48.0,0.0,-7906.0,0.0,0.0,162.0,162.0,11630.0,11630.0,739.0,215.0,91.0,91.0,56.0,56.0,2577435
CENTRE VAL DE LOIRE,2013-08-01 03:30:00,2013,213,03:30:00,213.15,6.0,7114.0,189.0,0.0,1.0,29.0,0.0,-5951.0,0.0,0.0,162.0,162.0,11630.0,11630.0,697.0,211.0,91.0,91.0,56.0,56.0,2570548
ILE DE FRANCE,2016-11-29 14:00:00,2016,334,14:00:00,334.58,1078.0,0.0,6.0,22.0,6.0,143.0,0.0,10687.0,0.0,0.0,2149.0,1581.0,0.0,0.0,61.0,116.0,19.0,19.0,301.0,301.0,12117132
HAUTS DE FRANCE,2018-10-29 00:00:00,2018,302,00:00:00,302.0,1203.0,4509.0,1962.0,0.0,0.0,132.0,0.0,-1434.0,0.0,0.0,2954.0,2546.0,5460.0,4550.0,4098.0,234.0,5.0,5.0,171.0,171.0,6004108
CENTRE VAL DE LOIRE,2023-01-02 16:00:00,2023,2,16:00:00,2.67,95.0,10365.0,193.0,89.0,2.0,52.0,0.0,-8814.0,0.0,0.0,229.0,229.0,11630.0,10915.0,1599.0,807.0,93.0,93.0,91.0,91.0,2572278
GRAND EST,2020-11-21 01:30:00,2020,326,01:30:00,326.06,608.0,10430.0,181.0,0.0,525.0,116.0,-353.0,-6033.0,0.0,0.0,3585.0,3172.0,10820.0,9671.0,3833.0,672.0,2305.0,2103.0,192.0,192.0,5562651
HAUTS DE FRANCE,2014-04-26 13:00:00,2014,116,13:00:00,116.54,258.0,1594.0,637.0,24.0,2.0,79.0,0.0,3313.0,0.0,0.0,2278.0,2278.0,5460.0,4550.0,2296.0,211.0,5.0,5.0,139.0,139.0,6006156
GRAND EST,2016-06-11 07:00:00,2016,163,07:00:00,163.29,46.0,8224.0,54.0,8.0,1288.0,75.0,-530.0,-5387.0,0.0,0.0,3424.0,2913.0,10820.0,9761.0,2611.0,527.0,2286.0,2084.0,121.0,121.0,5555186
AUVERGNE RHONE ALPES,2013-12-01 17:30:00,2013,335,17:30:00,335.73,201.0,11040.0,102.0,0.0,2822.0,80.0,-8.0,-5064.0,0.0,0.0,926.0,926.0,13570.0,12235.0,335.0,747.0,11128.0,11128.0,125.0,125.0,7757595
NOUVELLE AQUITAINE,2015-07-03 06:30:00,2015,184,06:30:00,184.27,16.0,3117.0,131.0,1.0,95.0,170.0,0.0,559.0,0.0,0.0,427.0,427.0,6630.0,5525.0,504.0,1518.0,1775.0,1650.0,239.0,239.0,5911482
HAUTS DE FRANCE,2014-11-11 07:00:00,2014,315,07:00:00,315.29,491.0,4437.0,813.0,0.0,2.0,100.0,0.0,-493.0,0.0,0.0,2301.0,2301.0,5460.0,5460.0,2510.0,212.0,5.0,5.0,142.0,142.0,6006156
GRAND EST,2013-12-04 13:00:00,2013,338,13:00:00,338.54,3314.0,10351.0,65.0,38.0,788.0,67.0,0.0,-6670.0,0.0,0.0,3398.0,3163.0,10820.0,9940.0,1943.0,507.0,2282.0,2282.0,94.0,94.0,5552388
GRAND EST,2017-08-16 10:30:00,2017,228,10:30:00,228.44,354.0,7505.0,1.0,171.0,1398.0,81.0,0.0,-5218.0,0.0,0.0,3453.0,2994.0,10820.0,9740.0,2996.0,548.0,2298.0,1947.0,141.0,141.0,5549586
BOURGOGNE FRANCHE COMTE,2018-09-26 08:00:00,2018,269,08:00:00,269.33,67.0,0.0,74.0,4.0,150.0,21.0,0.0,2148.0,0.0,0.0,386.0,386.0,0.0,0.0,708.0,310.0,520.0,443.0,57.0,57.0,2807807
PAYS DE LA LOIRE,2018-05-08 09:30:00,2018,128,09:30:00,128.4,6.0,0.0,7.0,143.0,4.0,45.0,0.0,2067.0,0.0,0.0,1968.0,1678.0,0.0,0.0,804.0,542.0,8.0,8.0,69.0,69.0,3781423
AUVERGNE RHONE ALPES,2018-05-09 05:30:00,2018,129,05:30:00,129.23,17.0,8233.0,109.0,0.0,3765.0,128.0,-1313.0,-5451.0,0.0,0.0,1000.0,1000.0,13570.0,12562.0,578.0,1044.0,11259.0,11055.0,179.0,179.0,7994459
BOURGOGNE FRANCHE COMTE,2018-01-04 20:30:00,2018,4,20:30:00,4.85,155.0,0.0,537.0,0.0,361.0,29.0,0.0,1910.0,0.0,0.0,356.0,356.0,0.0,0.0,676.0,304.0,520.0,289.0,35.0,35.0,2807807
BOURGOGNE FRANCHE COMTE,2014-12-29 19:00:00,2014,363,19:00:00,363.79,95.0,0.0,43.0,0.0,223.0,23.0,0.0,3210.0,0.0,0.0,325.0,80.0,0.0,0.0,344.0,253.0,510.0,510.0,28.0,28.0,2820623
NORMANDIE,2016-05-24 18:00:00,2016,145,18:00:00,145.75,229.0,6426.0,183.0,41.0,9.0,26.0,0.0,-4211.0,0.0,0.0,773.0,193.0,10640.0,9310.0,563.0,218.0,31.0,31.0,95.0,95.0,3335929
ILE DE FRANCE,2019-08-03 18:30:00,2019,215,18:30:00,215.77,0.0,0.0,3.0,24.0,3.0,150.0,0.0,5620.0,0.0,0.0,2170.0,2170.0,0.0,0.0,108.0,127.0,20.0,20.0,314.0,314.0,12262544
NORMANDIE,2017-08-09 17:00:00,2017,221,17:00:00,221.71,266.0,5823.0,48.0,34.0,9.0,47.0,0.0,-3795.0,0.0,0.0,785.0,205.0,10640.0,9604.0,637.0,223.0,31.0,31.0,99.0,99.0,3330478
ILE DE FRANCE,2022-11-27 03:30:00,2022,331,03:30:00,331.15,485.0,0.0,31.0,0.0,7.0,135.0,0.0,6055.0,0.0,0.0,2171.0,2171.0,0.0,0.0,148.0,256.0,20.0,20.0,320.0,320.0,12354286
BOURGOGNE FRANCHE COMTE,2019-05-27 03:00:00,2019,147,03:00:00,147.12,22.0,0.0,75.0,0.0,29.0,31.0,0.0,1476.0,0.0,0.0,401.0,401.0,0.0,0.0,831.0,335.0,520.0,520.0,67.0,67.0,2805580
GRAND EST,2015-04-19 17:00:00,2015,109,17:00:00,109.71,30.0,4911.0,711.0,237.0,1030.0,76.0,-173.0,-3236.0,0.0,0.0,3420.0,3160.0,10820.0,9936.0,2376.0,524.0,2284.0,2082.0,109.0,109.0,5559051
AUVERGNE RHONE ALPES,2013-01-29 16:00:00,2013,29,16:00:00,29.67,277.0,11977.0,99.0,38.0,4420.0,65.0,-3.0,-6535.0,0.0,0.0,914.0,914.0,13570.0,12235.0,335.0,706.0,11114.0,11114.0,105.0,105.0,7757595
OCCITANIE,2017-08-23 21:30:00,2017,235,21:30:00,235.9,0.0,1245.0,134.0,0.0,935.0,83.0,0.0,1721.0,0.0,0.0,282.0,282.0,2620.0,1310.0,1249.0,1742.0,5475.0,5248.0,140.0,140.0,5845102
HAUTS DE FRANCE,2021-06-07 03:00:00,2021,158,03:00:00,158.12,173.0,3433.0,210.0,0.0,2.0,122.0,0.0,104.0,0.0,0.0,2990.0,2990.0,5460.0,5460.0,5448.0,392.0,5.0,5.0,182.0,182.0,5995292
NOUVELLE AQUITAINE,2016-07-08 02:30:00,2016,190,02:30:00,190.1,33.0,4743.0,28.0,0.0,145.0,169.0,0.0,-1116.0,0.0,0.0,429.0,429.0,6630.0,5720.0,579.0,1873.0,1778.0,1778.0,280.0,280.0,5935603
NOUVELLE AQUITAINE,2016-01-20 22:00:00,2016,20,22:00:00,20.92,183.0,6697.0,93.0,-1.0,710.0,185.0,0.0,-1605.0,0.0,0.0,429.0,429.0,6630.0,6630.0,547.0,1804.0,1778.0,1778.0,279.0,279.0,5935603
NOUVELLE AQUITAINE,2015-09-12 16:00:00,2015,255,16:00:00,255.67,19.0,4711.0,25.0,420.0,129.0,148.0,0.0,-1681.0,0.0,0.0,427.0,427.0,6630.0,5995.0,534.0,1536.0,1777.0,1671.0,239.0,239.0,5911482
GRAND EST,2023-01-06 04:00:00,2023,6,04:00:00,6.17,207.0,5007.0,1492.0,0.0,881.0,141.0,-511.0,-2750.0,0.0,0.0,3615.0,3615.0,10820.0,9726.0,4536.0,1133.0,2308.0,2106.0,237.0,237.0,5562262
PROVENCE ALPES COTE D AZUR,2017-11-14 15:00:00,2017,318,15:00:00,318.62,2382.0,0.0,38.0,464.0,1267.0,231.0,0.0,747.0,0.0,0.0,2643.0,2337.0,0.0,0.0,48.0,1180.0,3224.0,3224.0,357.0,357.0,5030890
ILE DE FRANCE,2015-06-30 18:00:00,2015,181,18:00:00,181.75,-4.0,0.0,0.0,28.0,7.0,96.0,0.0,8192.0,0.0,0.0,2144.0,1720.0,0.0,0.0,37.0,113.0,19.0,19.0,300.0,300.0,12082144
ILE DE FRANCE,2015-05-31 23:30:00,2015,151,23:30:00,151.98,-5.0,0.0,2.0,0.0,9.0,107.0,0.0,7142.0,0.0,0.0,2144.0,1738.0,0.0,0.0,37.0,113.0,19.0,19.0,286.0,286.0,12082144
OCCITANIE,2021-06-07 01:00:00,2021,158,01:00:00,158.04,0.0,1257.0,334.0,0.0,881.0,53.0,-482.0,963.0,0.0,0.0,318.0,318.0,2620.0,2620.0,1593.0,2568.0,5499.0,5332.0,172.0,172.0,6022176
HAUTS DE FRANCE,2021-08-31 12:00:00,2021,243,12:00:00,243.5,710.0,3428.0,987.0,120.0,2.0,102.0,0.0,225.0,0.0,0.0,2990.0,2990.0,5460.0,4550.0,5531.0,407.0,5.0,5.0,183.0,183.0,5995292
PAYS DE LA LOIRE,2021-11-12 21:30:00,2021,316,21:30:00,316.9,1451.0,0.0,195.0,0.0,1.0,60.0,0.0,1441.0,0.0,0.0,2065.0,2065.0,0.0,0.0,1124.0,778.0,10.0,10.0,79.0,79.0,3853999
GRAND EST,2018-12-17 08:30:00,2018,351,08:30:00,351.35,1901.0,12406.0,995.0,0.0,879.0,106.0,0.0,-9493.0,0.0,0.0,3531.0,2936.0,10820.0,9940.0,3325.0,562.0,2301.0,2006.0,163.0,163.0,5550389
PAYS DE LA LOIRE,2017-10-18 12:30:00,2017,291,12:30:00,291.52,1440.0,0.0,23.0,118.0,0.0,35.0,0.0,1600.0,0.0,0.0,1937.0,1474.0,0.0,0.0,735.0,507.0,8.0,8.0,66.0,66.0,3757600
CENTRE VAL DE LOIRE,2014-05-11 21:00:00,2014,131,21:00:00,131.88,1.0,8076.0,290.0,2.0,5.0,42.0,0.0,-6669.0,0.0,0.0,162.0,162.0,11630.0,11520.0,749.0,215.0,91.0,91.0,56.0,56.0,2577435
OCCITANIE,2015-09-19 09:30:00,2015,262,09:30:00,262.4,-3.0,1086.0,264.0,271.0,726.0,64.0,-4.0,818.0,0.0,0.0,266.0,0.0,2620.0,1310.0,1039.0,1452.0,5455.0,4886.0,137.0,137.0,5774185
NOUVELLE AQUITAINE,2016-03-25 20:00:00,2016,85,20:00:00,85.83,154.0,3782.0,76.0,-1.0,618.0,197.0,0.0,1222.0,0.0,0.0,429.0,429.0,6630.0,5702.0,559.0,1841.0,1778.0,1778.0,279.0,279.0,5935603
NORMANDIE,2018-01-22 13:00:00,2018,22,13:00:00,22.54,429.0,9185.0,264.0,15.0,15.0,49.0,0.0,-5924.0,0.0,0.0,813.0,813.0,10640.0,9310.0,705.0,233.0,31.0,31.0,102.0,102.0,3327477
HAUTS DE FRANCE,2013-11-27 08:00:00,2013,331,08:00:00,331.33,1626.0,4525.0,21.0,0.0,1.0,94.0,0.0,1389.0,0.0,0.0,2278.0,2278.0,5460.0,5460.0,2239.0,210.0,5.0,5.0,139.0,139.0,5987883
BOURGOGNE FRANCHE COMTE,2018-11-09 11:00:00,2018,313,11:00:00,313.46,145.0,0.0,121.0,72.0,9.0,45.0,-1.0,2572.0,0.0,0.0,395.0,395.0,0.0,0.0,719.0,318.0,520.0,443.0,57.0,57.0,2807807
PAYS DE LA LOIRE,2018-10-19 21:30:00,2018,292,21:30:00,292.9,986.0,0.0,290.0,0.0,0.0,49.0,0.0,1293.0,0.0,0.0,1980.0,1835.0,0.0,0.0,849.0,555.0,8.0,8.0,70.0,70.0,3781423
OCCITANIE,2015-07-29 16:30:00,2015,210,16:30:00,210.69,-4.0,2398.0,343.0,350.0,497.0,83.0,-416.0,990.0,0.0,0.0,266.0,0.0,2620.0,2620.0,1039.0,1421.0,5454.0,5220.0,133.0,133.0,5774185
GRAND EST,2017-07-21 20:30:00,2017,202,20:30:00,202.85,1645.0,10582.0,284.0,8.0,1012.0,81.0,0.0,-9050.0,0.0,0.0,3453.0,2942.0,10820.0,10167.0,2953.0,548.0,2298.0,1987.0,141.0,141.0,5549586
ILE DE FRANCE,2018-12-20 10:00:00,2018,354,10:00:00,354.42,436.0,0.0,39.0,2.0,9.0,156.0,0.0,10674.0,0.0,0.0,2169.0,2076.0,0.0,0.0,88.0,124.0,20.0,20.0,306.0,306.0,12213447
GRAND EST,2018-12-08 14:30:00,2018,342,14:30:00,342.6,310.0,11334.0,3009.0,33.0,675.0,116.0,0.0,-9751.0,0.0,0.0,3531.0,3531.0,10820.0,9993.0,3325.0,562.0,2301.0,2006.0,161.0,161.0,5550389
GRAND EST,2020-06-03 19:00:00,2020,155,19:00:00,155.79,1010.0,4420.0,418.0,75.0,1036.0,126.0,0.0,-2488.0,0.0,0.0,3535.0,3057.0,10820.0,9530.0,3606.0,621.0,2304.0,1909.0,183.0,183.0,5562651
GRAND EST,2021-06-12 09:30:00,2021,163,09:30:00,163.4,393.0,6249.0,103.0,304.0,1269.0,131.0,0.0,-4283.0,0.0,0.0,3585.0,3172.0,10820.0,9940.0,3913.0,895.0,2305.0,2103.0,207.0,207.0,5561287
BOURGOGNE FRANCHE COMTE,2022-09-29 22:30:00,2022,272,22:30:00,272.94,54.0,0.0,27.0,0.0,84.0,49.0,-66.0,1997.0,0.0,0.0,401.0,401.0,0.0,0.0,1067.0,609.0,524.0,524.0,75.0,75.0,2797366
GRAND EST,2013-08-12 14:00:00,2013,224,14:00:00,224.58,77.0,9988.0,133.0,197.0,1136.0,43.0,0.0,-7296.0,0.0,0.0,3398.0,3283.0,10820.0,10820.0,1943.0,506.0,2280.0,2280.0,93.0,93.0,5552388
NOUVELLE AQUITAINE,2016-05-13 11:30:00,2016,134,11:30:00,134.48,35.0,4186.0,146.0,499.0,776.0,135.0,0.0,-740.0,0.0,0.0,429.0,429.0,6630.0,5525.0,567.0,1856.0,1778.0,1672.0,280.0,280.0,5935603
PAYS DE LA LOIRE,2019-11-18 01:00:00,2019,322,01:00:00,322.04,1453.0,0.0,26.0,0.0,3.0,51.0,0.0,1992.0,0.0,0.0,2037.0,2037.0,0.0,0.0,933.0,610.0,10.0,10.0,75.0,75.0,3806461
ILE DE FRANCE,2013-03-10 23:00:00,2013,69,23:00:00,69.96,561.0,0.0,2.0,0.0,7.0,106.0,0.0,9508.0,0.0,0.0,2121.0,2121.0,0.0,0.0,37.0,108.0,19.0,19.0,262.0,262.0,11959807
PAYS DE LA LOIRE,2014-11-08 18:30:00,2014,312,18:30:00,312.77,589.0,0.0,300.0,0.0,3.0,49.0,0.0,2252.0,0.0,0.0,1864.0,1864.0,0.0,0.0,527.0,434.0,7.0,7.0,58.0,58.0,3690833
BOURGOGNE FRANCHE COMTE,2015-09-28 05:30:00,2015,271,05:30:00,271.23,23.0,0.0,195.0,0.0,22.0,16.0,0.0,1633.0,0.0,0.0,325.0,80.0,0.0,0.0,396.0,262.0,513.0,513.0,29.0,29.0,2820940
AUVERGNE RHONE ALPES,2015-08-19 09:00:00,2015,231,09:00:00,231.38,42.0,11263.0,54.0,143.0,2483.0,88.0,-16.0,-7823.0,0.0,0.0,944.0,944.0,13570.0,12881.0,372.0,887.0,11183.0,10972.0,141.0,141.0,7877698
NOUVELLE AQUITAINE,2018-02-26 15:00:00,2018,57,15:00:00,57.62,245.0,5661.0,674.0,1603.0,941.0,130.0,0.0,-1542.0,0.0,0.0,482.0,482.0,6630.0,5574.0,882.0,2267.0,1781.0,1781.0,314.0,314.0,5979778
AUVERGNE RHONE ALPES,2013-02-21 21:00:00,2013,52,21:00:00,52.88,355.0,12627.0,122.0,0.0,5404.0,58.0,-11.0,-7808.0,0.0,0.0,914.0,914.0,13570.0,13570.0,335.0,708.0,11115.0,11115.0,106.0,106.0,7757595
NORMANDIE,2013-03-23 22:30:00,2013,82,22:30:00,82.94,386.0,8920.0,57.0,0.0,23.0,52.0,0.0,-5573.0,0.0,0.0,761.0,181.0,10640.0,10640.0,423.0,207.0,22.0,22.0,88.0,88.0,3328364
PAYS DE LA LOIRE,2019-02-21 10:00:00,2019,52,10:00:00,52.42,588.0,0.0,2.0,42.0,4.0,45.0,0.0,3793.0,0.0,0.0,2037.0,1747.0,0.0,0.0,897.0,568.0,8.0,8.0,70.0,70.0,3806461
HAUTS DE FRANCE,2014-08-07 23:30:00,2014,219,23:30:00,219.98,281.0,4340.0,47.0,0.0,1.0,96.0,0.0,-259.0,0.0,0.0,2289.0,2289.0,5460.0,5460.0,2351.0,212.0,5.0,5.0,139.0,139.0,6006156
BOURGOGNE FRANCHE COMTE,2015-01-31 13:00:00,2015,31,13:00:00,31.54,147.0,0.0,62.0,23.0,207.0,24.0,0.0,2804.0,0.0,0.0,325.0,80.0,0.0,0.0,344.0,253.0,510.0,510.0,28.0,28.0,2820940
CENTRE VAL DE LOIRE,2013-06-04 01:30:00,2013,155,01:30:00,155.06,7.0,7163.0,287.0,0.0,27.0,29.0,0.0,-5736.0,0.0,0.0,162.0,162.0,11630.0,11630.0,662.0,210.0,91.0,91.0,49.0,49.0,2570548
PAYS DE LA LOIRE,2021-11-15 02:30:00,2021,319,02:30:00,319.1,1447.0,0.0,158.0,0.0,1.0,59.0,0.0,1218.0,0.0,0.0,2065.0,2065.0,0.0,0.0,1124.0,779.0,10.0,10.0,79.0,79.0,3853999
PROVENCE ALPES COTE D AZUR,2022-03-19 18:30:00,2022,78,18:30:00,78.77,784.0,0.0,12.0,25.0,707.0,119.0,0.0,3075.0,0.0,0.0,2724.0,2662.0,0.0,0.0,96.0,1796.0,3266.0,3124.0,357.0,357.0,5150362
AUVERGNE RHONE ALPES,2021-03-17 21:30:00,2021,76,21:30:00,76.9,657.0,10545.0,323.0,0.0,5054.0,129.0,-2.0,-7855.0,0.0,0.0,1047.0,1047.0,13570.0,12690.0,723.0,1427.0,11767.0,11610.0,208.0,208.0,8114361
NOUVELLE AQUITAINE,2018-11-22 14:30:00,2018,326,14:30:00,326.6,233.0,6727.0,134.0,949.0,205.0,186.0,0.0,-1981.0,0.0,0.0,527.0,527.0,6630.0,6630.0,965.0,2416.0,1781.0,1781.0,318.0,318.0,5979778
PAYS DE LA LOIRE,2019-03-11 05:30:00,2019,70,05:30:00,70.23,184.0,0.0,428.0,0.0,5.0,49.0,0.0,2587.0,0.0,0.0,2037.0,2037.0,0.0,0.0,897.0,569.0,8.0,8.0,70.0,70.0,3806461
NOUVELLE AQUITAINE,2014-09-09 15:30:00,2014,252,15:30:00,252.65,21.0,4147.0,5.0,584.0,86.0,133.0,0.0,-149.0,0.0,0.0,421.0,421.0,6630.0,5720.0,447.0,1238.0,1772.0,1772.0,220.0,220.0,5879144
CENTRE VAL DE LOIRE,2015-07-20 10:00:00,2015,201,10:00:00,201.42,1.0,7621.0,207.0,36.0,0.0,40.0,0.0,-5864.0,0.0,0.0,166.0,166.0,11630.0,10730.0,832.0,237.0,91.0,91.0,71.0,71.0,2578592
PAYS DE LA LOIRE,2021-10-06 23:30:00,2021,279,23:30:00,279.98,1090.0,0.0,46.0,0.0,3.0,49.0,0.0,1594.0,0.0,0.0,2056.0,2056.0,0.0,0.0,1115.0,774.0,10.0,10.0,79.0,79.0,3853999
PAYS DE LA LOIRE,2019-02-01 19:30:00,2019,32,19:30:00,32.81,931.0,0.0,19.0,0.0,4.0,49.0,0.0,3636.0,0.0,0.0,2034.0,1683.0,0.0,0.0,897.0,562.0,8.0,8.0,70.0,70.0,3806461
OCCITANIE,2021-02-09 01:00:00,2021,40,01:00:00,40.04,91.0,2572.0,799.0,0.0,2307.0,67.0,-483.0,-437.0,0.0,0.0,318.0,318.0,2620.0,2620.0,1593.0,2448.0,5498.0,5264.0,172.0,172.0,6022176
OCCITANIE,2013-01-10 13:00:00,2013,10,13:00:00,10.54,85.0,2435.0,346.0,178.0,1730.0,75.0,0.0,1514.0,0.0,0.0,245.0,245.0,2620.0,2620.0,861.0,1042.0,5368.0,5368.0,126.0,126.0,5683878
OCCITANIE,2019-07-14 16:00:00,2019,195,16:00:00,195.67,0.0,2331.0,504.0,1273.0,358.0,96.0,-443.0,-333.0,0.0,0.0,307.0,307.0,2620.0,2620.0,1559.0,2073.0,5489.0,5299.0,146.0,146.0,5933185
HAUTS DE FRANCE,2019-06-15 12:00:00,2019,166,12:00:00,166.5,738.0,2504.0,621.0,87.0,1.0,129.0,0.0,947.0,0.0,0.0,2969.0,2717.0,5460.0,4603.0,4517.0,236.0,5.0,5.0,178.0,178.0,6004947
HAUTS DE FRANCE,2020-09-11 17:00:00,2020,255,17:00:00,255.71,1638.0,3535.0,138.0,60.0,0.0,119.0,0.0,-485.0,0.0,0.0,2983.0,2983.0,5460.0,4550.0,5163.0,251.0,5.0,5.0,181.0,181.0,5997734
PROVENCE ALPES COTE D AZUR,2015-02-05 17:30:00,2015,36,17:30:00,36.73,1346.0,0.0,43.0,4.0,1480.0,74.0,0.0,4539.0,0.0,0.0,2600.0,2314.0,0.0,0.0,45.0,883.0,3168.0,3168.0,183.0,183.0,5007977
BRETAGNE,2014-07-03 05:00:00,2014,184,05:00:00,184.21,1.0,0.0,14.0,0.0,184.0,32.0,-1.0,1403.0,0.0,0.0,688.0,688.0,0.0,0.0,763.0,213.0,272.0,272.0,51.0,51.0,3276543
GRAND EST,2013-04-15 01:30:00,2013,105,01:30:00,105.06,88.0,6974.0,845.0,0.0,1090.0,37.0,-533.0,-4405.0,0.0,0.0,3398.0,3398.0,10820.0,10820.0,1849.0,501.0,2280.0,2280.0,86.0,86.0,5552388
CENTRE VAL DE LOIRE,2022-12-08 22:30:00,2022,342,22:30:00,342.94,138.0,9591.0,207.0,0.0,2.0,57.0,0.0,-7269.0,0.0,0.0,229.0,229.0,11630.0,10771.0,1566.0,799.0,93.0,93.0,91.0,91.0,2572916
OCCITANIE,2016-12-31 10:00:00,2016,366,10:00:00,366.42,66.0,2569.0,171.0,182.0,1284.0,84.0,-347.0,2033.0,0.0,0.0,273.0,273.0,2620.0,2620.0,1194.0,1683.0,5463.0,5236.0,140.0,140.0,5808435
HAUTS DE FRANCE,2018-11-15 17:30:00,2018,319,17:30:00,319.73,2012.0,3569.0,514.0,0.0,1.0,109.0,0.0,951.0,0.0,0.0,2954.0,2723.0,5460.0,4550.0,4164.0,234.0,5.0,5.0,171.0,171.0,6004108
BOURGOGNE FRANCHE COMTE,2018-12-10 11:30:00,2018,344,11:30:00,344.48,181.0,0.0,168.0,21.0,101.0,44.0,-1.0,2640.0,0.0,0.0,401.0,401.0,0.0,0.0,746.0,318.0,520.0,443.0,64.0,64.0,2807807
CENTRE VAL DE LOIRE,2013-04-22 19:30:00,2013,112,19:30:00,112.81,7.0,7586.0,8.0,10.0,25.0,18.0,0.0,-5539.0,0.0,0.0,157.0,157.0,11630.0,11630.0,662.0,209.0,91.0,91.0,49.0,49.0,2570548
OCCITANIE,2018-11-14 12:30:00,2018,318,12:30:00,318.52,79.0,2566.0,618.0,564.0,1334.0,104.0,0.0,-672.0,0.0,0.0,301.0,301.0,2620.0,2620.0,1461.0,1976.0,5485.0,5290.0,146.0,146.0,5885496
NORMANDIE,2016-01-06 11:00:00,2016,6,11:00:00,6.46,699.0,6453.0,90.0,11.0,19.0,35.0,0.0,-3223.0,0.0,0.0,773.0,500.0,10640.0,9454.0,538.0,217.0,31.0,31.0,95.0,95.0,3335929
AUVERGNE RHONE ALPES,2015-01-31 11:00:00,2015,31,11:00:00,31.46,191.0,13268.0,31.0,58.0,4983.0,103.0,-4.0,-8951.0,0.0,0.0,940.0,940.0,13570.0,13570.0,372.0,858.0,11168.0,10810.0,141.0,141.0,7877698
ILE DE FRANCE,2021-05-05 10:30:00,2021,125,10:30:00,125.44,0.0,0.0,66.0,63.0,8.0,130.0,0.0,8362.0,0.0,0.0,2171.0,2171.0,0.0,0.0,125.0,172.0,20.0,20.0,314.0,314.0,12317279
HAUTS DE FRANCE,2020-03-26 22:00:00,2020,86,22:00:00,86.92,991.0,4585.0,1514.0,0.0,2.0,137.0,0.0,-1852.0,0.0,0.0,2970.0,2970.0,5460.0,4550.0,5037.0,242.0,5.0,5.0,181.0,181.0,5997734
AUVERGNE RHONE ALPES,2016-01-11 10:30:00,2016,11,10:30:00,11.44,489.0,11713.0,236.0,77.0,4566.0,126.0,-324.0,-7235.0,0.0,0.0,952.0,952.0,13570.0,12690.0,384.0,894.0,11204.0,10931.0,170.0,170.0,7916889
BRETAGNE,2020-04-19 09:00:00,2020,110,09:00:00,110.38,1.0,0.0,156.0,21.0,4.0,53.0,-1.0,1333.0,0.0,0.0,978.0,877.0,0.0,0.0,1028.0,280.0,272.0,272.0,79.0,79.0,3373835
NORMANDIE,2015-07-10 03:30:00,2015,191,03:30:00,191.15,207.0,6015.0,50.0,0.0,12.0,55.0,0.0,-4005.0,0.0,0.0,761.0,181.0,10640.0,9310.0,522.0,215.0,24.0,24.0,94.0,94.0,3339131
NOUVELLE AQUITAINE,2013-08-20 18:00:00,2013,232,18:00:00,232.75,26.0,5377.0,59.0,318.0,79.0,131.0,0.0,-1649.0,0.0,0.0,421.0,421.0,6630.0,6630.0,356.0,983.0,1760.0,1760.0,210.0,210.0,5844177
PAYS DE LA LOIRE,2022-09-05 12:00:00,2022,248,12:00:00,248.5,106.0,0.0,167.0,440.0,0.0,47.0,0.0,2226.0,0.0,0.0,2068.0,1609.0,0.0,0.0,1675.0,902.0,10.0,10.0,80.0,80.0,3878839
ILE DE FRANCE,2016-08-23 01:00:00,2016,236,01:00:00,236.04,-4.0,0.0,7.0,0.0,5.0,124.0,0.0,5233.0,0.0,0.0,2149.0,1619.0,0.0,0.0,61.0,115.0,19.0,19.0,300.0,300.0,12117132
BOURGOGNE FRANCHE COMTE,2015-11-27 08:00:00,2015,331,08:00:00,331.33,126.0,0.0,6.0,0.0,81.0,22.0,0.0,3297.0,0.0,0.0,329.0,84.0,0.0,0.0,414.0,262.0,513.0,513.0,29.0,29.0,2820940
GRAND EST,2022-03-03 18:00:00,2022,62,18:00:00,62.75,2565.0,6375.0,57.0,22.0,1199.0,160.0,0.0,-4509.0,0.0,0.0,3590.0,3590.0,10820.0,9823.0,4206.0,999.0,2306.0,2104.0,212.0,212.0,5563889
PAYS DE LA LOIRE,2022-09-27 10:30:00,2022,270,10:30:00,270.44,48.0,0.0,627.0,182.0,0.0,64.0,0.0,2066.0,0.0,0.0,2068.0,1698.0,0.0,0.0,1675.0,914.0,10.0,10.0,80.0,80.0,3878839
HAUTS DE FRANCE,2013-05-03 22:00:00,2013,123,22:00:00,123.92,279.0,3598.0,343.0,0.0,1.0,63.0,0.0,1274.0,0.0,0.0,2268.0,2034.0,5460.0,5460.0,2126.0,210.0,5.0,5.0,139.0,139.0,5987883
NOUVELLE AQUITAINE,2016-07-16 21:30:00,2016,198,21:30:00,198.9,34.0,4646.0,121.0,8.0,82.0,153.0,0.0,-1219.0,0.0,0.0,429.0,429.0,6630.0,5720.0,579.0,1876.0,1779.0,1665.0,280.0,280.0,5935603
OCCITANIE,2014-01-23 11:00:00,2014,23,11:00:00,23.46,53.0,2596.0,472.0,214.0,2708.0,86.0,-4.0,-158.0,0.0,0.0,251.0,251.0,2620.0,2620.0,889.0,1206.0,5397.0,5397.0,127.0,127.0,5730753
PROVENCE ALPES COTE D AZUR,2014-02-24 17:30:00,2014,55,17:30:00,55.73,266.0,0.0,26.0,64.0,1782.0,57.0,0.0,3002.0,0.0,0.0,2592.0,2318.0,0.0,0.0,45.0,794.0,3160.0,3160.0,164.0,164.0,4983438
BOURGOGNE FRANCHE COMTE,2015-09-25 06:00:00,2015,268,06:00:00,268.25,34.0,0.0,12.0,0.0,30.0,22.0,0.0,1928.0,0.0,0.0,325.0,80.0,0.0,0.0,396.0,262.0,513.0,513.0,29.0,29.0,2820940
NOUVELLE AQUITAINE,2019-12-12 01:30:00,2019,346,01:30:00,346.06,222.0,5838.0,273.0,0.0,733.0,171.0,0.0,-1069.0,0.0,0.0,571.0,571.0,6630.0,5720.0,1075.0,2613.0,1783.0,1678.0,340.0,340.0,6010289
AUVERGNE RHONE ALPES,2016-10-25 23:30:00,2016,299,23:30:00,299.98,518.0,6894.0,9.0,0.0,1942.0,94.0,-414.0,-1584.0,0.0,0.0,966.0,966.0,13570.0,12665.0,399.0,932.0,11226.0,11005.0,177.0,177.0,7916889
ILE DE FRANCE,2015-01-16 14:30:00,2015,16,14:30:00,16.6,757.0,0.0,1.0,10.0,3.0,131.0,0.0,10379.0,0.0,0.0,2128.0,1543.0,0.0,0.0,37.0,112.0,19.0,19.0,286.0,286.0,12082144
BOURGOGNE FRANCHE COMTE,2017-08-05 12:00:00,2017,217,12:00:00,217.5,29.0,0.0,189.0,80.0,19.0,23.0,0.0,1551.0,0.0,0.0,331.0,331.0,0.0,0.0,605.0,270.0,519.0,519.0,33.0,33.0,2811423
NORMANDIE,2020-05-22 17:30:00,2020,143,17:30:00,143.73,193.0,2598.0,192.0,46.0,14.0,63.0,0.0,-945.0,0.0,0.0,838.0,258.0,10640.0,9355.0,819.0,263.0,31.0,31.0,111.0,111.0,3325522
PROVENCE ALPES COTE D AZUR,2013-04-20 00:30:00,2013,110,00:30:00,110.02,429.0,0.0,31.0,0.0,1929.0,41.0,0.0,1853.0,0.0,0.0,2590.0,2528.0,0.0,0.0,45.0,689.0,3158.0,3158.0,151.0,151.0,4953675
GRAND EST,2014-04-07 18:00:00,2014,97,18:00:00,97.75,845.0,8819.0,843.0,107.0,769.0,48.0,0.0,-6583.0,0.0,0.0,3398.0,3198.0,10820.0,10820.0,2012.0,514.0,2283.0,2283.0,96.0,96.0,5554645
PAYS DE LA LOIRE,2021-05-21 23:30:00,2021,141,23:30:00,141.98,0.0,0.0,622.0,0.0,3.0,56.0,0.0,2184.0,0.0,0.0,2056.0,2056.0,0.0,0.0,1097.0,740.0,10.0,10.0,78.0,78.0,3853999
CENTRE VAL DE LOIRE,2018-10-30 15:30:00,2018,303,15:30:00,303.65,14.0,7019.0,381.0,81.0,0.0,63.0,0.0,-5060.0,0.0,0.0,222.0,222.0,11630.0,10672.0,1060.0,302.0,91.0,91.0,84.0,84.0,2572853
NORMANDIE,2020-08-28 12:30:00,2020,241,12:30:00,241.52,716.0,3805.0,266.0,96.0,8.0,62.0,0.0,-2056.0,0.0,0.0,838.0,708.0,10640.0,9310.0,819.0,266.0,31.0,31.0,112.0,112.0,3325522
AUVERGNE RHONE ALPES,2020-02-08 07:30:00,2020,39,07:30:00,39.31,202.0,12090.0,203.0,0.0,2948.0,138.0,-1406.0,-5577.0,0.0,0.0,1032.0,1032.0,13570.0,12821.0,647.0,1239.0,11741.0,11544.0,191.0,191.0,8078652
OCCITANIE,2020-12-06 03:00:00,2020,341,03:00:00,341.12,87.0,1108.0,304.0,0.0,589.0,95.0,-461.0,3386.0,0.0,0.0,318.0,318.0,2620.0,1310.0,1593.0,2354.0,5498.0,5268.0,172.0,172.0,5973969
HAUTS DE FRANCE,2013-01-12 02:30:00,2013,12,02:30:00,12.1,999.0,5333.0,38.0,0.0,1.0,76.0,0.0,231.0,0.0,0.0,2268.0,2268.0,5460.0,5460.0,2084.0,209.0,4.0,4.0,122.0,122.0,5987883
GRAND EST,2022-03-17 17:30:00,2022,76,17:30:00,76.73,2375.0,5101.0,1727.0,38.0,547.0,150.0,0.0,-4159.0,0.0,0.0,3590.0,3590.0,10820.0,9791.0,4228.0,1000.0,2306.0,2104.0,212.0,212.0,5563889
NORMANDIE,2020-11-12 02:30:00,2020,317,02:30:00,317.1,353.0,6330.0,472.0,0.0,13.0,61.0,0.0,-4439.0,0.0,0.0,852.0,272.0,10640.0,9310.0,831.0,270.0,31.0,31.0,115.0,115.0,3325522
BRETAGNE,2021-02-16 21:30:00,2021,47,21:30:00,47.9,249.0,0.0,488.0,1.0,25.0,50.0,-1.0,2375.0,0.0,0.0,982.0,982.0,0.0,0.0,1052.0,300.0,272.0,272.0,81.0,81.0,3394567
GRAND EST,2020-08-19 06:30:00,2020,232,06:30:00,232.27,481.0,7014.0,237.0,0.0,691.0,126.0,0.0,-4916.0,0.0,0.0,3585.0,3126.0,10820.0,9856.0,3724.0,631.0,2305.0,1901.0,185.0,185.0,5562651
PROVENCE ALPES COTE D AZUR,2020-08-20 19:00:00,2020,233,19:00:00,233.79,1219.0,0.0,17.0,225.0,1205.0,85.0,0.0,2112.0,0.0,0.0,2710.0,2339.0,0.0,0.0,48.0,1499.0,3262.0,3231.0,357.0,207.0,5098666
HAUTS DE FRANCE,2021-11-13 13:00:00,2021,317,13:00:00,317.54,1969.0,2673.0,975.0,52.0,1.0,119.0,0.0,430.0,0.0,0.0,2990.0,2990.0,5460.0,4550.0,5600.0,433.0,5.0,5.0,190.0,190.0,5995292
CENTRE VAL DE LOIRE,2019-08-03 20:00:00,2019,215,20:00:00,215.83,1.0,8162.0,74.0,26.0,0.0,64.0,0.0,-6781.0,0.0,0.0,229.0,229.0,11630.0,10621.0,1168.0,324.0,91.0,91.0,85.0,85.0,2573180
NOUVELLE AQUITAINE,2020-02-24 00:30:00,2020,55,00:30:00,55.02,238.0,6359.0,156.0,0.0,209.0,215.0,0.0,-1793.0,0.0,0.0,571.0,571.0,6630.0,5822.0,1089.0,2632.0,1783.0,1678.0,340.0,340.0,6033952
PROVENCE ALPES COTE D AZUR,2020-11-28 07:00:00,2020,333,07:00:00,333.29,1783.0,0.0,51.0,0.0,412.0,108.0,0.0,1895.0,0.0,0.0,2714.0,2386.0,0.0,0.0,96.0,1540.0,3262.0,3231.0,357.0,357.0,5098666
PROVENCE ALPES COTE D AZUR,2019-10-13 08:30:00,2019,286,08:30:00,286.35,18.0,0.0,0.0,34.0,251.0,85.0,0.0,2914.0,0.0,0.0,2674.0,2251.0,0.0,0.0,48.0,1393.0,3245.0,3121.0,357.0,207.0,5081101
AUVERGNE RHONE ALPES,2019-01-30 20:00:00,2019,30,20:00:00,30.83,678.0,12523.0,128.0,0.0,6436.0,124.0,-3.0,-8877.0,0.0,0.0,1027.0,1027.0,13570.0,12655.0,607.0,1125.0,11277.0,11130.0,189.0,189.0,8042936
NORMANDIE,2017-11-20 21:00:00,2017,324,21:00:00,324.88,1080.0,7452.0,410.0,0.0,15.0,59.0,0.0,-5282.0,0.0,0.0,813.0,813.0,10640.0,9432.0,705.0,232.0,31.0,31.0,100.0,100.0,3330478
PAYS DE LA LOIRE,2022-09-16 13:00:00,2022,259,13:00:00,259.54,37.0,0.0,540.0,392.0,0.0,47.0,0.0,1796.0,0.0,0.0,2068.0,1659.0,0.0,0.0,1675.0,911.0,10.0,10.0,80.0,80.0,3878839
HAUTS DE FRANCE,2015-08-13 22:00:00,2015,225,22:00:00,225.92,176.0,3279.0,104.0,0.0,1.0,109.0,0.0,696.0,0.0,0.0,2301.0,1970.0,5460.0,4550.0,2759.0,213.0,5.0,5.0,160.0,160.0,6009976
PROVENCE ALPES COTE D AZUR,2019-10-15 16:30:00,2019,288,16:30:00,288.69,1061.0,0.0,20.0,508.0,1059.0,85.0,0.0,1236.0,0.0,0.0,2674.0,2251.0,0.0,0.0,48.0,1402.0,3245.0,3114.0,357.0,207.0,5081101
HAUTS DE FRANCE,2018-03-07 15:00:00,2018,66,15:00:00,66.62,1903.0,4420.0,1632.0,17.0,3.0,123.0,0.0,-962.0,0.0,0.0,2922.0,2922.0,5460.0,4550.0,3819.0,217.0,5.0,5.0,170.0,170.0,6004108
ILE DE FRANCE,2019-04-11 19:30:00,2019,101,19:30:00,101.81,-1.0,0.0,27.0,6.0,10.0,117.0,0.0,8647.0,0.0,0.0,2170.0,2170.0,0.0,0.0,88.0,126.0,20.0,20.0,306.0,306.0,12262544
NORMANDIE,2013-05-14 00:00:00,2013,134,00:00:00,134.0,252.0,7062.0,139.0,0.0,7.0,42.0,0.0,-4213.0,0.0,0.0,761.0,761.0,10640.0,10640.0,423.0,208.0,23.0,23.0,88.0,88.0,3328364
PAYS DE LA LOIRE,2017-08-27 19:30:00,2017,239,19:30:00,239.81,-23.0,0.0,18.0,32.0,0.0,38.0,0.0,2151.0,0.0,0.0,1921.0,1286.0,0.0,0.0,727.0,504.0,8.0,8.0,66.0,66.0,3757600
AUVERGNE RHONE ALPES,2018-04-26 20:00:00,2018,116,20:00:00,116.83,20.0,9264.0,141.0,30.0,6008.0,122.0,-4.0,-8620.0,0.0,0.0,1000.0,1000.0,13570.0,12542.0,578.0,1043.0,11259.0,11051.0,179.0,179.0,7994459
OCCITANIE,2017-05-24 17:00:00,2017,144,17:00:00,144.71,2.0,2508.0,85.0,892.0,990.0,89.0,-69.0,-705.0,0.0,0.0,282.0,282.0,2620.0,2620.0,1221.0,1713.0,5475.0,5149.0,140.0,140.0,5845102
NOUVELLE AQUITAINE,2018-05-05 02:00:00,2018,125,02:00:00,125.08,21.0,4244.0,376.0,-1.0,466.0,186.0,0.0,-1126.0,0.0,0.0,482.0,482.0,6630.0,5428.0,924.0,2304.0,1781.0,1667.0,315.0,315.0,5979778
BRETAGNE,2018-01-18 17:30:00,2018,18,17:30:00,18.73,231.0,0.0,574.0,2.0,19.0,42.0,-1.0,2394.0,0.0,0.0,904.0,904.0,0.0,0.0,942.0,250.0,270.0,270.0,67.0,67.0,3335414
HAUTS DE FRANCE,2019-10-05 15:00:00,2019,278,15:00:00,278.62,1139.0,2712.0,40.0,37.0,0.0,126.0,0.0,1075.0,0.0,0.0,2969.0,2593.0,5460.0,4550.0,4625.0,238.0,5.0,5.0,178.0,178.0,6004947
CENTRE VAL DE LOIRE,2021-08-11 04:30:00,2021,223,04:30:00,223.19,12.0,7206.0,107.0,0.0,2.0,60.0,0.0,-6101.0,0.0,0.0,229.0,229.0,11630.0,10740.0,1360.0,581.0,92.0,92.0,89.0,89.0,2573303
AUVERGNE RHONE ALPES,2013-06-25 04:30:00,2013,176,04:30:00,176.19,50.0,8316.0,111.0,0.0,3772.0,62.0,-990.0,-5730.0,0.0,0.0,919.0,919.0,13570.0,13570.0,335.0,719.0,11116.0,11116.0,106.0,106.0,7757595
HAUTS DE FRANCE,2017-06-21 14:30:00,2017,172,14:30:00,172.6,1063.0,3515.0,65.0,83.0,1.0,93.0,0.0,1117.0,0.0,0.0,2900.0,2701.0,5460.0,4550.0,3488.0,215.0,5.0,5.0,165.0,165.0,6003815
CENTRE VAL DE LOIRE,2020-02-01 09:00:00,2020,32,09:00:00,32.38,115.0,10227.0,1053.0,0.0,37.0,56.0,0.0,-9222.0,0.0,0.0,229.0,229.0,11630.0,10804.0,1238.0,353.0,92.0,92.0,86.0,86.0,2574863
BRETAGNE,2017-02-15 08:30:00,2017,46,08:30:00,46.35,201.0,0.0,91.0,0.0,7.0,37.0,-1.0,3118.0,0.0,0.0,848.0,848.0,0.0,0.0,877.0,233.0,275.0,275.0,58.0,58.0,3318904
AUVERGNE RHONE ALPES,2015-01-25 06:30:00,2015,25,06:30:00,25.27,211.0,13498.0,116.0,0.0,1925.0,96.0,-1538.0,-5529.0,0.0,0.0,940.0,940.0,13570.0,13570.0,372.0,857.0,11166.0,10867.0,141.0,141.0,7877698
OCCITANIE,2022-06-30 08:30:00,2022,181,08:30:00,181.35,0.0,1262.0,86.0,269.0,1357.0,79.0,-10.0,718.0,0.0,0.0,326.0,326.0,2620.0,1310.0,1593.0,2962.0,5503.0,5293.0,174.0,174.0,6067101
ILE DE FRANCE,2023-01-14 14:30:00,2023,14,14:30:00,14.6,271.0,0.0,136.0,8.0,6.0,159.0,0.0,8137.0,0.0,0.0,2171.0,2171.0,0.0,0.0,148.0,257.0,20.0,20.0,320.0,320.0,12358932
HAUTS DE FRANCE,2019-04-29 20:00:00,2019,119,20:00:00,119.83,1034.0,3556.0,247.0,6.0,3.0,133.0,0.0,634.0,0.0,0.0,2969.0,2384.0,5460.0,4621.0,4467.0,235.0,5.0,5.0,178.0,178.0,6004947
ILE DE FRANCE,2015-10-14 17:00:00,2015,287,17:00:00,287.71,-13.0,0.0,1.0,11.0,9.0,127.0,0.0,9561.0,0.0,0.0,2144.0,1826.0,0.0,0.0,49.0,113.0,19.0,19.0,300.0,300.0,12082144
BRETAGNE,2016-02-12 00:00:00,2016,43,00:00:00,43.0,153.0,0.0,202.0,0.0,53.0,36.0,-2.0,3237.0,0.0,0.0,771.0,771.0,0.0,0.0,829.0,224.0,275.0,275.0,56.0,56.0,3306529
AUVERGNE RHONE ALPES,2018-01-16 13:30:00,2018,16,13:30:00,16.56,193.0,11626.0,329.0,87.0,3794.0,136.0,-3.0,-6037.0,0.0,0.0,1000.0,1000.0,13570.0,12655.0,548.0,1000.0,11254.0,11012.0,179.0,179.0,7994459
NOUVELLE AQUITAINE,2018-09-11 10:00:00,2018,254,10:00:00,254.42,25.0,5404.0,5.0,881.0,207.0,180.0,0.0,-1860.0,0.0,0.0,485.0,485.0,6630.0,5855.0,947.0,2397.0,1781.0,1781.0,316.0,316.0,5979778
OCCITANIE,2022-01-09 23:30:00,2022,9,23:30:00,9.98,89.0,2536.0,496.0,0.0,1517.0,79.0,-9.0,523.0,0.0,0.0,326.0,326.0,2620.0,2620.0,1593.0,2787.0,5500.0,5465.0,173.0,173.0,6067101
PAYS DE LA LOIRE,2022-07-18 17:00:00,2022,199,17:00:00,199.71,6.0,0.0,299.0,435.0,0.0,45.0,0.0,2120.0,0.0,0.0,2068.0,1646.0,0.0,0.0,1662.0,863.0,10.0,10.0,80.0,80.0,3878839
CENTRE VAL DE LOIRE,2022-07-02 16:00:00,2022,183,16:00:00,183.67,28.0,6127.0,18.0,529.0,2.0,65.0,0.0,-5378.0,0.0,0.0,229.0,229.0,11630.0,10688.0,1455.0,753.0,92.0,92.0,90.0,90.0,2572916
NORMANDIE,2013-07-09 15:00:00,2013,190,15:00:00,190.62,721.0,7650.0,104.0,65.0,14.0,29.0,0.0,-5530.0,0.0,0.0,761.0,761.0,10640.0,10640.0,444.0,209.0,23.0,23.0,88.0,88.0,3328364
OCCITANIE,2020-06-18 06:00:00,2020,170,06:00:00,170.25,0.0,2434.0,130.0,0.0,1405.0,61.0,-262.0,-973.0,0.0,0.0,314.0,314.0,2620.0,1310.0,1579.0,2238.0,5493.0,5267.0,171.0,171.0,5973969
BRETAGNE,2013-03-07 23:30:00,2013,66,23:30:00,66.98,62.0,0.0,40.0,0.0,55.0,20.0,-1.0,2696.0,0.0,0.0,658.0,658.0,0.0,0.0,716.0,202.0,11.0,11.0,36.0,36.0,3258707
BOURGOGNE FRANCHE COMTE,2017-11-30 08:00:00,2017,334,08:00:00,334.33,164.0,0.0,106.0,0.0,78.0,22.0,0.0,3243.0,0.0,0.0,356.0,356.0,0.0,0.0,676.0,295.0,520.0,520.0,35.0,35.0,2811423
ILE DE FRANCE,2022-05-21 01:30:00,2022,141,01:30:00,141.06,0.0,0.0,1.0,0.0,6.0,159.0,0.0,5121.0,0.0,0.0,2171.0,2018.0,0.0,0.0,148.0,218.0,20.0,20.0,314.0,314.0,12354286
BOURGOGNE FRANCHE COMTE,2021-02-27 05:30:00,2021,58,05:30:00,58.23,154.0,0.0,565.0,0.0,63.0,49.0,0.0,1399.0,0.0,0.0,401.0,401.0,0.0,0.0,928.0,405.0,523.0,523.0,71.0,71.0,2800194
NORMANDIE,2019-02-21 06:00:00,2019,52,06:00:00,52.25,422.0,7319.0,51.0,0.0,13.0,37.0,0.0,-4190.0,0.0,0.0,833.0,253.0,10640.0,9393.0,791.0,253.0,31.0,31.0,105.0,105.0,3325032
AUVERGNE RHONE ALPES,2018-01-12 10:30:00,2018,12,10:30:00,12.44,634.0,11523.0,107.0,75.0,6595.0,134.0,-3.0,-8698.0,0.0,0.0,1000.0,1000.0,13570.0,12697.0,548.0,1000.0,11253.0,10999.0,179.0,179.0,7994459
HAUTS DE FRANCE,2013-05-21 15:00:00,2013,141,15:00:00,141.62,451.0,3570.0,534.0,10.0,1.0,68.0,0.0,1788.0,0.0,0.0,2268.0,2268.0,5460.0,5460.0,2126.0,210.0,5.0,5.0,139.0,139.0,5987883
NOUVELLE AQUITAINE,2022-03-03 18:30:00,2022,62,18:30:00,62.77,193.0,3594.0,11.0,24.0,1558.0,194.0,0.0,216.0,0.0,0.0,578.0,578.0,6630.0,5330.0,1412.0,3508.0,1784.0,1666.0,356.0,356.0,6098051
BRETAGNE,2014-03-05 15:30:00,2014,64,15:30:00,64.65,79.0,0.0,1.0,75.0,225.0,33.0,-1.0,2285.0,0.0,0.0,688.0,688.0,0.0,0.0,747.0,209.0,251.0,251.0,50.0,50.0,3276543
HAUTS DE FRANCE,2017-01-19 16:00:00,2017,19,16:00:00,19.67,2193.0,4228.0,437.0,22.0,2.0,105.0,0.0,1061.0,0.0,0.0,2900.0,2900.0,5460.0,4987.0,3292.0,214.0,5.0,5.0,164.0,164.0,6003815
PAYS DE LA LOIRE,2018-09-18 23:00:00,2018,261,23:00:00,261.96,541.0,0.0,142.0,0.0,0.0,43.0,0.0,2329.0,0.0,0.0,1976.0,1722.0,0.0,0.0,827.0,550.0,8.0,8.0,70.0,70.0,3781423
PROVENCE ALPES COTE D AZUR,2021-03-20 02:30:00,2021,79,02:30:00,79.1,1299.0,0.0,31.0,0.0,1028.0,93.0,0.0,3001.0,0.0,0.0,2715.0,2386.0,0.0,0.0,96.0,1575.0,3266.0,3235.0,357.0,357.0,5127840
HAUTS DE FRANCE,2014-04-28 16:30:00,2014,118,16:30:00,118.69,258.0,1569.0,70.0,37.0,2.0,79.0,0.0,3777.0,0.0,0.0,2278.0,2278.0,5460.0,5460.0,2296.0,211.0,5.0,5.0,139.0,139.0,6006156
BOURGOGNE FRANCHE COMTE,2017-03-22 17:30:00,2017,81,17:30:00,81.73,102.0,0.0,47.0,15.0,147.0,20.0,0.0,2288.0,0.0,0.0,331.0,331.0,0.0,0.0,583.0,266.0,518.0,518.0,31.0,31.0,2811423
AUVERGNE RHONE ALPES,2020-06-14 15:00:00,2020,166,15:00:00,166.62,16.0,6755.0,106.0,629.0,3745.0,130.0,-826.0,-5181.0,0.0,0.0,1034.0,1034.0,13570.0,12592.0,647.0,1268.0,11746.0,11541.0,192.0,192.0,8078652
BRETAGNE,2020-07-21 18:00:00,2020,203,18:00:00,203.75,1.0,0.0,274.0,114.0,2.0,51.0,-1.0,1785.0,0.0,0.0,978.0,978.0,0.0,0.0,1028.0,285.0,272.0,272.0,79.0,79.0,3373835
HAUTS DE FRANCE,2021-03-24 08:30:00,2021,83,08:30:00,83.35,1907.0,4507.0,486.0,26.0,2.0,127.0,0.0,-323.0,0.0,0.0,2990.0,2990.0,5460.0,5460.0,5430.0,326.0,5.0,5.0,182.0,182.0,5995292
ILE DE FRANCE,2019-02-12 12:00:00,2019,43,12:00:00,43.5,615.0,0.0,0.0,18.0,8.0,136.0,0.0,11742.0,0.0,0.0,2169.0,2169.0,0.0,0.0,88.0,125.0,20.0,20.0,306.0,306.0,12262544
NORMANDIE,2018-10-03 14:30:00,2018,276,14:30:00,276.6,180.0,7353.0,36.0,73.0,7.0,51.0,0.0,-4593.0,0.0,0.0,821.0,241.0,10640.0,9552.0,736.0,250.0,31.0,31.0,104.0,104.0,3327477
PROVENCE ALPES COTE D AZUR,2015-05-04 01:30:00,2015,124,01:30:00,124.06,150.0,0.0,0.0,0.0,923.0,60.0,0.0,2551.0,0.0,0.0,2610.0,2241.0,0.0,0.0,45.0,913.0,3168.0,3168.0,183.0,183.0,5007977
ILE DE FRANCE,2016-09-27 05:00:00,2016,271,05:00:00,271.21,-8.0,0.0,1.0,0.0,7.0,129.0,0.0,4763.0,0.0,0.0,2149.0,1651.0,0.0,0.0,61.0,115.0,19.0,19.0,300.0,300.0,12117132
AUVERGNE RHONE ALPES,2021-10-19 08:30:00,2021,292,08:30:00,292.35,388.0,11420.0,160.0,18.0,2579.0,89.0,-4.0,-6501.0,0.0,0.0,1048.0,1048.0,13570.0,12669.0,723.0,1553.0,11776.0,11649.0,208.0,208.0,8114361
ILE DE FRANCE,2014-08-29 10:00:00,2014,241,10:00:00,241.42,-17.0,0.0,1.0,14.0,8.0,117.0,0.0,7371.0,0.0,0.0,2122.0,1872.0,0.0,0.0,37.0,111.0,19.0,19.0,282.0,282.0,12027565
BRETAGNE,2013-08-13 10:30:00,2013,225,10:30:00,225.44,0.0,0.0,13.0,64.0,4.0,31.0,0.0,2101.0,0.0,0.0,665.0,665.0,0.0,0.0,722.0,206.0,11.0,11.0,47.0,47.0,3258707
HAUTS DE FRANCE,2018-11-01 16:30:00,2018,305,16:30:00,305.69,1372.0,4096.0,809.0,3.0,1.0,128.0,0.0,-864.0,0.0,0.0,2954.0,2793.0,5460.0,4667.0,4119.0,234.0,5.0,5.0,171.0,171.0,6004108
HAUTS DE FRANCE,2013-10-19 18:00:00,2013,292,18:00:00,292.75,283.0,3498.0,395.0,3.0,1.0,68.0,0.0,951.0,0.0,0.0,2270.0,2270.0,5460.0,5460.0,2205.0,210.0,5.0,5.0,139.0,139.0,5987883
PAYS DE LA LOIRE,2013-06-30 11:30:00,2013,181,11:30:00,181.48,11.0,0.0,0.0,165.0,0.0,41.0,0.0,1918.0,0.0,0.0,1837.0,1837.0,0.0,0.0,490.0,392.0,5.0,5.0,58.0,58.0,3660852
HAUTS DE FRANCE,2016-10-03 06:30:00,2016,277,06:30:00,277.27,1018.0,2681.0,122.0,0.0,1.0,100.0,0.0,1302.0,0.0,0.0,2872.0,2633.0,5460.0,4550.0,3122.0,213.0,5.0,5.0,164.0,164.0,6006870
GRAND EST,2020-02-18 18:30:00,2020,49,18:30:00,49.77,1424.0,9696.0,1719.0,0.0,1296.0,122.0,0.0,-7879.0,0.0,0.0,3535.0,3535.0,10820.0,9727.0,3606.0,611.0,2303.0,2089.0,179.0,179.0,5562651
NOUVELLE AQUITAINE,2016-01-07 07:30:00,2016,7,07:30:00,7.31,163.0,6362.0,474.0,-1.0,434.0,171.0,0.0,-1380.0,0.0,0.0,429.0,429.0,6630.0,6630.0,547.0,1790.0,1778.0,1778.0,279.0,279.0,5935603
HAUTS DE FRANCE,2020-06-25 22:30:00,2020,177,22:30:00,177.94,1019.0,3490.0,1309.0,0.0,1.0,119.0,0.0,-1035.0,0.0,0.0,2970.0,2610.0,5460.0,4550.0,5082.0,243.0,5.0,5.0,181.0,181.0,5997734
NOUVELLE AQUITAINE,2020-11-20 11:30:00,2020,325,11:30:00,325.48,189.0,4842.0,17.0,1249.0,322.0,147.0,0.0,-833.0,0.0,0.0,576.0,576.0,6630.0,5469.0,1190.0,2793.0,1783.0,1678.0,347.0,347.0,6033952
CENTRE VAL DE LOIRE,2019-10-11 13:00:00,2019,284,13:00:00,284.54,27.0,6536.0,382.0,196.0,0.0,61.0,0.0,-5134.0,0.0,0.0,229.0,229.0,11630.0,10626.0,1195.0,338.0,91.0,91.0,86.0,86.0,2573180
HAUTS DE FRANCE,2017-07-23 21:30:00,2017,204,21:30:00,204.9,1123.0,1680.0,281.0,0.0,0.0,120.0,0.0,1049.0,0.0,0.0,2910.0,2910.0,5460.0,4561.0,3521.0,215.0,5.0,5.0,165.0,165.0,6003815
PROVENCE ALPES COTE D AZUR,2013-02-17 17:00:00,2013,48,17:00:00,48.71,310.0,0.0,3.0,43.0,1616.0,70.0,0.0,3425.0,0.0,0.0,2590.0,2273.0,0.0,0.0,45.0,670.0,3158.0,3158.0,149.0,149.0,4953675
NOUVELLE AQUITAINE,2017-09-05 06:00:00,2017,248,06:00:00,248.25,42.0,4146.0,29.0,-1.0,43.0,183.0,0.0,-959.0,0.0,0.0,465.0,465.0,6630.0,5574.0,790.0,2010.0,1780.0,1669.0,306.0,306.0,5956978
CENTRE VAL DE LOIRE,2022-09-30 18:00:00,2022,273,18:00:00,273.75,37.0,7411.0,355.0,125.0,1.0,57.0,0.0,-6239.0,0.0,0.0,229.0,229.0,11630.0,10622.0,1551.0,785.0,92.0,92.0,91.0,91.0,2572916
BRETAGNE,2013-07-21 01:00:00,2013,202,01:00:00,202.04,1.0,0.0,158.0,0.0,110.0,32.0,0.0,1417.0,0.0,0.0,665.0,665.0,0.0,0.0,722.0,205.0,11.0,11.0,47.0,47.0,3258707
PROVENCE ALPES COTE D AZUR,2019-01-26 03:00:00,2019,26,03:00:00,26.12,1641.0,0.0,36.0,0.0,607.0,90.0,0.0,3950.0,0.0,0.0,2673.0,2296.0,0.0,0.0,48.0,1328.0,3239.0,3115.0,357.0,228.0,5081101
HAUTS DE FRANCE,2021-12-20 04:30:00,2021,354,04:30:00,354.19,1056.0,2730.0,638.0,0.0,3.0,120.0,0.0,866.0,0.0,0.0,2990.0,2990.0,5460.0,4550.0,5641.0,436.0,5.0,5.0,190.0,190.0,5995292
HAUTS DE FRANCE,2014-12-03 17:00:00,2014,337,17:00:00,337.71,1359.0,5476.0,431.0,0.0,2.0,116.0,0.0,798.0,0.0,0.0,2301.0,2051.0,5460.0,5460.0,2524.0,212.0,5.0,5.0,155.0,155.0,6006156
BOURGOGNE FRANCHE COMTE,2021-04-09 15:00:00,2021,99,15:00:00,99.62,60.0,0.0,435.0,188.0,47.0,48.0,0.0,1728.0,0.0,0.0,401.0,401.0,0.0,0.0,955.0,415.0,523.0,523.0,71.0,71.0,2800194
PROVENCE ALPES COTE D AZUR,2017-01-15 16:00:00,2017,15,16:00:00,15.67,761.0,0.0,42.0,233.0,542.0,109.0,-51.0,4345.0,0.0,0.0,2630.0,2385.0,0.0,0.0,48.0,1057.0,3193.0,3193.0,354.0,354.0,5030890
PROVENCE ALPES COTE D AZUR,2014-08-18 19:30:00,2014,230,19:30:00,230.81,127.0,0.0,7.0,45.0,1170.0,65.0,0.0,3030.0,0.0,0.0,2592.0,2268.0,0.0,0.0,45.0,872.0,3165.0,3165.0,170.0,170.0,4983438
GRAND EST,2017-08-12 18:30:00,2017,224,18:30:00,224.77,50.0,7439.0,955.0,47.0,1179.0,83.0,0.0,-6051.0,0.0,0.0,3453.0,3004.0,10820.0,9668.0,2996.0,548.0,2298.0,1947.0,141.0,141.0,5549586
OCCITANIE,2018-08-18 06:00:00,2018,230,06:00:00,230.25,0.0,240.0,622.0,0.0,525.0,91.0,-910.0,2161.0,0.0,0.0,295.0,295.0,2620.0,1430.0,1425.0,1945.0,5485.0,5252.0,146.0,146.0,5885496
OCCITANIE,2015-09-29 12:00:00,2015,272,12:00:00,272.5,-5.0,1226.0,319.0,471.0,654.0,77.0,0.0,1235.0,0.0,0.0,266.0,0.0,2620.0,1310.0,1039.0,1459.0,5455.0,4886.0,137.0,137.0,5774185
BOURGOGNE FRANCHE COMTE,2013-11-17 05:00:00,2013,321,05:00:00,321.21,121.0,0.0,9.0,0.0,78.0,18.0,0.0,1922.0,0.0,0.0,313.0,68.0,0.0,0.0,204.0,240.0,490.0,490.0,25.0,25.0,2819783
BRETAGNE,2013-02-25 17:30:00,2013,56,17:30:00,56.73,64.0,0.0,205.0,2.0,13.0,17.0,0.0,3417.0,0.0,0.0,658.0,658.0,0.0,0.0,716.0,202.0,11.0,11.0,36.0,36.0,3258707
AUVERGNE RHONE ALPES,2019-10-09 02:00:00,2019,282,02:00:00,282.08,40.0,10223.0,163.0,0.0,921.0,99.0,-983.0,-4777.0,0.0,0.0,1027.0,1027.0,13570.0,12550.0,635.0,1197.0,11632.0,11423.0,191.0,191.0,8042936
NOUVELLE AQUITAINE,2019-03-17 09:30:00,2019,76,09:30:00,76.4,200.0,2171.0,367.0,246.0,354.0,205.0,0.0,1168.0,0.0,0.0,538.0,538.0,6630.0,5574.0,975.0,2455.0,1782.0,1677.0,319.0,319.0,6010289
OCCITANIE,2018-08-04 15:00:00,2018,216,15:00:00,216.62,0.0,1159.0,324.0,1145.0,542.0,78.0,-435.0,1907.0,0.0,0.0,295.0,295.0,2620.0,1310.0,1425.0,1937.0,5485.0,5251.0,146.0,146.0,5885496
GRAND EST,2013-09-03 06:00:00,2013,246,06:00:00,246.25,995.0,8434.0,76.0,0.0,545.0,48.0,0.0,-5905.0,0.0,0.0,3398.0,3148.0,10820.0,10820.0,1943.0,506.0,2280.0,2280.0,93.0,93.0,5552388
PAYS DE LA LOIRE,2020-10-09 19:00:00,2020,283,19:00:00,283.79,0.0,0.0,128.0,16.0,0.0,50.0,0.0,2747.0,0.0,0.0,2050.0,1736.0,0.0,0.0,1035.0,662.0,10.0,10.0,77.0,77.0,3832120
CENTRE VAL DE LOIRE,2015-05-28 00:30:00,2015,148,00:30:00,148.02,1.0,8980.0,20.0,0.0,3.0,52.0,0.0,-7112.0,0.0,0.0,166.0,166.0,11630.0,10912.0,818.0,236.0,91.0,91.0,71.0,71.0,2578592
ILE DE FRANCE,2016-06-13 04:30:00,2016,165,04:30:00,165.19,-4.0,0.0,5.0,0.0,0.0,128.0,0.0,4747.0,0.0,0.0,2149.0,1620.0,0.0,0.0,61.0,114.0,19.0,19.0,300.0,300.0,12117132
HAUTS DE FRANCE,2018-01-22 06:00:00,2018,22,06:00:00,22.25,724.0,4834.0,1785.0,0.0,2.0,114.0,0.0,-556.0,0.0,0.0,2913.0,2616.0,5460.0,5460.0,3799.0,217.0,5.0,5.0,170.0,170.0,6004108
OCCITANIE,2016-02-25 14:30:00,2016,56,14:30:00,56.6,49.0,2423.0,475.0,466.0,1731.0,97.0,-426.0,196.0,0.0,0.0,266.0,0.0,2620.0,2620.0,1098.0,1525.0,5462.0,5235.0,137.0,137.0,5808435
NORMANDIE,2014-10-14 00:00:00,2014,287,00:00:00,287.0,215.0,8714.0,217.0,0.0,14.0,29.0,0.0,-6101.0,0.0,0.0,761.0,181.0,10640.0,10640.0,489.0,213.0,24.0,24.0,91.0,91.0,3335645
OCCITANIE,2022-11-15 12:00:00,2022,319,12:00:00,319.5,71.0,1266.0,277.0,568.0,1733.0,101.0,0.0,218.0,0.0,0.0,326.0,326.0,2620.0,1310.0,1621.0,3088.0,5505.0,5370.0,175.0,175.0,6067101
ILE DE FRANCE,2017-08-06 00:30:00,2017,218,00:30:00,218.02,1.0,0.0,15.0,0.0,6.0,159.0,0.0,5186.0,0.0,0.0,2149.0,1811.0,0.0,0.0,88.0,117.0,19.0,19.0,301.0,301.0,12174880
AUVERGNE RHONE ALPES,2020-04-26 22:30:00,2020,117,22:30:00,117.94,15.0,6820.0,3.0,0.0,4602.0,114.0,-4.0,-6100.0,0.0,0.0,1034.0,633.0,13570.0,12626.0,647.0,1259.0,11746.0,11539.0,192.0,192.0,8078652
BOURGOGNE FRANCHE COMTE,2022-06-13 16:30:00,2022,164,16:30:00,164.69,0.0,0.0,52.0,355.0,11.0,51.0,-66.0,1726.0,0.0,0.0,401.0,401.0,0.0,0.0,1049.0,535.0,524.0,524.0,75.0,75.0,2797366
BRETAGNE,2018-01-19 04:30:00,2018,19,04:30:00,19.19,234.0,0.0,246.0,0.0,142.0,43.0,-1.0,2199.0,0.0,0.0,904.0,904.0,0.0,0.0,951.0,250.0,270.0,270.0,67.0,67.0,3335414
OCCITANIE,2020-09-21 20:00:00,2020,265,20:00:00,265.83,0.0,1171.0,122.0,0.0,1163.0,67.0,0.0,1463.0,0.0,0.0,314.0,314.0,2620.0,1310.0,1593.0,2281.0,5494.0,5261.0,171.0,171.0,5973969
HAUTS DE FRANCE,2021-10-06 15:30:00,2021,279,15:30:00,279.65,754.0,2659.0,3750.0,70.0,1.0,88.0,0.0,-1291.0,0.0,0.0,2990.0,2990.0,5460.0,4550.0,5579.0,420.0,5.0,5.0,183.0,183.0,5995292
NOUVELLE AQUITAINE,2014-07-25 02:30:00,2014,206,02:30:00,206.1,25.0,3899.0,57.0,0.0,116.0,133.0,0.0,-218.0,0.0,0.0,421.0,421.0,6630.0,5720.0,447.0,1191.0,1772.0,1772.0,220.0,220.0,5879144
BOURGOGNE FRANCHE COMTE,2018-05-31 13:00:00,2018,151,13:00:00,151.54,24.0,0.0,19.0,138.0,79.0,26.0,0.0,2229.0,0.0,0.0,386.0,386.0,0.0,0.0,676.0,306.0,520.0,443.0,37.0,37.0,2807807
BOURGOGNE FRANCHE COMTE,2014-08-01 10:00:00,2014,213,10:00:00,213.42,15.0,0.0,0.0,76.0,219.0,16.0,0.0,1788.0,0.0,0.0,313.0,68.0,0.0,0.0,254.0,251.0,508.0,508.0,26.0,26.0,2820623
ILE DE FRANCE,2020-11-10 04:30:00,2020,315,04:30:00,315.19,272.0,0.0,8.0,0.0,8.0,117.0,0.0,5210.0,0.0,0.0,2171.0,2171.0,0.0,0.0,125.0,169.0,20.0,20.0,314.0,314.0,12271794
NORMANDIE,2022-12-24 15:30:00,2022,358,15:30:00,358.65,332.0,6326.0,128.0,6.0,21.0,91.0,0.0,-3997.0,0.0,0.0,853.0,853.0,10640.0,9462.0,965.0,326.0,31.0,31.0,149.0,149.0,3327604
GRAND EST,2016-09-26 07:30:00,2016,270,07:30:00,270.31,2188.0,8706.0,236.0,0.0,1052.0,72.0,0.0,-7370.0,0.0,0.0,3424.0,3424.0,10820.0,9625.0,2652.0,529.0,2295.0,2093.0,125.0,125.0,5555186
BOURGOGNE FRANCHE COMTE,2018-06-21 22:00:00,2018,172,22:00:00,172.92,24.0,0.0,247.0,0.0,35.0,33.0,0.0,1825.0,0.0,0.0,386.0,386.0,0.0,0.0,688.0,307.0,520.0,443.0,37.0,37.0,2807807
BRETAGNE,2020-08-04 14:30:00,2020,217,14:30:00,217.6,1.0,0.0,17.0,174.0,212.0,50.0,-1.0,1829.0,0.0,0.0,978.0,978.0,0.0,0.0,1028.0,286.0,272.0,272.0,80.0,80.0,3373835
CENTRE VAL DE LOIRE,2013-06-24 01:30:00,2013,175,01:30:00,175.06,7.0,5077.0,240.0,0.0,2.0,26.0,0.0,-3853.0,0.0,0.0,162.0,162.0,11630.0,10320.0,687.0,210.0,91.0,91.0,49.0,49.0,2570548
ILE DE FRANCE,2014-07-09 17:30:00,2014,190,17:30:00,190.73,-2.0,0.0,3.0,6.0,3.0,136.0,0.0,7544.0,0.0,0.0,2122.0,2122.0,0.0,0.0,37.0,111.0,19.0,19.0,282.0,282.0,12027565
ILE DE FRANCE,2022-01-01 06:00:00,2022,1,06:00:00,1.25,486.0,0.0,20.0,0.0,2.0,175.0,0.0,5667.0,0.0,0.0,2171.0,2171.0,0.0,0.0,148.0,195.0,20.0,20.0,314.0,314.0,12354286
BOURGOGNE FRANCHE COMTE,2013-08-05 12:00:00,2013,217,12:00:00,217.5,24.0,0.0,8.0,97.0,144.0,9.0,0.0,1847.0,0.0,0.0,301.0,301.0,0.0,0.0,204.0,240.0,480.0,480.0,25.0,25.0,2819783
BOURGOGNE FRANCHE COMTE,2022-05-03 20:00:00,2022,123,20:00:00,123.83,22.0,0.0,124.0,17.0,249.0,49.0,0.0,1683.0,0.0,0.0,401.0,401.0,0.0,0.0,1049.0,528.0,524.0,524.0,75.0,75.0,2797366
CENTRE VAL DE LOIRE,2013-04-08 16:30:00,2013,98,16:30:00,98.69,9.0,8658.0,59.0,52.0,20.0,18.0,0.0,-6267.0,0.0,0.0,157.0,157.0,11630.0,11630.0,662.0,209.0,91.0,91.0,49.0,49.0,2570548
PAYS DE LA LOIRE,2017-06-25 14:00:00,2017,176,14:00:00,176.58,6.0,0.0,49.0,221.0,0.0,46.0,0.0,1777.0,0.0,0.0,1921.0,1345.0,0.0,0.0,727.0,500.0,8.0,8.0,66.0,66.0,3757600
PAYS DE LA LOIRE,2013-08-15 17:00:00,2013,227,17:00:00,227.71,-1.0,0.0,13.0,152.0,0.0,38.0,0.0,1710.0,0.0,0.0,1837.0,1837.0,0.0,0.0,490.0,394.0,5.0,5.0,58.0,58.0,3660852
PROVENCE ALPES COTE D AZUR,2020-06-17 12:30:00,2020,169,12:30:00,169.52,1211.0,0.0,5.0,999.0,2075.0,84.0,0.0,-101.0,0.0,0.0,2710.0,2284.0,0.0,0.0,48.0,1469.0,3260.0,3260.0,357.0,207.0,5098666
NOUVELLE AQUITAINE,2020-12-25 20:00:00,2020,360,20:00:00,360.83,134.0,6728.0,416.0,0.0,965.0,184.0,0.0,-2099.0,0.0,0.0,576.0,576.0,6630.0,5603.0,1196.0,2825.0,1783.0,1783.0,347.0,347.0,6033952
NORMANDIE,2015-06-20 17:30:00,2015,171,17:30:00,171.73,235.0,4632.0,37.0,39.0,12.0,48.0,0.0,-2668.0,0.0,0.0,761.0,181.0,10640.0,9310.0,522.0,215.0,24.0,24.0,94.0,94.0,3339131
PROVENCE ALPES COTE D AZUR,2021-10-10 13:00:00,2021,283,13:00:00,283.54,25.0,0.0,14.0,947.0,233.0,66.0,-51.0,2935.0,0.0,0.0,2715.0,2452.0,0.0,0.0,96.0,1666.0,3266.0,3222.0,357.0,357.0,5127840
NOUVELLE AQUITAINE,2020-09-07 21:00:00,2020,251,21:00:00,251.88,46.0,3214.0,127.0,0.0,323.0,166.0,0.0,367.0,0.0,0.0,571.0,571.0,6630.0,5348.0,1166.0,2728.0,1783.0,1672.0,341.0,341.0,6033952
GRAND EST,2022-03-01 08:00:00,2022,60,08:00:00,60.33,2617.0,6465.0,360.0,52.0,987.0,157.0,0.0,-3591.0,0.0,0.0,3590.0,3590.0,10820.0,9823.0,4206.0,998.0,2306.0,2104.0,212.0,212.0,5563889
BRETAGNE,2016-05-04 03:00:00,2016,125,03:00:00,125.12,0.0,0.0,145.0,0.0,6.0,35.0,0.0,1914.0,0.0,0.0,771.0,686.0,0.0,0.0,853.0,226.0,275.0,275.0,56.0,56.0,3306529
GRAND EST,2020-01-16 19:00:00,2020,16,19:00:00,16.79,1798.0,10787.0,2266.0,0.0,927.0,120.0,0.0,-9263.0,0.0,0.0,3534.0,3534.0,10820.0,10248.0,3575.0,608.0,2303.0,2089.0,179.0,179.0,5562651
PAYS DE LA LOIRE,2019-10-16 13:00:00,2019,289,13:00:00,289.54,196.0,0.0,776.0,41.0,1.0,55.0,0.0,2410.0,0.0,0.0,2037.0,2037.0,0.0,0.0,926.0,600.0,10.0,10.0,75.0,75.0,3806461
GRAND EST,2019-03-07 16:30:00,2019,66,16:30:00,66.69,273.0,9722.0,2936.0,185.0,706.0,103.0,0.0,-8061.0,0.0,0.0,3531.0,3118.0,10820.0,9810.0,3355.0,563.0,2302.0,2016.0,166.0,166.0,5556219
CENTRE VAL DE LOIRE,2015-02-07 09:00:00,2015,38,09:00:00,38.38,81.0,11667.0,572.0,11.0,11.0,51.0,0.0,-8900.0,0.0,0.0,166.0,166.0,11630.0,11630.0,818.0,226.0,91.0,91.0,71.0,71.0,2578592
BOURGOGNE FRANCHE COMTE,2015-04-11 20:00:00,2015,101,20:00:00,101.83,27.0,0.0,54.0,1.0,160.0,13.0,0.0,1867.0,0.0,0.0,325.0,80.0,0.0,0.0,344.0,254.0,510.0,510.0,29.0,29.0,2820940
NOUVELLE AQUITAINE,2018-01-29 09:30:00,2018,29,09:30:00,29.4,256.0,6640.0,39.0,73.0,1303.0,164.0,0.0,-1141.0,0.0,0.0,482.0,482.0,6630.0,6630.0,882.0,2246.0,1781.0,1781.0,307.0,307.0,5979778
HAUTS DE FRANCE,2016-10-31 12:00:00,2016,305,12:00:00,305.5,1508.0,2746.0,27.0,91.0,1.0,107.0,0.0,1384.0,0.0,0.0,2882.0,2745.0,5460.0,4738.0,3195.0,214.0,5.0,5.0,164.0,164.0,6006870
AUVERGNE RHONE ALPES,2015-05-17 12:00:00,2015,137,12:00:00,137.5,38.0,8584.0,146.0,374.0,3686.0,85.0,-435.0,-6385.0,0.0,0.0,944.0,944.0,13570.0,12788.0,372.0,875.0,11181.0,10845.0,141.0,141.0,7877698
BRETAGNE,2021-12-22 02:00:00,2021,356,02:00:00,356.08,434.0,0.0,301.0,0.0,223.0,49.0,-1.0,2757.0,0.0,0.0,1428.0,982.0,0.0,0.0,1135.0,353.0,272.0,272.0,82.0,82.0,3394567
AUVERGNE RHONE ALPES,2014-02-10 19:00:00,2014,41,19:00:00,41.79,191.0,12510.0,177.0,0.0,6808.0,104.0,-12.0,-9617.0,0.0,0.0,934.0,934.0,13570.0,13570.0,347.0,788.0,11132.0,11132.0,140.0,140.0,7820966
OCCITANIE,2020-05-26 06:30:00,2020,147,06:30:00,147.27,0.0,2554.0,314.0,3.0,1150.0,83.0,-77.0,-1249.0,0.0,0.0,314.0,314.0,2620.0,1310.0,1579.0,2215.0,5492.0,5315.0,171.0,171.0,5973969
BOURGOGNE FRANCHE COMTE,2014-11-15 12:00:00,2014,319,12:00:00,319.5,117.0,0.0,7.0,30.0,58.0,21.0,0.0,2261.0,0.0,0.0,325.0,80.0,0.0,0.0,316.0,252.0,509.0,509.0,28.0,28.0,2820623
BOURGOGNE FRANCHE COMTE,2021-05-24 09:30:00,2021,144,09:30:00,144.4,23.0,0.0,390.0,77.0,184.0,46.0,0.0,1353.0,0.0,0.0,401.0,401.0,0.0,0.0,955.0,425.0,523.0,523.0,71.0,71.0,2800194
PROVENCE ALPES COTE D AZUR,2013-11-08 10:00:00,2013,312,10:00:00,312.42,920.0,0.0,2.0,67.0,1212.0,44.0,0.0,2434.0,0.0,0.0,2592.0,2318.0,0.0,0.0,45.0,742.0,3160.0,3160.0,151.0,151.0,4953675
NOUVELLE AQUITAINE,2021-12-15 01:30:00,2021,349,01:30:00,349.06,304.0,2742.0,206.0,0.0,631.0,173.0,0.0,2377.0,0.0,0.0,578.0,578.0,6630.0,5135.0,1368.0,3409.0,1784.0,1784.0,356.0,356.0,6069352
ILE DE FRANCE,2019-10-07 23:00:00,2019,280,23:00:00,280.96,108.0,0.0,44.0,0.0,6.0,127.0,0.0,7372.0,0.0,0.0,2170.0,2076.0,0.0,0.0,108.0,143.0,20.0,20.0,314.0,314.0,12262544
NOUVELLE AQUITAINE,2013-11-27 08:30:00,2013,331,08:30:00,331.35,124.0,4249.0,68.0,1.0,775.0,146.0,0.0,2083.0,0.0,0.0,421.0,421.0,6630.0,6630.0,364.0,1013.0,1760.0,1760.0,214.0,214.0,5844177
ILE DE FRANCE,2013-11-26 15:30:00,2013,330,15:30:00,330.65,878.0,0.0,0.0,3.0,0.0,96.0,0.0,10683.0,0.0,0.0,2122.0,2122.0,0.0,0.0,37.0,110.0,19.0,19.0,282.0,282.0,11959807
BRETAGNE,2021-04-22 13:30:00,2021,112,13:30:00,112.56,9.0,0.0,198.0,172.0,5.0,54.0,-1.0,2115.0,0.0,0.0,982.0,982.0,0.0,0.0,1077.0,317.0,272.0,272.0,81.0,81.0,3394567
CENTRE VAL DE LOIRE,2022-10-27 00:30:00,2022,300,00:30:00,300.02,32.0,5508.0,658.0,0.0,1.0,60.0,0.0,-4654.0,0.0,0.0,229.0,229.0,11630.0,10687.0,1551.0,789.0,93.0,93.0,91.0,91.0,2572916
GRAND EST,2022-07-04 06:00:00,2022,185,06:00:00,185.25,844.0,1210.0,215.0,4.0,700.0,150.0,-323.0,775.0,0.0,0.0,3590.0,3163.0,10820.0,9733.0,4290.0,1068.0,2308.0,1954.0,235.0,235.0,5563889
CENTRE VAL DE LOIRE,2016-02-10 12:00:00,2016,41,12:00:00,41.5,80.0,11224.0,534.0,121.0,24.0,46.0,0.0,-9014.0,0.0,0.0,170.0,170.0,11630.0,10725.0,844.0,243.0,91.0,91.0,71.0,71.0,2577866
NORMANDIE,2022-01-18 07:30:00,2022,18,07:30:00,18.31,475.0,9006.0,113.0,0.0,11.0,86.0,0.0,-4978.0,0.0,0.0,852.0,852.0,10640.0,9497.0,920.0,305.0,31.0,31.0,148.0,148.0,3327604
CENTRE VAL DE LOIRE,2021-10-12 22:30:00,2021,285,22:30:00,285.94,14.0,7831.0,251.0,0.0,0.0,60.0,0.0,-6341.0,0.0,0.0,229.0,229.0,11630.0,10732.0,1360.0,605.0,92.0,92.0,90.0,90.0,2573303
OCCITANIE,2019-06-15 07:00:00,2019,166,07:00:00,166.29,0.0,2397.0,188.0,28.0,852.0,83.0,-673.0,-194.0,0.0,0.0,307.0,307.0,2620.0,2620.0,1559.0,2054.0,5489.0,5312.0,146.0,146.0,5933185
ILE DE FRANCE,2021-02-15 04:00:00,2021,46,04:00:00,46.17,381.0,0.0,45.0,0.0,0.0,115.0,0.0,9142.0,0.0,0.0,2171.0,2171.0,0.0,0.0,125.0,171.0,20.0,20.0,314.0,314.0,12317279
PROVENCE ALPES COTE D AZUR,2017-05-09 10:30:00,2017,129,10:30:00,129.44,637.0,0.0,23.0,587.0,2041.0,107.0,0.0,1000.0,0.0,0.0,2630.0,2229.0,0.0,0.0,48.0,1081.0,3193.0,3071.0,354.0,354.0,5030890
NORMANDIE,2017-04-17 02:30:00,2017,107,02:30:00,107.1,269.0,6180.0,155.0,0.0,17.0,49.0,0.0,-3914.0,0.0,0.0,785.0,205.0,10640.0,9479.0,622.0,221.0,31.0,31.0,97.0,97.0,3330478
GRAND EST,2022-08-26 20:00:00,2022,238,20:00:00,238.83,1262.0,3700.0,387.0,20.0,1115.0,146.0,0.0,-2107.0,0.0,0.0,3590.0,3163.0,10820.0,9786.0,4290.0,1082.0,2308.0,1954.0,235.0,235.0,5563889
AUVERGNE RHONE ALPES,2018-05-31 05:30:00,2018,151,05:30:00,151.23,19.0,9192.0,22.0,0.0,4028.0,125.0,-1383.0,-6106.0,0.0,0.0,1000.0,1000.0,13570.0,12564.0,578.0,1051.0,11259.0,11084.0,179.0,179.0,7994459
CENTRE VAL DE LOIRE,2022-02-02 23:00:00,2022,33,23:00:00,33.96,90.0,10384.0,17.0,0.0,3.0,55.0,0.0,-8094.0,0.0,0.0,229.0,229.0,11630.0,10867.0,1381.0,698.0,92.0,92.0,90.0,90.0,2572916
NOUVELLE AQUITAINE,2022-01-30 23:00:00,2022,30,23:00:00,30.96,243.0,3632.0,102.0,1.0,243.0,194.0,0.0,2193.0,0.0,0.0,578.0,578.0,6630.0,5135.0,1397.0,3475.0,1784.0,1666.0,356.0,356.0,6098051
OCCITANIE,2023-01-06 01:30:00,2023,6,01:30:00,6.06,85.0,1282.0,90.0,0.0,409.0,84.0,-685.0,3086.0,0.0,0.0,326.0,326.0,2620.0,1310.0,1667.0,3139.0,5505.0,5505.0,175.0,175.0,6101005
GRAND EST,2014-01-27 04:00:00,2014,27,04:00:00,27.17,197.0,10714.0,1408.0,0.0,645.0,81.0,-521.0,-7245.0,0.0,0.0,3398.0,3283.0,10820.0,10820.0,1999.0,508.0,2283.0,2283.0,94.0,94.0,5554645
PROVENCE ALPES COTE D AZUR,2015-04-03 15:00:00,2015,93,15:00:00,93.62,213.0,0.0,17.0,467.0,1078.0,69.0,-2.0,2954.0,0.0,0.0,2605.0,2198.0,0.0,0.0,45.0,907.0,3168.0,3168.0,183.0,183.0,5007977
GRAND EST,2015-03-14 21:30:00,2015,73,21:30:00,73.9,771.0,7420.0,587.0,0.0,1468.0,68.0,0.0,-4917.0,0.0,0.0,3420.0,3160.0,10820.0,9572.0,2352.0,523.0,2284.0,2284.0,108.0,108.0,5559051
GRAND EST,2013-11-11 00:00:00,2013,315,00:00:00,315.0,228.0,8822.0,291.0,0.0,1117.0,61.0,0.0,-5426.0,0.0,0.0,3398.0,3223.0,10820.0,10820.0,1943.0,506.0,2281.0,2281.0,93.0,93.0,5552388
PAYS DE LA LOIRE,2016-11-13 19:30:00,2016,318,19:30:00,318.81,483.0,0.0,194.0,0.0,1.0,41.0,0.0,2547.0,0.0,0.0,1896.0,1378.0,0.0,0.0,687.0,489.0,8.0,8.0,63.0,63.0,3737632
BOURGOGNE FRANCHE COMTE,2021-10-14 04:00:00,2021,287,04:00:00,287.17,65.0,0.0,247.0,0.0,19.0,50.0,-4.0,1856.0,0.0,0.0,401.0,401.0,0.0,0.0,981.0,471.0,524.0,524.0,72.0,72.0,2800194
AUVERGNE RHONE ALPES,2014-09-03 16:30:00,2014,246,16:30:00,246.69,50.0,9785.0,22.0,301.0,2190.0,78.0,-754.0,-4500.0,0.0,0.0,938.0,938.0,13570.0,12655.0,347.0,821.0,11153.0,11001.0,140.0,140.0,7820966
NORMANDIE,2017-01-20 23:00:00,2017,20,23:00:00,20.96,953.0,9004.0,63.0,0.0,17.0,48.0,0.0,-4822.0,0.0,0.0,785.0,785.0,10640.0,9868.0,622.0,220.0,31.0,31.0,97.0,97.0,3330478
PAYS DE LA LOIRE,2019-11-29 11:30:00,2019,333,11:30:00,333.48,573.0,0.0,43.0,203.0,2.0,53.0,0.0,3111.0,0.0,0.0,2050.0,1857.0,0.0,0.0,942.0,612.0,10.0,10.0,76.0,76.0,3806461
HAUTS DE FRANCE,2013-09-28 16:30:00,2013,271,16:30:00,271.69,306.0,3513.0,245.0,31.0,0.0,70.0,0.0,551.0,0.0,0.0,2268.0,2268.0,5460.0,4550.0,2205.0,210.0,5.0,5.0,139.0,139.0,5987883
ILE DE FRANCE,2017-11-21 00:00:00,2017,325,00:00:00,325.0,667.0,0.0,22.0,0.0,8.0,149.0,0.0,8580.0,0.0,0.0,2151.0,2013.0,0.0,0.0,88.0,119.0,19.0,19.0,306.0,306.0,12174880
BOURGOGNE FRANCHE COMTE,2014-10-27 17:30:00,2014,300,17:30:00,300.73,23.0,0.0,20.0,0.0,42.0,17.0,0.0,2505.0,0.0,0.0,313.0,68.0,0.0,0.0,316.0,252.0,509.0,509.0,28.0,28.0,2820623
BRETAGNE,2018-05-01 13:00:00,2018,121,13:00:00,121.54,1.0,0.0,184.0,108.0,185.0,46.0,-1.0,1821.0,0.0,0.0,904.0,770.0,0.0,0.0,951.0,252.0,270.0,270.0,68.0,68.0,3335414
HAUTS DE FRANCE,2020-06-16 22:00:00,2020,168,22:00:00,168.92,892.0,2626.0,232.0,0.0,2.0,124.0,0.0,675.0,0.0,0.0,2970.0,2655.0,5460.0,4629.0,5075.0,243.0,5.0,5.0,181.0,181.0,5997734
PROVENCE ALPES COTE D AZUR,2021-10-05 12:00:00,2021,278,12:00:00,278.5,234.0,0.0,4.0,611.0,850.0,63.0,0.0,2621.0,0.0,0.0,2715.0,2452.0,0.0,0.0,96.0,1663.0,3266.0,3222.0,357.0,357.0,5127840
AUVERGNE RHONE ALPES,2019-11-22 11:30:00,2019,326,11:30:00,326.48,663.0,7972.0,349.0,365.0,4547.0,120.0,-6.0,-4811.0,0.0,0.0,1032.0,1032.0,13570.0,12629.0,635.0,1220.0,11647.0,11485.0,191.0,191.0,8042936
PAYS DE LA LOIRE,2020-10-16 00:30:00,2020,290,00:30:00,290.02,344.0,0.0,196.0,0.0,0.0,49.0,0.0,2722.0,0.0,0.0,2054.0,2036.0,0.0,0.0,1035.0,664.0,10.0,10.0,77.0,77.0,3832120
BRETAGNE,2021-12-17 14:30:00,2021,351,14:30:00,351.6,341.0,0.0,398.0,98.0,56.0,48.0,-1.0,2232.0,0.0,0.0,1428.0,982.0,0.0,0.0,1135.0,353.0,272.0,272.0,82.0,82.0,3394567
HAUTS DE FRANCE,2021-12-13 17:00:00,2021,347,17:00:00,347.71,2093.0,3685.0,364.0,0.0,2.0,101.0,0.0,606.0,0.0,0.0,2990.0,2990.0,5460.0,4550.0,5629.0,436.0,5.0,5.0,190.0,190.0,5995292
NORMANDIE,2017-03-18 17:30:00,2017,77,17:30:00,77.73,399.0,5585.0,558.0,3.0,15.0,50.0,0.0,-3513.0,0.0,0.0,785.0,785.0,10640.0,9310.0,622.0,220.0,31.0,31.0,97.0,97.0,3330478
PROVENCE ALPES COTE D AZUR,2019-09-14 11:00:00,2019,257,11:00:00,257.46,1133.0,0.0,0.0,633.0,244.0,100.0,0.0,2006.0,0.0,0.0,2674.0,2275.0,0.0,0.0,48.0,1390.0,3242.0,3118.0,357.0,207.0,5081101
NORMANDIE,2016-03-16 10:00:00,2016,76,10:00:00,76.42,1011.0,7696.0,105.0,42.0,19.0,51.0,0.0,-4842.0,0.0,0.0,773.0,773.0,10640.0,9596.0,553.0,217.0,31.0,31.0,95.0,95.0,3335929
GRAND EST,2020-07-16 04:30:00,2020,198,04:30:00,198.19,434.0,5693.0,216.0,0.0,798.0,117.0,0.0,-3718.0,0.0,0.0,3535.0,3105.0,10820.0,9652.0,3679.0,628.0,2304.0,1882.0,184.0,184.0,5562651
AUVERGNE RHONE ALPES,2022-11-07 07:30:00,2022,311,07:30:00,311.31,523.0,6562.0,81.0,0.0,4288.0,112.0,-14.0,-4100.0,0.0,0.0,1050.0,1050.0,13570.0,12684.0,723.0,1820.0,11790.0,11692.0,208.0,208.0,8155762
HAUTS DE FRANCE,2020-02-27 15:00:00,2020,58,15:00:00,58.62,1898.0,3619.0,3745.0,17.0,2.0,115.0,0.0,-1770.0,0.0,0.0,2970.0,2785.0,5460.0,4550.0,5025.0,241.0,5.0,5.0,180.0,180.0,5997734
NOUVELLE AQUITAINE,2015-08-02 09:00:00,2015,214,09:00:00,214.38,17.0,1890.0,71.0,330.0,112.0,156.0,0.0,778.0,0.0,0.0,427.0,427.0,6630.0,5720.0,516.0,1525.0,1775.0,1661.0,239.0,239.0,5911482
ILE DE FRANCE,2021-12-02 20:30:00,2021,336,20:30:00,336.85,529.0,0.0,38.0,0.0,5.0,126.0,0.0,11327.0,0.0,0.0,2171.0,2171.0,0.0,0.0,148.0,194.0,20.0,20.0,314.0,314.0,12317279
NORMANDIE,2013-11-28 09:00:00,2013,332,09:00:00,332.38,1133.0,9315.0,14.0,0.0,15.0,54.0,0.0,-5612.0,0.0,0.0,761.0,761.0,10640.0,10640.0,444.0,210.0,24.0,24.0,89.0,89.0,3328364
ILE DE FRANCE,2016-08-27 19:00:00,2016,240,19:00:00,240.79,-4.0,0.0,3.0,12.0,6.0,101.0,0.0,6845.0,0.0,0.0,2149.0,1647.0,0.0,0.0,61.0,115.0,19.0,19.0,300.0,300.0,12117132
OCCITANIE,2019-05-14 05:30:00,2019,134,05:30:00,134.23,0.0,1238.0,215.0,1.0,922.0,82.0,-653.0,1308.0,0.0,0.0,307.0,307.0,2620.0,1310.0,1559.0,2031.0,5489.0,5321.0,146.0,146.0,5933185
AUVERGNE RHONE ALPES,2021-07-26 10:00:00,2021,207,10:00:00,207.42,47.0,7944.0,69.0,456.0,3701.0,125.0,-22.0,-5425.0,0.0,0.0,1047.0,1047.0,13570.0,13570.0,723.0,1505.0,11771.0,11624.0,208.0,208.0,8114361
CENTRE VAL DE LOIRE,2013-01-15 00:30:00,2013,15,00:30:00,15.02,98.0,10462.0,523.0,0.0,14.0,23.0,0.0,-8049.0,0.0,0.0,157.0,157.0,11630.0,11630.0,662.0,208.0,91.0,91.0,41.0,41.0,2570548
PROVENCE ALPES COTE D AZUR,2013-06-07 06:30:00,2013,158,06:30:00,158.27,165.0,0.0,0.0,5.0,2210.0,29.0,0.0,1141.0,0.0,0.0,2590.0,2528.0,0.0,0.0,45.0,695.0,3158.0,3158.0,151.0,151.0,4953675
HAUTS DE FRANCE,2022-11-07 06:30:00,2022,311,06:30:00,311.27,1179.0,3596.0,3737.0,0.0,0.0,107.0,0.0,-3277.0,0.0,0.0,3003.0,2854.0,5460.0,4551.0,5980.0,461.0,6.0,6.0,198.0,198.0,5990765
BRETAGNE,2016-11-14 00:00:00,2016,319,00:00:00,319.0,107.0,0.0,82.0,0.0,196.0,41.0,-1.0,2524.0,0.0,0.0,820.0,820.0,0.0,0.0,877.0,231.0,275.0,275.0,57.0,57.0,3306529
CENTRE VAL DE LOIRE,2013-02-06 17:00:00,2013,37,17:00:00,37.71,86.0,10653.0,585.0,15.0,64.0,21.0,0.0,-8363.0,0.0,0.0,157.0,157.0,11630.0,11630.0,662.0,208.0,91.0,91.0,41.0,41.0,2570548
BRETAGNE,2017-05-08 21:00:00,2017,128,21:00:00,128.88,1.0,0.0,216.0,4.0,2.0,38.0,-1.0,1506.0,0.0,0.0,848.0,763.0,0.0,0.0,898.0,235.0,275.0,275.0,66.0,66.0,3318904
BOURGOGNE FRANCHE COMTE,2015-09-02 05:30:00,2015,245,05:30:00,245.23,21.0,0.0,11.0,0.0,10.0,19.0,0.0,1813.0,0.0,0.0,325.0,80.0,0.0,0.0,376.0,262.0,513.0,513.0,29.0,29.0,2820940
NORMANDIE,2017-07-14 05:30:00,2017,195,05:30:00,195.23,612.0,5147.0,114.0,0.0,10.0,55.0,0.0,-3846.0,0.0,0.0,785.0,785.0,10640.0,9567.0,622.0,222.0,31.0,31.0,99.0,99.0,3330478
ILE DE FRANCE,2017-11-16 13:00:00,2017,320,13:00:00,320.54,670.0,0.0,0.0,21.0,7.0,144.0,0.0,9562.0,0.0,0.0,2151.0,1990.0,0.0,0.0,88.0,119.0,19.0,19.0,302.0,302.0,12174880
ILE DE FRANCE,2013-09-01 22:30:00,2013,244,22:30:00,244.94,0.0,0.0,0.0,0.0,6.0,96.0,0.0,6371.0,0.0,0.0,2121.0,1704.0,0.0,0.0,37.0,109.0,19.0,19.0,282.0,282.0,11959807
OCCITANIE,2015-08-31 01:00:00,2015,243,01:00:00,243.04,-5.0,1032.0,463.0,0.0,430.0,89.0,-619.0,1733.0,0.0,0.0,266.0,0.0,2620.0,1310.0,1039.0,1436.0,5455.0,5228.0,137.0,137.0,5774185
BRETAGNE,2017-11-03 12:00:00,2017,307,12:00:00,307.5,127.0,0.0,59.0,60.0,214.0,41.0,-1.0,2439.0,0.0,0.0,877.0,877.0,0.0,0.0,934.0,246.0,270.0,270.0,67.0,67.0,3318904
CENTRE VAL DE LOIRE,2021-03-31 00:00:00,2021,90,00:00:00,90.0,87.0,8450.0,1.0,0.0,3.0,69.0,0.0,-6789.0,0.0,0.0,229.0,229.0,11630.0,11630.0,1288.0,486.0,92.0,92.0,89.0,89.0,2573303
BOURGOGNE FRANCHE COMTE,2014-01-25 09:30:00,2014,25,09:30:00,25.4,114.0,0.0,14.0,7.0,182.0,20.0,0.0,2822.0,0.0,0.0,313.0,68.0,0.0,0.0,230.0,242.0,507.0,507.0,25.0,25.0,2820623
BOURGOGNE FRANCHE COMTE,2019-02-01 15:00:00,2019,32,15:00:00,32.62,174.0,0.0,59.0,19.0,206.0,31.0,0.0,2872.0,0.0,0.0,401.0,401.0,0.0,0.0,800.0,330.0,520.0,520.0,65.0,65.0,2805580
BOURGOGNE FRANCHE COMTE,2018-01-28 09:30:00,2018,28,09:30:00,28.4,157.0,0.0,192.0,7.0,233.0,27.0,0.0,1964.0,0.0,0.0,386.0,386.0,0.0,0.0,676.0,305.0,520.0,366.0,35.0,35.0,2807807
AUVERGNE RHONE ALPES,2017-12-19 00:30:00,2017,353,00:30:00,353.02,219.0,8599.0,142.0,0.0,2549.0,136.0,-8.0,-1775.0,0.0,0.0,1000.0,1000.0,13570.0,12698.0,548.0,998.0,11253.0,11051.0,179.0,179.0,7948287
CENTRE VAL DE LOIRE,2018-05-04 08:00:00,2018,124,08:00:00,124.33,0.0,9635.0,327.0,24.0,14.0,61.0,0.0,-7947.0,0.0,0.0,216.0,216.0,11630.0,10732.0,1014.0,287.0,91.0,91.0,76.0,76.0,2572853
OCCITANIE,2023-01-14 12:00:00,2023,14,12:00:00,14.5,84.0,1284.0,28.0,958.0,648.0,83.0,0.0,1946.0,0.0,0.0,326.0,326.0,2620.0,1310.0,1667.0,3139.0,5505.0,5505.0,175.0,175.0,6101005
BOURGOGNE FRANCHE COMTE,2021-02-04 10:30:00,2021,35,10:30:00,35.44,152.0,0.0,155.0,44.0,239.0,48.0,0.0,2489.0,0.0,0.0,401.0,401.0,0.0,0.0,928.0,403.0,523.0,523.0,71.0,71.0,2800194
AUVERGNE RHONE ALPES,2019-09-23 20:00:00,2019,266,20:00:00,266.83,394.0,10168.0,44.0,1.0,3043.0,110.0,-19.0,-6653.0,0.0,0.0,1027.0,1027.0,13570.0,12550.0,635.0,1193.0,11632.0,11419.0,190.0,190.0,8042936
NORMANDIE,2021-09-16 07:30:00,2021,259,07:30:00,259.31,169.0,8847.0,5.0,0.0,9.0,68.0,0.0,-6372.0,0.0,0.0,852.0,852.0,10640.0,9553.0,878.0,298.0,31.0,31.0,147.0,147.0,3327966
GRAND EST,2015-05-24 12:00:00,2015,144,12:00:00,144.5,43.0,7483.0,50.0,283.0,1191.0,66.0,0.0,-5027.0,0.0,0.0,3420.0,3132.0,10820.0,9785.0,2386.0,524.0,2284.0,2284.0,115.0,115.0,5559051
PROVENCE ALPES COTE D AZUR,2017-12-10 01:00:00,2017,344,01:00:00,344.04,1762.0,0.0,1.0,0.0,781.0,115.0,0.0,3570.0,0.0,0.0,2651.0,2345.0,0.0,0.0,48.0,1185.0,3227.0,3227.0,357.0,357.0,5030890
AUVERGNE RHONE ALPES,2013-07-05 21:00:00,2013,186,21:00:00,186.88,39.0,8344.0,88.0,6.0,4371.0,72.0,-681.0,-5861.0,0.0,0.0,919.0,919.0,13570.0,13570.0,335.0,721.0,11116.0,11116.0,106.0,106.0,7757595
OCCITANIE,2017-01-30 15:30:00,2017,30,15:30:00,30.65,67.0,2508.0,57.0,198.0,1554.0,96.0,0.0,1346.0,0.0,0.0,282.0,282.0,2620.0,1937.0,1194.0,1692.0,5473.0,5246.0,140.0,140.0,5845102
ILE DE FRANCE,2017-04-22 13:30:00,2017,112,13:30:00,112.56,-1.0,0.0,2.0,30.0,10.0,138.0,0.0,7883.0,0.0,0.0,2149.0,1823.0,0.0,0.0,73.0,116.0,19.0,19.0,301.0,301.0,12174880
ILE DE FRANCE,2013-02-01 06:30:00,2013,32,06:30:00,32.27,703.0,0.0,14.0,0.0,0.0,138.0,0.0,8205.0,0.0,0.0,2121.0,1536.0,0.0,0.0,37.0,108.0,19.0,19.0,262.0,262.0,11959807
GRAND EST,2021-09-27 09:00:00,2021,270,09:00:00,270.38,1276.0,6372.0,857.0,84.0,1120.0,136.0,0.0,-4927.0,0.0,0.0,3585.0,3585.0,10820.0,10264.0,3939.0,941.0,2305.0,2103.0,209.0,209.0,5561287
HAUTS DE FRANCE,2022-01-10 21:00:00,2022,10,21:00:00,10.88,2153.0,2717.0,698.0,0.0,1.0,130.0,0.0,1600.0,0.0,0.0,2990.0,2990.0,5460.0,4550.0,5641.0,437.0,5.0,5.0,190.0,190.0,5990765
CENTRE VAL DE LOIRE,2022-05-29 19:30:00,2022,149,19:30:00,149.81,10.0,5103.0,177.0,111.0,1.0,63.0,0.0,-3973.0,0.0,0.0,229.0,229.0,11630.0,10731.0,1455.0,734.0,92.0,92.0,90.0,90.0,2572916
BRETAGNE,2014-04-24 17:30:00,2014,114,17:30:00,114.73,0.0,0.0,47.0,40.0,8.0,23.0,-35.0,2322.0,0.0,0.0,688.0,688.0,0.0,0.0,747.0,211.0,251.0,251.0,51.0,51.0,3276543
PAYS DE LA LOIRE,2015-05-22 07:30:00,2015,142,07:30:00,142.31,0.0,0.0,31.0,17.0,2.0,30.0,0.0,3012.0,0.0,0.0,1867.0,1274.0,0.0,0.0,560.0,451.0,7.0,7.0,61.0,61.0,3718512
HAUTS DE FRANCE,2020-04-21 06:30:00,2020,112,06:30:00,112.27,247.0,4495.0,2234.0,0.0,2.0,134.0,0.0,-2809.0,0.0,0.0,2970.0,2562.0,5460.0,4550.0,5048.0,242.0,5.0,5.0,181.0,181.0,5997734
NOUVELLE AQUITAINE,2020-08-16 22:30:00,2020,229,22:30:00,229.94,10.0,2932.0,194.0,0.0,133.0,178.0,0.0,526.0,0.0,0.0,571.0,571.0,6630.0,5404.0,1166.0,2720.0,1783.0,1672.0,341.0,341.0,6033952
ILE DE FRANCE,2018-04-08 00:00:00,2018,98,00:00:00,98.0,0.0,0.0,10.0,0.0,0.0,150.0,0.0,7165.0,0.0,0.0,2157.0,2157.0,0.0,0.0,88.0,122.0,20.0,20.0,306.0,306.0,12213447
NOUVELLE AQUITAINE,2022-11-29 23:00:00,2022,333,23:00:00,333.96,245.0,2797.0,28.0,0.0,384.0,152.0,0.0,1822.0,0.0,0.0,581.0,581.0,6630.0,5658.0,1602.0,3862.0,1786.0,1786.0,356.0,356.0,6098051
PAYS DE LA LOIRE,2014-02-25 19:00:00,2014,56,19:00:00,56.79,188.0,0.0,164.0,0.0,4.0,37.0,0.0,4012.0,0.0,0.0,1864.0,1864.0,0.0,0.0,518.0,404.0,6.0,6.0,58.0,58.0,3690833
HAUTS DE FRANCE,2015-12-27 18:00:00,2015,361,18:00:00,361.75,502.0,5352.0,612.0,0.0,3.0,132.0,0.0,-1051.0,0.0,0.0,2301.0,1970.0,5460.0,5460.0,2878.0,213.0,5.0,5.0,160.0,160.0,6009976
CENTRE VAL DE LOIRE,2019-10-11 05:30:00,2019,284,05:30:00,284.23,26.0,6560.0,321.0,0.0,0.0,59.0,0.0,-5414.0,0.0,0.0,229.0,229.0,11630.0,10626.0,1195.0,338.0,91.0,91.0,86.0,86.0,2573180
CENTRE VAL DE LOIRE,2016-02-20 13:30:00,2016,51,13:30:00,51.56,80.0,11314.0,706.0,26.0,38.0,45.0,0.0,-9548.0,0.0,0.0,170.0,170.0,11630.0,11080.0,844.0,244.0,91.0,91.0,71.0,71.0,2577866
PROVENCE ALPES COTE D AZUR,2014-11-14 19:00:00,2014,318,19:00:00,318.79,1230.0,0.0,36.0,0.0,1571.0,68.0,0.0,2833.0,0.0,0.0,2595.0,2321.0,0.0,0.0,45.0,878.0,3168.0,3168.0,170.0,170.0,4983438
PAYS DE LA LOIRE,2022-11-26 05:00:00,2022,330,05:00:00,330.21,385.0,0.0,191.0,0.0,5.0,59.0,0.0,1988.0,0.0,0.0,2068.0,1782.0,0.0,0.0,1696.0,935.0,10.0,10.0,80.0,80.0,3878839
PAYS DE LA LOIRE,2020-04-13 21:00:00,2020,104,21:00:00,104.88,8.0,0.0,684.0,0.0,4.0,54.0,0.0,1279.0,0.0,0.0,2050.0,1832.0,0.0,0.0,989.0,635.0,10.0,10.0,76.0,76.0,3832120
NOUVELLE AQUITAINE,2014-12-17 16:30:00,2014,351,16:30:00,351.69,126.0,5753.0,339.0,20.0,748.0,154.0,0.0,-1043.0,0.0,0.0,427.0,427.0,6630.0,5720.0,469.0,1342.0,1774.0,1774.0,229.0,229.0,5879144
PROVENCE ALPES COTE D AZUR,2015-01-07 19:30:00,2015,7,19:30:00,7.81,2191.0,0.0,7.0,0.0,1980.0,56.0,0.0,2827.0,0.0,0.0,2600.0,2355.0,0.0,0.0,45.0,880.0,3168.0,3168.0,183.0,183.0,5007977
NOUVELLE AQUITAINE,2016-10-29 09:30:00,2016,303,09:30:00,303.4,80.0,5142.0,139.0,144.0,156.0,137.0,0.0,-551.0,0.0,0.0,429.0,429.0,6630.0,5135.0,660.0,1913.0,1779.0,1779.0,280.0,280.0,5935603
ILE DE FRANCE,2016-08-19 15:30:00,2016,232,15:30:00,232.65,-3.0,0.0,6.0,16.0,5.0,112.0,0.0,6479.0,0.0,0.0,2149.0,1647.0,0.0,0.0,61.0,115.0,19.0,19.0,300.0,300.0,12117132
BRETAGNE,2016-09-25 19:30:00,2016,269,19:30:00,269.81,1.0,0.0,75.0,4.0,55.0,35.0,-1.0,1574.0,0.0,0.0,773.0,688.0,0.0,0.0,877.0,230.0,275.0,275.0,57.0,57.0,3306529
PROVENCE ALPES COTE D AZUR,2022-09-24 19:00:00,2022,267,19:00:00,267.79,925.0,0.0,1.0,47.0,466.0,225.0,0.0,2285.0,0.0,0.0,2724.0,2360.0,0.0,0.0,96.0,1872.0,3267.0,3236.0,357.0,357.0,5150362
OCCITANIE,2020-11-02 09:30:00,2020,307,09:30:00,307.4,55.0,1271.0,48.0,305.0,973.0,75.0,-3.0,1631.0,0.0,0.0,318.0,318.0,2620.0,1310.0,1593.0,2316.0,5498.0,5268.0,172.0,172.0,5973969
AUVERGNE RHONE ALPES,2014-10-15 20:00:00,2014,288,20:00:00,288.83,64.0,10581.0,63.0,0.0,4912.0,73.0,-6.0,-8025.0,0.0,0.0,938.0,938.0,13570.0,12655.0,347.0,834.0,11153.0,11001.0,141.0,141.0,7820966
AUVERGNE RHONE ALPES,2017-12-15 02:00:00,2017,349,02:00:00,349.08,209.0,8421.0,233.0,0.0,2733.0,135.0,-1711.0,-1202.0,0.0,0.0,1000.0,1000.0,13570.0,12698.0,548.0,997.0,11253.0,11042.0,179.0,179.0,7948287
CENTRE VAL DE LOIRE,2021-03-19 02:00:00,2021,78,02:00:00,78.08,86.0,8713.0,336.0,0.0,9.0,56.0,0.0,-6813.0,0.0,0.0,229.0,229.0,11630.0,11630.0,1288.0,485.0,92.0,92.0,88.0,88.0,2573303
ILE DE FRANCE,2016-05-25 07:00:00,2016,146,07:00:00,146.29,-4.0,0.0,10.0,2.0,4.0,129.0,0.0,6954.0,0.0,0.0,2149.0,1734.0,0.0,0.0,61.0,114.0,19.0,19.0,300.0,300.0,12117132
GRAND EST,2018-03-02 05:00:00,2018,61,05:00:00,61.21,1044.0,10110.0,2105.0,0.0,823.0,102.0,-526.0,-6987.0,0.0,0.0,3471.0,3471.0,10820.0,9793.0,3053.0,552.0,2300.0,2072.0,146.0,146.0,5550389
PAYS DE LA LOIRE,2021-12-10 10:00:00,2021,344,10:00:00,344.42,1668.0,0.0,695.0,49.0,2.0,49.0,0.0,2280.0,0.0,0.0,2065.0,2065.0,0.0,0.0,1133.0,790.0,10.0,10.0,79.0,79.0,3853999
BRETAGNE,2021-09-29 13:30:00,2021,272,13:30:00,272.56,14.0,0.0,233.0,157.0,0.0,54.0,-28.0,1965.0,0.0,0.0,1428.0,1428.0,0.0,0.0,1106.0,346.0,272.0,272.0,82.0,82.0,3394567
BOURGOGNE FRANCHE COMTE,2016-06-15 09:30:00,2016,167,09:30:00,167.4,28.0,0.0,184.0,33.0,261.0,18.0,0.0,2028.0,0.0,0.0,329.0,329.0,0.0,0.0,426.0,264.0,513.0,373.0,30.0,30.0,2818338
BOURGOGNE FRANCHE COMTE,2014-11-06 05:00:00,2014,310,05:00:00,310.21,111.0,0.0,5.0,0.0,65.0,22.0,0.0,2152.0,0.0,0.0,325.0,80.0,0.0,0.0,316.0,252.0,509.0,509.0,28.0,28.0,2820623
GRAND EST,2017-10-29 00:00:00,2017,302,00:00:00,302.0,2072.0,7308.0,1915.0,0.0,782.0,96.0,0.0,-7223.0,0.0,0.0,3464.0,2869.0,10820.0,9541.0,3040.0,549.0,2299.0,2004.0,141.0,141.0,5549586
GRAND EST,2019-10-27 21:00:00,2019,300,21:00:00,300.88,1607.0,9625.0,391.0,0.0,901.0,118.0,0.0,-8105.0,0.0,0.0,3531.0,3531.0,10820.0,9688.0,3477.0,604.0,2303.0,2090.0,174.0,174.0,5556219
CENTRE VAL DE LOIRE,2015-11-12 15:30:00,2015,316,15:30:00,316.65,73.0,7777.0,21.0,42.0,0.0,62.0,0.0,-5981.0,0.0,0.0,168.0,168.0,11630.0,10766.0,842.0,241.0,91.0,91.0,71.0,71.0,2578592
BOURGOGNE FRANCHE COMTE,2021-11-07 21:30:00,2021,311,21:30:00,311.9,132.0,0.0,39.0,0.0,60.0,52.0,0.0,2291.0,0.0,0.0,401.0,401.0,0.0,0.0,992.0,480.0,524.0,524.0,72.0,72.0,2800194
ILE DE FRANCE,2020-08-13 22:30:00,2020,226,22:30:00,226.94,0.0,0.0,41.0,0.0,5.0,159.0,0.0,5720.0,0.0,0.0,2170.0,2057.0,0.0,0.0,108.0,168.0,20.0,20.0,314.0,314.0,12271794
PAYS DE LA LOIRE,2020-07-18 13:30:00,2020,200,13:30:00,200.56,374.0,0.0,2.0,397.0,0.0,57.0,0.0,1605.0,0.0,0.0,2050.0,1905.0,0.0,0.0,1000.0,644.0,10.0,10.0,77.0,77.0,3832120
GRAND EST,2021-09-01 03:30:00,2021,244,03:30:00,244.15,266.0,7791.0,1192.0,1.0,1102.0,155.0,-167.0,-6180.0,0.0,0.0,3585.0,3585.0,10820.0,10239.0,3939.0,928.0,2305.0,2103.0,209.0,209.0,5561287
GRAND EST,2021-05-27 01:00:00,2021,147,01:00:00,147.04,97.0,6393.0,527.0,0.0,1278.0,141.0,-6.0,-3648.0,0.0,0.0,3585.0,3172.0,10820.0,9940.0,3913.0,889.0,2305.0,2103.0,207.0,207.0,5561287
OCCITANIE,2023-01-21 00:00:00,2023,21,00:00:00,21.0,116.0,1266.0,531.0,0.0,1345.0,81.0,-667.0,3400.0,0.0,0.0,326.0,326.0,2620.0,1310.0,1667.0,3139.0,5505.0,5278.0,175.0,175.0,6101005
AUVERGNE RHONE ALPES,2021-08-29 21:00:00,2021,241,21:00:00,241.88,5.0,9027.0,197.0,0.0,3966.0,118.0,-14.0,-7489.0,0.0,0.0,1047.0,1047.0,13570.0,12690.0,723.0,1515.0,11771.0,11632.0,208.0,208.0,8114361
BOURGOGNE FRANCHE COMTE,2017-05-03 04:00:00,2017,123,04:00:00,123.17,52.0,0.0,26.0,0.0,41.0,18.0,-3.0,2144.0,0.0,0.0,331.0,331.0,0.0,0.0,605.0,268.0,519.0,519.0,31.0,31.0,2811423
PAYS DE LA LOIRE,2016-05-16 14:30:00,2016,137,14:30:00,137.6,13.0,0.0,32.0,147.0,3.0,38.0,0.0,2002.0,0.0,0.0,1880.0,1337.0,0.0,0.0,649.0,466.0,8.0,8.0,62.0,62.0,3737632
OCCITANIE,2019-08-25 07:30:00,2019,237,07:30:00,237.31,0.0,2207.0,53.0,11.0,326.0,102.0,-207.0,186.0,0.0,0.0,307.0,307.0,2620.0,2620.0,1559.0,2111.0,5489.0,5299.0,146.0,146.0,5933185
ILE DE FRANCE,2021-08-29 01:30:00,2021,241,01:30:00,241.06,0.0,0.0,46.0,0.0,9.0,158.0,0.0,4558.0,0.0,0.0,2171.0,2171.0,0.0,0.0,148.0,175.0,20.0,20.0,314.0,314.0,12317279
OCCITANIE,2018-11-06 23:00:00,2018,310,23:00:00,310.96,68.0,2576.0,311.0,0.0,1118.0,79.0,-208.0,906.0,0.0,0.0,301.0,301.0,2620.0,1310.0,1461.0,1974.0,5485.0,5297.0,146.0,146.0,5885496
OCCITANIE,2019-05-24 14:30:00,2019,144,14:30:00,144.6,0.0,2458.0,354.0,546.0,1197.0,74.0,-67.0,-510.0,0.0,0.0,307.0,307.0,2620.0,2620.0,1559.0,2035.0,5489.0,5312.0,146.0,146.0,5933185
PROVENCE ALPES COTE D AZUR,2015-05-17 08:30:00,2015,137,08:30:00,137.35,188.0,0.0,39.0,170.0,1223.0,74.0,0.0,1755.0,0.0,0.0,2610.0,2241.0,0.0,0.0,45.0,913.0,3168.0,3168.0,183.0,183.0,5007977
AUVERGNE RHONE ALPES,2016-06-03 22:00:00,2016,155,22:00:00,155.92,52.0,8737.0,25.0,0.0,4755.0,100.0,-9.0,-7184.0,0.0,0.0,959.0,959.0,13570.0,12703.0,384.0,917.0,11211.0,11012.0,170.0,170.0,7916889
GRAND EST,2017-03-11 02:00:00,2017,70,02:00:00,70.08,577.0,7422.0,800.0,0.0,1141.0,89.0,-6.0,-4548.0,0.0,0.0,3453.0,2942.0,10820.0,9497.0,2879.0,535.0,2297.0,2095.0,140.0,140.0,5549586
NORMANDIE,2015-06-21 14:00:00,2015,172,14:00:00,172.58,233.0,3282.0,212.0,65.0,15.0,36.0,0.0,-1612.0,0.0,0.0,761.0,181.0,10640.0,9310.0,522.0,215.0,24.0,24.0,94.0,94.0,3339131
BRETAGNE,2017-05-15 01:00:00,2017,135,01:00:00,135.04,1.0,0.0,184.0,0.0,2.0,43.0,0.0,1704.0,0.0,0.0,848.0,763.0,0.0,0.0,898.0,235.0,275.0,275.0,66.0,66.0,3318904
PAYS DE LA LOIRE,2018-06-03 23:00:00,2018,154,23:00:00,154.96,6.0,0.0,105.0,0.0,3.0,50.0,0.0,2571.0,0.0,0.0,1968.0,1625.0,0.0,0.0,804.0,543.0,8.0,8.0,69.0,69.0,3781423
PROVENCE ALPES COTE D AZUR,2020-03-11 21:30:00,2020,71,21:30:00,71.9,519.0,0.0,2.0,0.0,1870.0,114.0,0.0,2132.0,0.0,0.0,2710.0,2382.0,0.0,0.0,48.0,1454.0,3256.0,3256.0,357.0,207.0,5098666
AUVERGNE RHONE ALPES,2013-11-11 00:30:00,2013,315,00:30:00,315.02,181.0,8979.0,222.0,0.0,3788.0,75.0,-27.0,-5996.0,0.0,0.0,926.0,926.0,13570.0,13570.0,335.0,741.0,11125.0,11125.0,125.0,125.0,7757595
BRETAGNE,2017-09-20 00:00:00,2017,263,00:00:00,263.0,1.0,0.0,22.0,0.0,201.0,42.0,-1.0,2327.0,0.0,0.0,848.0,848.0,0.0,0.0,926.0,241.0,270.0,270.0,66.0,66.0,3318904
GRAND EST,2013-02-20 13:00:00,2013,51,13:00:00,51.54,3731.0,8334.0,634.0,137.0,1181.0,59.0,0.0,-6652.0,0.0,0.0,3398.0,3398.0,10820.0,10820.0,1821.0,500.0,2280.0,2280.0,86.0,86.0,5552388
OCCITANIE,2022-11-14 05:30:00,2022,318,05:30:00,318.23,59.0,1266.0,555.0,0.0,234.0,111.0,-815.0,1586.0,0.0,0.0,326.0,326.0,2620.0,1310.0,1621.0,3081.0,5505.0,5367.0,175.0,175.0,6067101
GRAND EST,2013-10-13 20:00:00,2013,286,20:00:00,286.83,100.0,7028.0,784.0,0.0,1174.0,50.0,0.0,-3986.0,0.0,0.0,3398.0,3283.0,10820.0,10820.0,1943.0,506.0,2281.0,2281.0,93.0,93.0,5552388
PROVENCE ALPES COTE D AZUR,2022-02-26 12:00:00,2022,57,12:00:00,57.5,578.0,0.0,6.0,1133.0,529.0,108.0,0.0,2905.0,0.0,0.0,2724.0,2460.0,0.0,0.0,96.0,1780.0,3266.0,3222.0,357.0,357.0,5150362
OCCITANIE,2022-06-25 08:00:00,2022,176,08:00:00,176.33,0.0,1253.0,222.0,351.0,405.0,69.0,-692.0,1124.0,0.0,0.0,326.0,326.0,2620.0,1310.0,1593.0,2958.0,5503.0,5328.0,174.0,174.0,6067101
GRAND EST,2013-03-19 21:30:00,2013,78,21:30:00,78.9,3068.0,8693.0,206.0,0.0,854.0,65.0,0.0,-6325.0,0.0,0.0,3398.0,3398.0,10820.0,10820.0,1831.0,501.0,2280.0,2280.0,86.0,86.0,5552388
PROVENCE ALPES COTE D AZUR,2015-10-07 15:30:00,2015,280,15:30:00,280.65,1347.0,0.0,29.0,535.0,1426.0,48.0,0.0,1014.0,0.0,0.0,2610.0,2175.0,0.0,0.0,48.0,962.0,3171.0,3171.0,183.0,183.0,5007977
NORMANDIE,2016-07-23 06:00:00,2016,205,06:00:00,205.25,188.0,6178.0,36.0,0.0,12.0,52.0,0.0,-4325.0,0.0,0.0,773.0,193.0,10640.0,9424.0,598.0,218.0,31.0,31.0,96.0,96.0,3335929
HAUTS DE FRANCE,2013-11-05 04:00:00,2013,309,04:00:00,309.17,754.0,4431.0,433.0,0.0,1.0,84.0,0.0,30.0,0.0,0.0,2278.0,2278.0,5460.0,5460.0,2235.0,210.0,5.0,5.0,139.0,139.0,5987883
NOUVELLE AQUITAINE,2019-07-01 07:30:00,2019,182,07:30:00,182.31,20.0,6511.0,261.0,53.0,89.0,125.0,0.0,-2916.0,0.0,0.0,538.0,538.0,6630.0,5135.0,1008.0,2499.0,1782.0,1670.0,319.0,319.0,6010289
BRETAGNE,2022-01-08 07:30:00,2022,8,07:30:00,8.31,251.0,0.0,581.0,0.0,53.0,55.0,-1.0,1972.0,0.0,0.0,1429.0,983.0,0.0,0.0,1149.0,356.0,272.0,272.0,82.0,82.0,3414637
GRAND EST,2014-12-28 12:30:00,2014,362,12:30:00,362.52,348.0,12165.0,1591.0,23.0,866.0,76.0,0.0,-8958.0,0.0,0.0,3400.0,3188.0,10820.0,10510.0,2327.0,522.0,2284.0,2284.0,107.0,107.0,5554645
BOURGOGNE FRANCHE COMTE,2017-12-06 06:30:00,2017,340,06:30:00,340.27,174.0,0.0,24.0,0.0,48.0,25.0,0.0,3127.0,0.0,0.0,356.0,356.0,0.0,0.0,676.0,304.0,520.0,520.0,35.0,35.0,2811423
OCCITANIE,2017-04-19 00:30:00,2017,109,00:30:00,109.02,2.0,1860.0,280.0,0.0,1231.0,84.0,-30.0,497.0,0.0,0.0,282.0,282.0,2620.0,1539.0,1194.0,1705.0,5475.0,5020.0,140.0,140.0,5845102
CENTRE VAL DE LOIRE,2016-01-24 20:30:00,2016,24,20:30:00,24.85,77.0,11517.0,249.0,0.0,11.0,46.0,0.0,-9401.0,0.0,0.0,170.0,170.0,11630.0,11630.0,844.0,243.0,91.0,91.0,71.0,71.0,2577866
BRETAGNE,2020-02-13 08:00:00,2020,44,08:00:00,44.33,253.0,0.0,843.0,0.0,33.0,46.0,-1.0,2548.0,0.0,0.0,978.0,893.0,0.0,0.0,1021.0,278.0,272.0,272.0,78.0,78.0,3373835
HAUTS DE FRANCE,2018-01-14 14:00:00,2018,14,14:00:00,14.58,1154.0,5418.0,139.0,25.0,2.0,120.0,0.0,281.0,0.0,0.0,2913.0,2649.0,5460.0,5460.0,3799.0,217.0,5.0,5.0,170.0,170.0,6004108
GRAND EST,2022-04-12 23:30:00,2022,102,23:30:00,102.98,1658.0,5038.0,254.0,0.0,926.0,162.0,0.0,-2945.0,0.0,0.0,3590.0,3168.0,10820.0,9727.0,4254.0,1003.0,2306.0,2104.0,223.0,223.0,5563889
NOUVELLE AQUITAINE,2015-09-11 16:30:00,2015,254,16:30:00,254.69,52.0,4851.0,20.0,679.0,82.0,149.0,0.0,-1536.0,0.0,0.0,427.0,427.0,6630.0,5995.0,534.0,1536.0,1777.0,1671.0,239.0,239.0,5911482
PROVENCE ALPES COTE D AZUR,2017-05-31 13:30:00,2017,151,13:30:00,151.56,94.0,0.0,0.0,347.0,1749.0,171.0,0.0,2307.0,0.0,0.0,2630.0,2231.0,0.0,0.0,48.0,1108.0,3193.0,3193.0,354.0,354.0,5030890
BRETAGNE,2015-03-22 03:30:00,2015,81,03:30:00,81.15,110.0,0.0,219.0,0.0,139.0,39.0,-1.0,2068.0,0.0,0.0,721.0,721.0,0.0,0.0,801.0,219.0,272.0,272.0,54.0,54.0,3293850
NOUVELLE AQUITAINE,2022-04-30 03:00:00,2022,120,03:00:00,120.12,65.0,2521.0,393.0,0.0,331.0,175.0,0.0,61.0,0.0,0.0,579.0,579.0,6630.0,5460.0,1441.0,3600.0,1784.0,1672.0,356.0,356.0,6098051
NORMANDIE,2013-05-24 09:30:00,2013,144,09:30:00,144.4,595.0,6374.0,65.0,12.0,15.0,37.0,0.0,-3303.0,0.0,0.0,761.0,761.0,10640.0,10640.0,423.0,208.0,23.0,23.0,88.0,88.0,3328364
PAYS DE LA LOIRE,2013-02-05 21:30:00,2013,36,21:30:00,36.9,1464.0,0.0,227.0,0.0,2.0,28.0,0.0,2510.0,0.0,0.0,1837.0,1837.0,0.0,0.0,454.0,386.0,5.0,5.0,57.0,57.0,3660852
NOUVELLE AQUITAINE,2015-09-03 15:30:00,2015,246,15:30:00,246.65,54.0,4537.0,19.0,705.0,190.0,160.0,0.0,-1033.0,0.0,0.0,427.0,427.0,6630.0,5980.0,534.0,1535.0,1775.0,1657.0,239.0,239.0,5911482
BOURGOGNE FRANCHE COMTE,2022-11-21 08:30:00,2022,325,08:30:00,325.35,130.0,0.0,340.0,9.0,311.0,54.0,0.0,1935.0,0.0,0.0,401.0,401.0,0.0,0.0,1067.0,629.0,524.0,524.0,75.0,75.0,2797366
CENTRE VAL DE LOIRE,2017-04-01 08:00:00,2017,91,08:00:00,91.33,0.0,10412.0,161.0,1.0,3.0,65.0,0.0,-8885.0,0.0,0.0,198.0,198.0,11630.0,10926.0,937.0,266.0,91.0,91.0,76.0,76.0,2576252
BRETAGNE,2014-08-02 04:00:00,2014,214,04:00:00,214.17,1.0,0.0,127.0,0.0,183.0,33.0,-1.0,1142.0,0.0,0.0,688.0,688.0,0.0,0.0,763.0,214.0,272.0,272.0,52.0,52.0,3276543
ILE DE FRANCE,2019-08-04 09:30:00,2019,216,09:30:00,216.4,1.0,0.0,0.0,32.0,3.0,152.0,0.0,4828.0,0.0,0.0,2170.0,2170.0,0.0,0.0,108.0,127.0,20.0,20.0,314.0,314.0,12262544
PROVENCE ALPES COTE D AZUR,2020-09-04 13:00:00,2020,248,13:00:00,248.54,406.0,0.0,1.0,1015.0,493.0,85.0,0.0,2505.0,0.0,0.0,2710.0,2313.0,0.0,0.0,48.0,1504.0,3262.0,3231.0,357.0,207.0,5098666
ILE DE FRANCE,2018-05-13 02:30:00,2018,133,02:30:00,133.1,-2.0,0.0,9.0,0.0,9.0,138.0,0.0,5132.0,0.0,0.0,2157.0,2094.0,0.0,0.0,88.0,122.0,20.0,20.0,306.0,306.0,12213447
NORMANDIE,2015-01-31 20:30:00,2015,31,20:30:00,31.85,436.0,8411.0,366.0,0.0,14.0,64.0,0.0,-5015.0,0.0,0.0,761.0,181.0,10640.0,9962.0,510.0,214.0,24.0,24.0,91.0,91.0,3339131
BRETAGNE,2017-07-03 05:00:00,2017,184,05:00:00,184.21,1.0,0.0,16.0,0.0,0.0,50.0,-45.0,1422.0,0.0,0.0,848.0,763.0,0.0,0.0,916.0,238.0,275.0,275.0,66.0,66.0,3318904
ILE DE FRANCE,2013-09-10 07:00:00,2013,253,07:00:00,253.29,372.0,0.0,4.0,0.0,6.0,96.0,0.0,6055.0,0.0,0.0,2121.0,2121.0,0.0,0.0,37.0,109.0,19.0,19.0,282.0,282.0,11959807
BOURGOGNE FRANCHE COMTE,2020-01-02 16:00:00,2020,2,16:00:00,2.67,172.0,0.0,120.0,8.0,332.0,37.0,0.0,2199.0,0.0,0.0,401.0,401.0,0.0,0.0,864.0,344.0,521.0,521.0,69.0,69.0,2801695
BRETAGNE,2020-05-06 18:30:00,2020,127,18:30:00,127.77,1.0,0.0,10.0,69.0,55.0,51.0,-1.0,1836.0,0.0,0.0,978.0,893.0,0.0,0.0,1028.0,281.0,272.0,272.0,79.0,79.0,3373835
CENTRE VAL DE LOIRE,2013-08-29 06:00:00,2013,241,06:00:00,241.25,6.0,5510.0,32.0,0.0,0.0,32.0,0.0,-4010.0,0.0,0.0,162.0,162.0,11630.0,11630.0,717.0,212.0,91.0,91.0,56.0,56.0,2570548
PROVENCE ALPES COTE D AZUR,2020-05-31 21:30:00,2020,152,21:30:00,152.9,62.0,0.0,1.0,0.0,1845.0,113.0,0.0,1371.0,0.0,0.0,2710.0,2279.0,0.0,0.0,48.0,1461.0,3259.0,3259.0,357.0,207.0,5098666
CENTRE VAL DE LOIRE,2018-06-03 14:30:00,2018,154,14:30:00,154.6,0.0,7995.0,178.0,130.0,10.0,52.0,0.0,-6911.0,0.0,0.0,216.0,216.0,11630.0,10796.0,1014.0,288.0,91.0,91.0,76.0,76.0,2572853
AUVERGNE RHONE ALPES,2021-07-17 03:30:00,2021,198,03:30:00,198.15,10.0,9354.0,266.0,0.0,4090.0,128.0,-578.0,-8237.0,0.0,0.0,1047.0,1047.0,13570.0,13570.0,723.0,1499.0,11771.0,11624.0,208.0,208.0,8114361
NORMANDIE,2022-09-19 15:00:00,2022,262,15:00:00,262.62,208.0,3578.0,76.0,93.0,10.0,63.0,0.0,-1335.0,0.0,0.0,852.0,852.0,10640.0,9310.0,949.0,317.0,31.0,31.0,149.0,149.0,3327604
GRAND EST,2021-02-02 09:00:00,2021,33,09:00:00,33.38,1067.0,8732.0,2829.0,6.0,1222.0,126.0,-6.0,-7394.0,0.0,0.0,3585.0,3172.0,10820.0,9785.0,3858.0,696.0,2305.0,2103.0,199.0,199.0,5561287
GRAND EST,2020-12-27 17:00:00,2020,362,17:00:00,362.71,291.0,7699.0,3202.0,0.0,918.0,120.0,0.0,-6858.0,0.0,0.0,3585.0,3172.0,10820.0,9616.0,3849.0,691.0,2305.0,2103.0,193.0,193.0,5562651
OCCITANIE,2014-02-22 14:30:00,2014,53,14:30:00,53.6,63.0,2404.0,219.0,519.0,1801.0,94.0,-16.0,-595.0,0.0,0.0,251.0,251.0,2620.0,2620.0,889.0,1214.0,5398.0,5398.0,127.0,127.0,5730753
PAYS DE LA LOIRE,2018-07-21 00:00:00,2018,202,00:00:00,202.0,695.0,0.0,81.0,0.0,1.0,43.0,0.0,1947.0,0.0,0.0,1968.0,1804.0,0.0,0.0,804.0,547.0,8.0,8.0,69.0,69.0,3781423
PROVENCE ALPES COTE D AZUR,2016-08-19 04:00:00,2016,232,04:00:00,232.17,349.0,0.0,6.0,0.0,307.0,116.0,0.0,2573.0,0.0,0.0,2614.0,2207.0,0.0,0.0,48.0,1046.0,3191.0,3065.0,354.0,354.0,5021928
PAYS DE LA LOIRE,2021-10-22 10:00:00,2021,295,10:00:00,295.42,1510.0,0.0,53.0,130.0,1.0,54.0,0.0,1975.0,0.0,0.0,2065.0,2065.0,0.0,0.0,1124.0,776.0,10.0,10.0,79.0,79.0,3853999
CENTRE VAL DE LOIRE,2014-07-19 10:30:00,2014,200,10:30:00,200.44,2.0,7742.0,72.0,41.0,21.0,44.0,0.0,-6282.0,0.0,0.0,162.0,162.0,11630.0,11630.0,801.0,218.0,91.0,91.0,56.0,56.0,2577435
NOUVELLE AQUITAINE,2020-09-11 19:00:00,2020,255,19:00:00,255.79,45.0,3188.0,65.0,406.0,306.0,154.0,0.0,204.0,0.0,0.0,571.0,571.0,6630.0,5369.0,1166.0,2730.0,1783.0,1672.0,341.0,341.0,6033952
CENTRE VAL DE LOIRE,2016-08-19 12:30:00,2016,232,12:30:00,232.52,0.0,6805.0,70.0,72.0,0.0,56.0,0.0,-5264.0,0.0,0.0,170.0,170.0,11630.0,10796.0,896.0,259.0,91.0,91.0,71.0,71.0,2577866
HAUTS DE FRANCE,2021-08-16 22:00:00,2021,228,22:00:00,228.92,256.0,3465.0,532.0,0.0,2.0,116.0,0.0,91.0,0.0,0.0,2990.0,2990.0,5460.0,4550.0,5523.0,407.0,5.0,5.0,183.0,183.0,5995292
PROVENCE ALPES COTE D AZUR,2014-05-13 19:30:00,2014,133,19:30:00,133.81,377.0,0.0,28.0,76.0,1814.0,58.0,0.0,1833.0,0.0,0.0,2592.0,2318.0,0.0,0.0,45.0,830.0,3160.0,3160.0,170.0,170.0,4983438
PROVENCE ALPES COTE D AZUR,2019-08-03 23:00:00,2019,215,23:00:00,215.96,1080.0,0.0,11.0,0.0,973.0,107.0,0.0,2257.0,0.0,0.0,2674.0,2265.0,0.0,0.0,48.0,1385.0,3242.0,3101.0,357.0,207.0,5081101
ILE DE FRANCE,2022-06-20 15:00:00,2022,171,15:00:00,171.62,0.0,0.0,13.0,99.0,5.0,113.0,0.0,7057.0,0.0,0.0,2171.0,2014.0,0.0,0.0,148.0,226.0,20.0,20.0,314.0,314.0,12354286
OCCITANIE,2019-08-30 01:30:00,2019,242,01:30:00,242.06,0.0,2270.0,134.0,0.0,428.0,102.0,-13.0,523.0,0.0,0.0,307.0,307.0,2620.0,2620.0,1559.0,2117.0,5489.0,5299.0,146.0,146.0,5933185
PROVENCE ALPES COTE D AZUR,2018-03-09 00:00:00,2018,68,00:00:00,68.0,1374.0,0.0,5.0,0.0,1266.0,65.0,0.0,3376.0,0.0,0.0,2663.0,2357.0,0.0,0.0,48.0,1230.0,3227.0,3227.0,357.0,357.0,5052832
AUVERGNE RHONE ALPES,2016-03-15 21:30:00,2016,75,21:30:00,75.9,599.0,10817.0,183.0,0.0,2910.0,130.0,-494.0,-5327.0,0.0,0.0,959.0,959.0,13570.0,12752.0,384.0,898.0,11205.0,10986.0,170.0,170.0,7916889
BRETAGNE,2013-03-04 14:30:00,2013,63,14:30:00,63.6,62.0,0.0,36.0,86.0,7.0,20.0,0.0,3259.0,0.0,0.0,658.0,658.0,0.0,0.0,716.0,202.0,11.0,11.0,36.0,36.0,3258707
BOURGOGNE FRANCHE COMTE,2016-10-25 00:30:00,2016,299,00:30:00,299.02,59.0,0.0,12.0,0.0,16.0,13.0,0.0,2159.0,0.0,0.0,329.0,329.0,0.0,0.0,516.0,265.0,516.0,231.0,31.0,31.0,2818338
OCCITANIE,2014-09-03 11:30:00,2014,246,11:30:00,246.48,-3.0,2537.0,14.0,670.0,542.0,50.0,0.0,394.0,0.0,0.0,251.0,251.0,2620.0,2620.0,943.0,1297.0,5414.0,5187.0,132.0,132.0,5730753
NOUVELLE AQUITAINE,2020-11-28 02:00:00,2020,333,02:00:00,333.08,188.0,5697.0,311.0,1.0,265.0,167.0,0.0,-1830.0,0.0,0.0,576.0,576.0,6630.0,5559.0,1190.0,2812.0,1783.0,1678.0,347.0,347.0,6033952
NOUVELLE AQUITAINE,2014-04-21 05:00:00,2014,111,05:00:00,111.21,28.0,5682.0,13.0,0.0,406.0,121.0,0.0,-2649.0,0.0,0.0,421.0,421.0,6630.0,6630.0,417.0,1078.0,1770.0,1770.0,220.0,220.0,5879144
BRETAGNE,2021-11-01 14:30:00,2021,305,14:30:00,305.6,134.0,0.0,386.0,82.0,14.0,50.0,-1.0,1345.0,0.0,0.0,1428.0,1428.0,0.0,0.0,1106.0,348.0,272.0,272.0,82.0,82.0,3394567
GRAND EST,2015-12-22 21:00:00,2015,356,21:00:00,356.88,157.0,12104.0,1781.0,0.0,785.0,80.0,0.0,-9419.0,0.0,0.0,3424.0,3203.0,10820.0,10820.0,2548.0,525.0,2285.0,2083.0,119.0,119.0,5559051
BRETAGNE,2019-04-05 06:30:00,2019,95,06:30:00,95.27,1.0,0.0,170.0,0.0,14.0,42.0,-6.0,2801.0,0.0,0.0,956.0,871.0,0.0,0.0,1004.0,264.0,270.0,270.0,71.0,71.0,3354854
NORMANDIE,2022-04-30 15:30:00,2022,120,15:30:00,120.65,170.0,3727.0,156.0,161.0,15.0,94.0,0.0,-1861.0,0.0,0.0,852.0,852.0,10640.0,9401.0,933.0,310.0,31.0,31.0,148.0,148.0,3327604
BRETAGNE,2013-12-04 13:30:00,2013,338,13:30:00,338.56,70.0,0.0,6.0,9.0,187.0,24.0,-1.0,3432.0,0.0,0.0,680.0,680.0,0.0,0.0,739.0,207.0,251.0,251.0,49.0,49.0,3258707
PAYS DE LA LOIRE,2019-11-15 00:30:00,2019,319,00:30:00,319.02,1615.0,0.0,94.0,0.0,3.0,52.0,0.0,2396.0,0.0,0.0,2037.0,2037.0,0.0,0.0,933.0,609.0,10.0,10.0,75.0,75.0,3806461
CENTRE VAL DE LOIRE,2022-03-01 02:30:00,2022,60,02:30:00,60.1,112.0,9800.0,28.0,0.0,7.0,50.0,0.0,-7438.0,0.0,0.0,229.0,229.0,11630.0,10660.0,1381.0,701.0,92.0,92.0,90.0,90.0,2572916
NORMANDIE,2020-01-17 19:00:00,2020,17,19:00:00,17.79,465.0,4567.0,325.0,0.0,22.0,59.0,0.0,-1216.0,0.0,0.0,833.0,833.0,10640.0,9432.0,806.0,262.0,31.0,31.0,109.0,109.0,3325522
GRAND EST,2017-03-10 10:30:00,2017,69,10:30:00,69.44,2349.0,7446.0,52.0,215.0,1105.0,94.0,0.0,-4887.0,0.0,0.0,3453.0,2858.0,10820.0,9497.0,2879.0,535.0,2297.0,2095.0,140.0,140.0,5549586
NORMANDIE,2017-03-05 04:00:00,2017,64,04:00:00,64.17,366.0,6273.0,321.0,0.0,20.0,49.0,0.0,-3930.0,0.0,0.0,785.0,205.0,10640.0,9310.0,622.0,220.0,31.0,31.0,97.0,97.0,3330478
GRAND EST,2015-07-29 00:30:00,2015,210,00:30:00,210.02,27.0,11166.0,392.0,0.0,667.0,62.0,0.0,-8430.0,0.0,0.0,3420.0,3199.0,10820.0,10315.0,2426.0,525.0,2284.0,2284.0,119.0,119.0,5559051
BOURGOGNE FRANCHE COMTE,2017-01-21 02:30:00,2017,21,02:30:00,21.1,195.0,0.0,69.0,0.0,178.0,25.0,0.0,3154.0,0.0,0.0,331.0,331.0,0.0,0.0,558.0,266.0,518.0,518.0,31.0,31.0,2811423
HAUTS DE FRANCE,2017-03-02 12:00:00,2017,61,12:00:00,61.5,1768.0,3652.0,2396.0,65.0,2.0,102.0,0.0,-719.0,0.0,0.0,2900.0,2900.0,5460.0,4550.0,3338.0,214.0,5.0,5.0,164.0,164.0,6003815
BRETAGNE,2015-02-13 14:30:00,2015,44,14:30:00,44.6,108.0,0.0,494.0,47.0,13.0,31.0,-20.0,2935.0,0.0,0.0,719.0,719.0,0.0,0.0,801.0,219.0,272.0,272.0,53.0,53.0,3293850
OCCITANIE,2018-02-06 06:00:00,2018,37,06:00:00,37.25,82.0,2467.0,363.0,0.0,2187.0,83.0,-860.0,1372.0,0.0,0.0,291.0,291.0,2620.0,2620.0,1365.0,1817.0,5482.0,5255.0,145.0,145.0,5885496
NORMANDIE,2021-06-13 18:30:00,2021,164,18:30:00,164.77,175.0,8403.0,68.0,82.0,11.0,94.0,0.0,-6574.0,0.0,0.0,852.0,852.0,10640.0,10040.0,878.0,294.0,31.0,31.0,147.0,147.0,3327966
PROVENCE ALPES COTE D AZUR,2020-01-25 05:00:00,2020,25,05:00:00,25.21,1713.0,0.0,0.0,0.0,737.0,114.0,0.0,2028.0,0.0,0.0,2703.0,2374.0,0.0,0.0,48.0,1434.0,3249.0,3249.0,357.0,207.0,5098666
AUVERGNE RHONE ALPES,2021-07-03 22:30:00,2021,184,22:30:00,184.94,370.0,9938.0,24.0,0.0,4926.0,127.0,-12.0,-9738.0,0.0,0.0,1047.0,1047.0,13570.0,12690.0,723.0,1492.0,11771.0,11624.0,208.0,208.0,8114361
HAUTS DE FRANCE,2014-05-01 19:00:00,2014,121,19:00:00,121.79,268.0,1945.0,26.0,15.0,2.0,93.0,0.0,2352.0,0.0,0.0,2278.0,2278.0,5460.0,5460.0,2304.0,211.0,5.0,5.0,139.0,139.0,6006156
BRETAGNE,2014-04-29 09:00:00,2014,119,09:00:00,119.38,1.0,0.0,1.0,15.0,12.0,23.0,-1.0,2781.0,0.0,0.0,688.0,688.0,0.0,0.0,747.0,211.0,251.0,251.0,51.0,51.0,3276543
AUVERGNE RHONE ALPES,2022-07-23 04:30:00,2022,204,04:30:00,204.19,418.0,6494.0,64.0,0.0,1584.0,110.0,-583.0,-2746.0,0.0,0.0,1048.0,628.0,13570.0,12644.0,723.0,1728.0,11787.0,11616.0,208.0,208.0,8155762
NORMANDIE,2017-08-10 18:00:00,2017,222,18:00:00,222.75,305.0,5908.0,203.0,34.0,10.0,47.0,0.0,-4032.0,0.0,0.0,785.0,205.0,10640.0,9604.0,637.0,223.0,31.0,31.0,99.0,99.0,3330478
OCCITANIE,2018-06-16 05:30:00,2018,167,05:30:00,167.23,0.0,387.0,486.0,0.0,1858.0,74.0,-724.0,549.0,0.0,0.0,295.0,295.0,2620.0,1310.0,1403.0,1903.0,5485.0,5286.0,146.0,146.0,5885496
GRAND EST,2015-02-02 21:30:00,2015,33,21:30:00,33.9,2881.0,10914.0,13.0,0.0,846.0,82.0,0.0,-7934.0,0.0,0.0,3400.0,3200.0,10820.0,9320.0,2340.0,523.0,2284.0,2284.0,108.0,108.0,5559051
CENTRE VAL DE LOIRE,2022-11-26 16:30:00,2022,330,16:30:00,330.69,32.0,8168.0,200.0,23.0,1.0,51.0,0.0,-6487.0,0.0,0.0,229.0,229.0,11630.0,10744.0,1551.0,797.0,93.0,93.0,91.0,91.0,2572916
NORMANDIE,2013-07-24 21:00:00,2013,205,21:00:00,205.88,736.0,7896.0,10.0,2.0,12.0,57.0,0.0,-5953.0,0.0,0.0,761.0,761.0,10640.0,10640.0,444.0,209.0,23.0,23.0,88.0,88.0,3328364
BOURGOGNE FRANCHE COMTE,2018-04-13 03:30:00,2018,103,03:30:00,103.15,20.0,0.0,230.0,0.0,194.0,31.0,0.0,1717.0,0.0,0.0,386.0,386.0,0.0,0.0,676.0,306.0,520.0,443.0,36.0,36.0,2807807
HAUTS DE FRANCE,2018-10-03 03:00:00,2018,276,03:00:00,276.12,305.0,3489.0,772.0,0.0,0.0,114.0,0.0,169.0,0.0,0.0,2947.0,2658.0,5460.0,4604.0,4027.0,229.0,5.0,5.0,171.0,171.0,6004108
OCCITANIE,2014-05-18 16:30:00,2014,138,16:30:00,138.69,-5.0,1199.0,263.0,608.0,962.0,87.0,-884.0,398.0,0.0,0.0,251.0,251.0,2620.0,2620.0,906.0,1231.0,5409.0,5169.0,128.0,128.0,5730753
PAYS DE LA LOIRE,2015-06-30 06:30:00,2015,181,06:30:00,181.27,20.0,0.0,219.0,1.0,0.0,28.0,0.0,2210.0,0.0,0.0,1867.0,1274.0,0.0,0.0,560.0,452.0,7.0,7.0,61.0,61.0,3718512
BRETAGNE,2014-05-31 10:00:00,2014,151,10:00:00,151.42,0.0,0.0,78.0,50.0,6.0,34.0,-2.0,1780.0,0.0,0.0,688.0,688.0,0.0,0.0,755.0,211.0,272.0,272.0,51.0,51.0,3276543
HAUTS DE FRANCE,2021-02-12 13:00:00,2021,43,13:00:00,43.54,2039.0,3897.0,2910.0,77.0,2.0,112.0,0.0,-133.0,0.0,0.0,2990.0,2990.0,5460.0,4550.0,5413.0,301.0,5.0,5.0,181.0,181.0,5995292
HAUTS DE FRANCE,2018-02-14 22:30:00,2018,45,22:30:00,45.94,1515.0,5455.0,2832.0,0.0,2.0,123.0,0.0,-2671.0,0.0,0.0,2922.0,2922.0,5460.0,4550.0,3799.0,217.0,5.0,5.0,170.0,170.0,6004108
HAUTS DE FRANCE,2015-09-28 11:00:00,2015,271,11:00:00,271.46,895.0,3583.0,424.0,61.0,1.0,88.0,0.0,869.0,0.0,0.0,2301.0,2085.0,5460.0,4550.0,2774.0,213.0,5.0,5.0,160.0,160.0,6009976
NOUVELLE AQUITAINE,2022-09-25 02:30:00,2022,268,02:30:00,268.1,93.0,2667.0,120.0,0.0,22.0,176.0,0.0,210.0,0.0,0.0,579.0,579.0,6630.0,5658.0,1592.0,3786.0,1786.0,1674.0,356.0,356.0,6098051
NORMANDIE,2013-11-29 00:00:00,2013,333,00:00:00,333.0,868.0,9315.0,10.0,0.0,8.0,58.0,0.0,-5962.0,0.0,0.0,761.0,761.0,10640.0,10640.0,444.0,210.0,24.0,24.0,89.0,89.0,3328364
AUVERGNE RHONE ALPES,2016-08-02 23:00:00,2016,215,23:00:00,215.96,24.0,7268.0,36.0,0.0,3896.0,100.0,-19.0,-4933.0,0.0,0.0,959.0,959.0,13570.0,12602.0,399.0,924.0,11219.0,11062.0,170.0,170.0,7916889
PROVENCE ALPES COTE D AZUR,2017-11-09 13:00:00,2017,313,13:00:00,313.54,2359.0,0.0,25.0,447.0,1290.0,249.0,0.0,1032.0,0.0,0.0,2638.0,2332.0,0.0,0.0,48.0,1179.0,3224.0,3224.0,357.0,357.0,5030890
NORMANDIE,2021-11-19 15:30:00,2021,323,15:30:00,323.65,296.0,6331.0,7.0,24.0,11.0,93.0,0.0,-3445.0,0.0,0.0,852.0,852.0,10640.0,9443.0,878.0,303.0,31.0,31.0,148.0,148.0,3327966
PROVENCE ALPES COTE D AZUR,2014-04-24 05:30:00,2014,114,05:30:00,114.23,149.0,0.0,3.0,0.0,1320.0,58.0,0.0,2133.0,0.0,0.0,2592.0,2318.0,0.0,0.0,45.0,820.0,3160.0,3160.0,170.0,170.0,4983438
PAYS DE LA LOIRE,2020-05-08 19:30:00,2020,129,19:30:00,129.81,0.0,0.0,49.0,19.0,4.0,52.0,0.0,2182.0,0.0,0.0,2050.0,1702.0,0.0,0.0,989.0,637.0,10.0,10.0,77.0,77.0,3832120
CENTRE VAL DE LOIRE,2021-04-05 07:00:00,2021,95,07:00:00,95.29,0.0,7806.0,184.0,0.0,2.0,60.0,0.0,-6110.0,0.0,0.0,229.0,229.0,11630.0,11630.0,1288.0,487.0,92.0,92.0,89.0,89.0,2573303
CENTRE VAL DE LOIRE,2020-02-07 08:00:00,2020,38,08:00:00,38.33,102.0,10068.0,212.0,0.0,55.0,48.0,0.0,-7066.0,0.0,0.0,229.0,229.0,11630.0,10824.0,1238.0,353.0,92.0,92.0,86.0,86.0,2574863
BOURGOGNE FRANCHE COMTE,2019-07-03 11:30:00,2019,184,11:30:00,184.48,19.0,0.0,125.0,166.0,14.0,26.0,0.0,2137.0,0.0,0.0,401.0,401.0,0.0,0.0,831.0,337.0,520.0,520.0,67.0,67.0,2805580
NOUVELLE AQUITAINE,2013-12-05 03:30:00,2013,339,03:30:00,339.15,125.0,4289.0,79.0,0.0,308.0,108.0,0.0,1419.0,0.0,0.0,421.0,421.0,6630.0,6630.0,364.0,1014.0,1760.0,1760.0,214.0,214.0,5844177
NORMANDIE,2015-06-22 02:30:00,2015,173,02:30:00,173.1,234.0,4928.0,117.0,0.0,14.0,33.0,0.0,-3040.0,0.0,0.0,761.0,181.0,10640.0,9310.0,522.0,215.0,24.0,24.0,94.0,94.0,3339131
BRETAGNE,2015-11-15 02:00:00,2015,319,02:00:00,319.08,92.0,0.0,400.0,0.0,188.0,41.0,-1.0,1516.0,0.0,0.0,730.0,730.0,0.0,0.0,813.0,223.0,275.0,275.0,56.0,56.0,3293850
OCCITANIE,2016-09-04 21:30:00,2016,248,21:30:00,248.9,1.0,2458.0,227.0,0.0,534.0,84.0,-406.0,983.0,0.0,0.0,266.0,266.0,2620.0,2620.0,1142.0,1624.0,5463.0,5206.0,139.0,139.0,5808435
OCCITANIE,2015-04-10 11:00:00,2015,100,11:00:00,100.46,-5.0,2574.0,344.0,584.0,1411.0,72.0,-11.0,-618.0,0.0,0.0,266.0,266.0,2620.0,2620.0,943.0,1384.0,5448.0,4880.0,133.0,133.0,5774185
GRAND EST,2020-12-17 17:30:00,2020,352,17:30:00,352.73,1588.0,9065.0,468.0,0.0,986.0,119.0,0.0,-5865.0,0.0,0.0,3585.0,3172.0,10820.0,9663.0,3849.0,678.0,2305.0,2103.0,193.0,193.0,5562651
CENTRE VAL DE LOIRE,2018-11-25 05:00:00,2018,329,05:00:00,329.21,74.0,6257.0,170.0,0.0,0.0,61.0,0.0,-4548.0,0.0,0.0,228.0,228.0,11630.0,10783.0,1066.0,304.0,91.0,91.0,84.0,84.0,2572853
BRETAGNE,2021-09-07 05:30:00,2021,250,05:30:00,250.23,1.0,0.0,443.0,0.0,0.0,51.0,-3.0,1090.0,0.0,0.0,1428.0,1428.0,0.0,0.0,1106.0,344.0,272.0,272.0,82.0,82.0,3394567
NOUVELLE AQUITAINE,2021-04-15 20:30:00,2021,105,20:30:00,105.85,21.0,4295.0,603.0,45.0,562.0,166.0,0.0,-596.0,0.0,0.0,578.0,578.0,6630.0,6630.0,1263.0,3040.0,1784.0,1784.0,353.0,353.0,6069352
OCCITANIE,2022-08-04 09:30:00,2022,216,09:30:00,216.4,0.0,1230.0,42.0,754.0,935.0,86.0,0.0,1209.0,0.0,0.0,326.0,326.0,2620.0,1310.0,1593.0,3003.0,5503.0,5310.0,174.0,174.0,6067101
NOUVELLE AQUITAINE,2017-02-13 19:00:00,2017,44,19:00:00,44.79,254.0,4681.0,260.0,-1.0,849.0,192.0,0.0,365.0,0.0,0.0,465.0,465.0,6630.0,5614.0,734.0,1927.0,1780.0,1780.0,304.0,304.0,5956978
BRETAGNE,2016-02-05 12:00:00,2016,36,12:00:00,36.5,153.0,0.0,351.0,20.0,91.0,32.0,-1.0,2788.0,0.0,0.0,771.0,771.0,0.0,0.0,829.0,224.0,275.0,275.0,56.0,56.0,3306529
NORMANDIE,2015-08-26 23:00:00,2015,238,23:00:00,238.96,490.0,6160.0,163.0,0.0,16.0,54.0,0.0,-3934.0,0.0,0.0,761.0,766.0,10640.0,9310.0,538.0,216.0,24.0,24.0,94.0,94.0,3339131
BOURGOGNE FRANCHE COMTE,2020-11-15 23:30:00,2020,320,23:30:00,320.98,155.0,0.0,660.0,0.0,25.0,49.0,0.0,1136.0,0.0,0.0,401.0,401.0,0.0,0.0,889.0,391.0,523.0,523.0,71.0,71.0,2801695
CENTRE VAL DE LOIRE,2018-11-26 17:00:00,2018,330,17:00:00,330.71,73.0,7301.0,177.0,0.0,2.0,54.0,0.0,-4822.0,0.0,0.0,228.0,228.0,11630.0,10725.0,1066.0,304.0,91.0,91.0,84.0,84.0,2572853
CENTRE VAL DE LOIRE,2016-03-15 19:00:00,2016,75,19:00:00,75.79,69.0,11264.0,248.0,0.0,43.0,38.0,0.0,-9040.0,0.0,0.0,170.0,170.0,11630.0,11080.0,844.0,245.0,91.0,91.0,71.0,71.0,2577866
BRETAGNE,2015-06-04 18:30:00,2015,155,18:30:00,155.77,0.0,0.0,41.0,40.0,8.0,27.0,-1.0,2116.0,0.0,0.0,724.0,639.0,0.0,0.0,801.0,220.0,272.0,272.0,55.0,55.0,3293850
GRAND EST,2017-12-31 01:00:00,2017,365,01:00:00,365.04,224.0,7484.0,2846.0,0.0,1112.0,128.0,-10.0,-7087.0,0.0,0.0,3471.0,2993.0,10820.0,9921.0,3053.0,551.0,2300.0,1970.0,145.0,145.0,5549586
NOUVELLE AQUITAINE,2016-02-19 09:30:00,2016,50,09:30:00,50.4,182.0,5671.0,98.0,324.0,1032.0,189.0,0.0,327.0,0.0,0.0,429.0,429.0,6630.0,5890.0,559.0,1829.0,1778.0,1664.0,279.0,279.0,5935603
PAYS DE LA LOIRE,2016-04-22 06:30:00,2016,113,06:30:00,113.27,273.0,0.0,8.0,0.0,4.0,38.0,0.0,2638.0,0.0,0.0,1880.0,1319.0,0.0,0.0,641.0,465.0,8.0,8.0,62.0,62.0,3737632
PAYS DE LA LOIRE,2018-07-10 12:00:00,2018,191,12:00:00,191.5,750.0,0.0,14.0,287.0,1.0,39.0,0.0,2176.0,0.0,0.0,1968.0,1743.0,0.0,0.0,804.0,546.0,8.0,8.0,69.0,69.0,3781423
ILE DE FRANCE,2019-07-06 15:00:00,2019,187,15:00:00,187.62,0.0,0.0,8.0,58.0,4.0,149.0,0.0,6745.0,0.0,0.0,2170.0,2078.0,0.0,0.0,108.0,127.0,20.0,20.0,314.0,314.0,12262544
NORMANDIE,2017-01-08 18:00:00,2017,8,18:00:00,8.75,891.0,9040.0,7.0,0.0,15.0,54.0,0.0,-6194.0,0.0,0.0,785.0,785.0,10640.0,9868.0,622.0,220.0,31.0,31.0,96.0,96.0,3330478
NORMANDIE,2019-02-11 21:00:00,2019,42,21:00:00,42.88,857.0,6456.0,12.0,0.0,17.0,42.0,0.0,-3198.0,0.0,0.0,833.0,601.0,10640.0,9310.0,791.0,253.0,31.0,31.0,105.0,105.0,3325032
BRETAGNE,2015-07-07 14:30:00,2015,188,14:30:00,188.6,1.0,0.0,214.0,82.0,0.0,34.0,-4.0,2236.0,0.0,0.0,724.0,590.0,0.0,0.0,801.0,221.0,272.0,272.0,55.0,55.0,3293850
NOUVELLE AQUITAINE,2018-06-15 02:00:00,2018,166,02:00:00,166.08,24.0,4070.0,13.0,-1.0,382.0,202.0,0.0,-1105.0,0.0,0.0,482.0,482.0,6630.0,5767.0,924.0,2332.0,1781.0,1668.0,315.0,315.0,5979778
HAUTS DE FRANCE,2015-03-04 09:30:00,2015,63,09:30:00,63.4,1218.0,5382.0,479.0,36.0,2.0,102.0,0.0,357.0,0.0,0.0,2301.0,2191.0,5460.0,5460.0,2669.0,213.0,5.0,5.0,156.0,156.0,6009976
NORMANDIE,2015-12-23 22:00:00,2015,357,22:00:00,357.92,409.0,7545.0,271.0,0.0,13.0,47.0,0.0,-4728.0,0.0,0.0,773.0,193.0,10640.0,9310.0,538.0,217.0,31.0,31.0,95.0,95.0,3339131
ILE DE FRANCE,2017-05-12 11:30:00,2017,132,11:30:00,132.48,0.0,0.0,5.0,40.0,6.0,123.0,0.0,8011.0,0.0,0.0,2149.0,1857.0,0.0,0.0,73.0,116.0,19.0,19.0,301.0,301.0,12174880
BOURGOGNE FRANCHE COMTE,2013-03-03 05:00:00,2013,62,05:00:00,62.21,389.0,0.0,0.0,0.0,55.0,14.0,0.0,2147.0,0.0,0.0,301.0,301.0,0.0,0.0,204.0,227.0,480.0,480.0,24.0,24.0,2819783
AUVERGNE RHONE ALPES,2018-10-14 18:30:00,2018,287,18:30:00,287.77,28.0,8100.0,347.0,21.0,1116.0,117.0,-903.0,-2961.0,0.0,0.0,1004.0,1004.0,13570.0,12645.0,603.0,1107.0,11262.0,10993.0,180.0,180.0,7994459
HAUTS DE FRANCE,2013-10-10 00:30:00,2013,283,00:30:00,283.02,319.0,3489.0,723.0,0.0,1.0,57.0,0.0,964.0,0.0,0.0,2270.0,2270.0,5460.0,4550.0,2205.0,210.0,5.0,5.0,139.0,139.0,5987883
HAUTS DE FRANCE,2021-10-23 03:00:00,2021,296,03:00:00,296.12,1374.0,1202.0,142.0,0.0,1.0,112.0,0.0,2238.0,0.0,0.0,2990.0,2990.0,5460.0,4550.0,5579.0,421.0,5.0,5.0,183.0,183.0,5995292
HAUTS DE FRANCE,2015-12-12 17:30:00,2015,346,17:30:00,346.73,546.0,5431.0,1272.0,0.0,2.0,132.0,0.0,-947.0,0.0,0.0,2301.0,2051.0,5460.0,5460.0,2865.0,213.0,5.0,5.0,160.0,160.0,6009976
AUVERGNE RHONE ALPES,2017-07-03 20:30:00,2017,184,20:30:00,184.85,31.0,7312.0,71.0,30.0,4202.0,113.0,-17.0,-4975.0,0.0,0.0,985.0,584.0,13570.0,12618.0,486.0,952.0,11246.0,11064.0,178.0,178.0,7948287
NORMANDIE,2017-11-25 23:00:00,2017,329,23:00:00,329.96,1063.0,5596.0,178.0,0.0,16.0,56.0,0.0,-2837.0,0.0,0.0,813.0,813.0,10640.0,9468.0,705.0,232.0,31.0,31.0,100.0,100.0,3330478
GRAND EST,2021-02-21 09:30:00,2021,52,09:30:00,52.4,291.0,5197.0,1463.0,179.0,1027.0,141.0,-5.0,-3307.0,0.0,0.0,3585.0,3172.0,10820.0,9785.0,3879.0,699.0,2305.0,2103.0,206.0,206.0,5561287
OCCITANIE,2017-12-06 14:30:00,2017,340,14:30:00,340.6,118.0,2621.0,35.0,522.0,1353.0,96.0,0.0,1693.0,0.0,0.0,291.0,291.0,2620.0,2620.0,1308.0,1786.0,5481.0,5265.0,145.0,145.0,5845102
PROVENCE ALPES COTE D AZUR,2014-01-08 23:30:00,2014,8,23:30:00,8.98,250.0,0.0,7.0,0.0,1185.0,68.0,0.0,4555.0,0.0,0.0,2592.0,2211.0,0.0,0.0,45.0,783.0,3160.0,3160.0,151.0,151.0,4983438
NORMANDIE,2018-03-12 00:00:00,2018,71,00:00:00,71.0,405.0,6607.0,428.0,0.0,18.0,58.0,0.0,-4160.0,0.0,0.0,813.0,307.0,10640.0,9517.0,712.0,234.0,31.0,31.0,103.0,103.0,3327477
CENTRE VAL DE LOIRE,2015-06-20 01:30:00,2015,171,01:30:00,171.06,1.0,8451.0,160.0,0.0,2.0,50.0,0.0,-6951.0,0.0,0.0,166.0,166.0,11630.0,10727.0,832.0,236.0,91.0,91.0,71.0,71.0,2578592
BOURGOGNE FRANCHE COMTE,2019-05-17 09:00:00,2019,137,09:00:00,137.38,24.0,0.0,76.0,73.0,87.0,30.0,-1.0,2378.0,0.0,0.0,401.0,401.0,0.0,0.0,821.0,334.0,520.0,520.0,67.0,67.0,2805580
CENTRE VAL DE LOIRE,2018-08-27 07:00:00,2018,239,07:00:00,239.29,0.0,6828.0,258.0,0.0,0.0,66.0,0.0,-5579.0,0.0,0.0,216.0,216.0,11630.0,10724.0,1036.0,299.0,91.0,91.0,76.0,76.0,2572853
ILE DE FRANCE,2017-03-26 08:00:00,2017,85,08:00:00,85.33,296.0,0.0,4.0,0.0,8.0,132.0,0.0,6113.0,0.0,0.0,2149.0,1621.0,0.0,0.0,73.0,116.0,19.0,19.0,301.0,301.0,12174880
CENTRE VAL DE LOIRE,2020-07-28 16:30:00,2020,210,16:30:00,210.69,11.0,5465.0,178.0,208.0,1.0,61.0,0.0,-4072.0,0.0,0.0,229.0,229.0,11630.0,10728.0,1256.0,376.0,92.0,92.0,88.0,88.0,2574863
AUVERGNE RHONE ALPES,2018-10-01 09:30:00,2018,274,09:30:00,274.4,40.0,7379.0,213.0,75.0,2997.0,109.0,-5.0,-3225.0,0.0,0.0,1000.0,1000.0,13570.0,12598.0,603.0,1101.0,11262.0,11039.0,180.0,180.0,7994459
AUVERGNE RHONE ALPES,2016-05-18 21:30:00,2016,139,21:30:00,139.9,31.0,9615.0,229.0,0.0,4882.0,80.0,-6.0,-7949.0,0.0,0.0,959.0,558.0,13570.0,12783.0,384.0,916.0,11209.0,11020.0,170.0,170.0,7916889
OCCITANIE,2021-01-06 18:30:00,2021,6,18:30:00,6.77,92.0,2607.0,318.0,2.0,3689.0,80.0,0.0,946.0,0.0,0.0,318.0,318.0,2620.0,1310.0,1593.0,2372.0,5498.0,5264.0,172.0,172.0,6022176
PROVENCE ALPES COTE D AZUR,2019-01-31 10:00:00,2019,31,10:00:00,31.42,1928.0,0.0,4.0,123.0,2116.0,95.0,0.0,2633.0,0.0,0.0,2673.0,2296.0,0.0,0.0,48.0,1328.0,3239.0,3115.0,357.0,207.0,5081101
CENTRE VAL DE LOIRE,2013-01-20 21:30:00,2013,20,21:30:00,20.9,98.0,10694.0,192.0,0.0,59.0,22.0,0.0,-7797.0,0.0,0.0,157.0,157.0,11630.0,11630.0,662.0,208.0,91.0,91.0,41.0,41.0,2570548
AUVERGNE RHONE ALPES,2017-12-27 16:00:00,2017,361,16:00:00,361.67,203.0,10133.0,338.0,32.0,2256.0,138.0,-489.0,-3351.0,0.0,0.0,1000.0,599.0,13570.0,12760.0,548.0,998.0,11253.0,11063.0,179.0,179.0,7948287
ILE DE FRANCE,2016-07-13 11:00:00,2016,195,11:00:00,195.46,-4.0,0.0,4.0,24.0,7.0,143.0,0.0,7387.0,0.0,0.0,2149.0,1620.0,0.0,0.0,61.0,115.0,19.0,19.0,300.0,300.0,12117132
PROVENCE ALPES COTE D AZUR,2014-01-13 17:00:00,2014,13,17:00:00,13.71,838.0,0.0,1.0,0.0,1441.0,76.0,0.0,3481.0,0.0,0.0,2592.0,2318.0,0.0,0.0,45.0,783.0,3160.0,3160.0,151.0,151.0,4983438
PAYS DE LA LOIRE,2016-05-22 02:30:00,2016,143,02:30:00,143.1,14.0,0.0,86.0,0.0,3.0,39.0,0.0,1926.0,0.0,0.0,1880.0,1337.0,0.0,0.0,649.0,466.0,8.0,8.0,62.0,62.0,3737632
BRETAGNE,2021-06-30 09:30:00,2021,181,09:30:00,181.4,5.0,0.0,6.0,32.0,2.0,51.0,-1.0,2433.0,0.0,0.0,1428.0,1428.0,0.0,0.0,1093.0,327.0,272.0,272.0,81.0,81.0,3394567
AUVERGNE RHONE ALPES,2021-12-27 02:00:00,2021,361,02:00:00,361.08,188.0,10908.0,175.0,0.0,1544.0,116.0,-1105.0,-4112.0,0.0,0.0,1048.0,992.0,13570.0,12669.0,723.0,1608.0,11779.0,11653.0,208.0,208.0,8114361
OCCITANIE,2018-10-22 06:30:00,2018,295,06:30:00,295.27,0.0,2584.0,225.0,0.0,396.0,91.0,-642.0,515.0,0.0,0.0,299.0,299.0,2620.0,1310.0,1440.0,1973.0,5485.0,5311.0,146.0,146.0,5885496
OCCITANIE,2015-09-11 01:30:00,2015,254,01:30:00,254.06,-4.0,1138.0,59.0,0.0,209.0,94.0,-626.0,2052.0,0.0,0.0,266.0,0.0,2620.0,1310.0,1039.0,1448.0,5455.0,5228.0,137.0,137.0,5774185
AUVERGNE RHONE ALPES,2022-03-21 20:30:00,2022,80,20:30:00,80.85,480.0,9778.0,193.0,0.0,4276.0,128.0,-3.0,-6663.0,0.0,0.0,1048.0,1048.0,13570.0,12658.0,723.0,1661.0,11780.0,11629.0,208.0,208.0,8155762
OCCITANIE,2015-01-18 05:00:00,2015,18,05:00:00,18.21,64.0,2459.0,37.0,0.0,642.0,94.0,-678.0,2235.0,0.0,0.0,266.0,266.0,2620.0,2620.0,943.0,1359.0,5435.0,5208.0,133.0,133.0,5774185
ILE DE FRANCE,2016-08-17 19:30:00,2016,230,19:30:00,230.81,-3.0,0.0,0.0,8.0,4.0,140.0,0.0,6568.0,0.0,0.0,2149.0,1647.0,0.0,0.0,61.0,115.0,19.0,19.0,300.0,300.0,12117132
ILE DE FRANCE,2016-07-20 23:30:00,2016,202,23:30:00,202.98,-2.0,0.0,5.0,0.0,9.0,158.0,0.0,7130.0,0.0,0.0,2149.0,1648.0,0.0,0.0,61.0,115.0,19.0,19.0,300.0,300.0,12117132
AUVERGNE RHONE ALPES,2015-06-27 08:30:00,2015,178,08:30:00,178.35,56.0,10507.0,28.0,125.0,3087.0,96.0,-17.0,-7810.0,0.0,0.0,944.0,944.0,13570.0,12667.0,372.0,880.0,11183.0,10934.0,141.0,141.0,7877698
BRETAGNE,2017-07-03 02:00:00,2017,184,02:00:00,184.08,1.0,0.0,16.0,0.0,0.0,49.0,-1.0,1656.0,0.0,0.0,848.0,763.0,0.0,0.0,916.0,238.0,275.0,275.0,66.0,66.0,3318904
GRAND EST,2020-10-22 22:30:00,2020,296,22:30:00,296.94,1181.0,9100.0,1202.0,0.0,727.0,113.0,0.0,-7358.0,0.0,0.0,3585.0,3275.0,10820.0,9667.0,3833.0,666.0,2305.0,2036.0,190.0,190.0,5562651
OCCITANIE,2015-02-12 15:30:00,2015,43,15:30:00,43.65,61.0,2594.0,112.0,311.0,2123.0,87.0,-16.0,213.0,0.0,0.0,266.0,266.0,2620.0,2620.0,943.0,1376.0,5441.0,5214.0,133.0,133.0,5774185
PAYS DE LA LOIRE,2016-04-18 02:00:00,2016,109,02:00:00,109.08,3.0,0.0,70.0,0.0,5.0,37.0,0.0,3131.0,0.0,0.0,1880.0,1319.0,0.0,0.0,641.0,465.0,8.0,8.0,62.0,62.0,3737632
BRETAGNE,2016-06-06 01:00:00,2016,158,01:00:00,158.04,0.0,0.0,56.0,0.0,214.0,30.0,-1.0,1559.0,0.0,0.0,771.0,686.0,0.0,0.0,853.0,227.0,275.0,275.0,56.0,56.0,3306529
OCCITANIE,2013-01-06 09:30:00,2013,6,09:30:00,6.4,90.0,2494.0,356.0,40.0,658.0,85.0,-611.0,1603.0,0.0,0.0,245.0,245.0,2620.0,2620.0,861.0,1040.0,5368.0,5368.0,126.0,126.0,5683878
ILE DE FRANCE,2017-12-13 10:00:00,2017,347,10:00:00,347.42,516.0,0.0,55.0,0.0,6.0,158.0,0.0,12099.0,0.0,0.0,2151.0,2051.0,0.0,0.0,88.0,119.0,19.0,19.0,306.0,306.0,12174880
ILE DE FRANCE,2020-12-08 18:30:00,2020,343,18:30:00,343.77,847.0,0.0,2.0,0.0,7.0,103.0,0.0,11370.0,0.0,0.0,2171.0,2171.0,0.0,0.0,125.0,169.0,20.0,20.0,314.0,314.0,12271794
AUVERGNE RHONE ALPES,2022-08-27 11:30:00,2022,239,11:30:00,239.48,411.0,5510.0,122.0,783.0,1217.0,123.0,-284.0,-1579.0,0.0,0.0,1048.0,1048.0,13570.0,12615.0,723.0,1759.0,11788.0,11676.0,208.0,208.0,8155762
PROVENCE ALPES COTE D AZUR,2017-09-22 17:00:00,2017,265,17:00:00,265.71,1093.0,0.0,1.0,308.0,253.0,112.0,-51.0,2337.0,0.0,0.0,2630.0,2260.0,0.0,0.0,48.0,1167.0,3221.0,3097.0,354.0,354.0,5030890
BOURGOGNE FRANCHE COMTE,2018-04-29 02:30:00,2018,119,02:30:00,119.1,25.0,0.0,268.0,0.0,33.0,26.0,0.0,1483.0,0.0,0.0,386.0,386.0,0.0,0.0,676.0,306.0,520.0,404.0,36.0,36.0,2807807
HAUTS DE FRANCE,2019-09-07 05:30:00,2019,250,05:30:00,250.23,949.0,2697.0,263.0,0.0,0.0,123.0,0.0,41.0,0.0,0.0,2969.0,2740.0,5460.0,4550.0,4544.0,238.0,5.0,5.0,178.0,178.0,6004947
NORMANDIE,2020-03-13 01:30:00,2020,73,01:30:00,73.06,394.0,4991.0,518.0,0.0,5.0,60.0,0.0,-2447.0,0.0,0.0,833.0,833.0,10640.0,9310.0,806.0,263.0,31.0,31.0,110.0,110.0,3325522
PAYS DE LA LOIRE,2015-05-20 23:30:00,2015,140,23:30:00,140.98,5.0,0.0,134.0,0.0,2.0,29.0,0.0,2864.0,0.0,0.0,1867.0,1274.0,0.0,0.0,560.0,447.0,7.0,7.0,61.0,61.0,3718512
PROVENCE ALPES COTE D AZUR,2020-05-24 15:00:00,2020,145,15:00:00,145.62,61.0,0.0,40.0,967.0,1511.0,109.0,-51.0,696.0,0.0,0.0,2710.0,2279.0,0.0,0.0,48.0,1459.0,3259.0,3259.0,357.0,207.0,5098666
HAUTS DE FRANCE,2021-12-06 19:30:00,2021,340,19:30:00,340.81,1977.0,3631.0,3851.0,0.0,2.0,101.0,0.0,-1493.0,0.0,0.0,2990.0,2990.0,5460.0,4550.0,5609.0,435.0,5.0,5.0,190.0,190.0,5995292
GRAND EST,2014-07-14 03:00:00,2014,195,03:00:00,195.12,39.0,6989.0,264.0,0.0,1261.0,53.0,-179.0,-4923.0,0.0,0.0,3398.0,3198.0,10820.0,9520.0,2112.0,515.0,2283.0,2283.0,97.0,97.0,5554645
NORMANDIE,2020-07-09 10:30:00,2020,191,10:30:00,191.44,219.0,3800.0,99.0,76.0,10.0,64.0,0.0,-1441.0,0.0,0.0,838.0,258.0,10640.0,9310.0,819.0,265.0,31.0,31.0,111.0,111.0,3325522
HAUTS DE FRANCE,2019-06-30 08:00:00,2019,181,08:00:00,181.33,279.0,3342.0,672.0,20.0,0.0,115.0,0.0,-404.0,0.0,0.0,2969.0,2690.0,5460.0,4584.0,4531.0,237.0,5.0,5.0,178.0,178.0,6004947
BRETAGNE,2019-06-11 21:30:00,2019,162,21:30:00,162.9,1.0,0.0,209.0,4.0,170.0,43.0,-1.0,1701.0,0.0,0.0,956.0,855.0,0.0,0.0,1021.0,266.0,270.0,270.0,73.0,73.0,3354854
PROVENCE ALPES COTE D AZUR,2015-12-08 13:30:00,2015,342,13:30:00,342.56,1718.0,0.0,5.0,246.0,515.0,90.0,0.0,2905.0,0.0,0.0,2612.0,2147.0,0.0,0.0,48.0,969.0,3178.0,3178.0,183.0,183.0,5007977
BOURGOGNE FRANCHE COMTE,2014-05-25 11:30:00,2014,145,11:30:00,145.48,29.0,0.0,22.0,82.0,67.0,20.0,0.0,1527.0,0.0,0.0,313.0,68.0,0.0,0.0,254.0,246.0,508.0,508.0,25.0,25.0,2820623
HAUTS DE FRANCE,2022-03-21 01:30:00,2022,80,01:30:00,80.06,1893.0,2595.0,470.0,0.0,3.0,124.0,0.0,539.0,0.0,0.0,2990.0,2990.0,5460.0,4550.0,5729.0,440.0,6.0,6.0,190.0,190.0,5990765
NORMANDIE,2015-05-03 12:00:00,2015,123,12:00:00,123.5,222.0,6306.0,301.0,20.0,21.0,41.0,0.0,-4054.0,0.0,0.0,761.0,181.0,10640.0,9698.0,510.0,214.0,24.0,24.0,94.0,94.0,3339131
NOUVELLE AQUITAINE,2015-03-17 19:30:00,2015,76,19:30:00,76.81,124.0,4703.0,73.0,0.0,1003.0,169.0,0.0,-464.0,0.0,0.0,427.0,427.0,6630.0,5922.0,479.0,1439.0,1774.0,1774.0,234.0,234.0,5911482
PAYS DE LA LOIRE,2016-06-06 14:30:00,2016,158,14:30:00,158.6,13.0,0.0,7.0,185.0,2.0,38.0,0.0,2685.0,0.0,0.0,1880.0,1337.0,0.0,0.0,649.0,466.0,8.0,8.0,62.0,62.0,3737632
OCCITANIE,2021-11-17 00:30:00,2021,321,00:30:00,321.02,112.0,1238.0,793.0,0.0,1214.0,88.0,0.0,1327.0,0.0,0.0,326.0,326.0,2620.0,2620.0,1593.0,2749.0,5500.0,5465.0,173.0,173.0,6022176
BRETAGNE,2021-04-17 21:00:00,2021,107,21:00:00,107.88,2.0,0.0,135.0,1.0,4.0,49.0,-1.0,2154.0,0.0,0.0,982.0,982.0,0.0,0.0,1077.0,316.0,272.0,272.0,81.0,81.0,3394567
BRETAGNE,2019-10-28 16:30:00,2019,301,16:30:00,301.69,9.0,0.0,150.0,8.0,4.0,41.0,-1.0,2876.0,0.0,0.0,969.0,969.0,0.0,0.0,1021.0,270.0,272.0,272.0,75.0,75.0,3354854
PROVENCE ALPES COTE D AZUR,2016-07-14 19:00:00,2016,196,19:00:00,196.79,265.0,0.0,44.0,235.0,980.0,110.0,0.0,2569.0,0.0,0.0,2614.0,2242.0,0.0,0.0,48.0,1036.0,3191.0,3191.0,354.0,354.0,5021928
OCCITANIE,2016-06-10 01:30:00,2016,162,01:30:00,162.06,-2.0,1088.0,66.0,0.0,1272.0,77.0,-516.0,1063.0,0.0,0.0,266.0,266.0,2620.0,1310.0,1098.0,1597.0,5462.0,5235.0,139.0,139.0,5808435
AUVERGNE RHONE ALPES,2021-09-08 10:00:00,2021,251,10:00:00,251.42,64.0,9839.0,203.0,470.0,1731.0,127.0,-13.0,-5123.0,0.0,0.0,1047.0,1047.0,13570.0,12690.0,723.0,1518.0,11772.0,11632.0,208.0,208.0,8114361
ILE DE FRANCE,2019-07-08 10:30:00,2019,189,10:30:00,189.44,0.0,0.0,19.0,39.0,5.0,144.0,0.0,7052.0,0.0,0.0,2170.0,2078.0,0.0,0.0,108.0,127.0,20.0,20.0,314.0,314.0,12262544
BRETAGNE,2020-09-10 12:30:00,2020,254,12:30:00,254.52,3.0,0.0,6.0,71.0,2.0,54.0,-1.0,2536.0,0.0,0.0,978.0,892.0,0.0,0.0,1028.0,288.0,272.0,272.0,80.0,80.0,3373835
BRETAGNE,2014-04-15 16:30:00,2014,105,16:30:00,105.69,0.0,0.0,219.0,101.0,115.0,28.0,-1.0,1974.0,0.0,0.0,688.0,688.0,0.0,0.0,747.0,210.0,251.0,251.0,51.0,51.0,3276543
AUVERGNE RHONE ALPES,2014-09-27 00:00:00,2014,270,00:00:00,270.0,55.0,10536.0,95.0,0.0,1866.0,91.0,-47.0,-6254.0,0.0,0.0,938.0,938.0,13570.0,12655.0,347.0,831.0,11153.0,11001.0,141.0,141.0,7820966
PAYS DE LA LOIRE,2014-04-14 19:30:00,2014,104,19:30:00,104.81,944.0,0.0,132.0,42.0,3.0,28.0,0.0,1780.0,0.0,0.0,1864.0,1429.0,0.0,0.0,518.0,409.0,6.0,6.0,58.0,58.0,3690833
CENTRE VAL DE LOIRE,2014-07-12 06:30:00,2014,193,06:30:00,193.27,2.0,7839.0,18.0,0.0,13.0,46.0,0.0,-6665.0,0.0,0.0,162.0,162.0,11630.0,11630.0,801.0,217.0,91.0,91.0,56.0,56.0,2577435
BRETAGNE,2021-01-13 18:30:00,2021,13,18:30:00,13.77,244.0,0.0,208.0,0.0,48.0,45.0,-1.0,3233.0,0.0,0.0,982.0,982.0,0.0,0.0,1052.0,297.0,272.0,272.0,81.0,81.0,3394567
NORMANDIE,2017-06-16 19:00:00,2017,167,19:00:00,167.79,316.0,5020.0,64.0,38.0,9.0,54.0,0.0,-2752.0,0.0,0.0,785.0,205.0,10640.0,9310.0,622.0,222.0,31.0,31.0,98.0,98.0,3330478
HAUTS DE FRANCE,2020-11-14 10:30:00,2020,319,10:30:00,319.44,1008.0,2677.0,2121.0,30.0,1.0,121.0,0.0,-501.0,0.0,0.0,2984.0,2984.0,5460.0,4550.0,5285.0,272.0,5.0,5.0,181.0,181.0,5997734
BOURGOGNE FRANCHE COMTE,2013-01-26 03:00:00,2013,26,03:00:00,26.12,451.0,0.0,2.0,0.0,84.0,14.0,0.0,2622.0,0.0,0.0,289.0,289.0,0.0,0.0,204.0,226.0,479.0,479.0,24.0,24.0,2819783
PAYS DE LA LOIRE,2016-04-22 09:30:00,2016,113,09:30:00,113.4,432.0,0.0,11.0,34.0,4.0,38.0,0.0,3030.0,0.0,0.0,1880.0,1319.0,0.0,0.0,641.0,465.0,8.0,8.0,62.0,62.0,3737632
CENTRE VAL DE LOIRE,2015-11-12 12:00:00,2015,316,12:00:00,316.5,73.0,7800.0,5.0,101.0,0.0,60.0,0.0,-5873.0,0.0,0.0,168.0,168.0,11630.0,10766.0,842.0,241.0,91.0,91.0,71.0,71.0,2578592
PAYS DE LA LOIRE,2013-10-20 22:00:00,2013,293,22:00:00,293.92,486.0,0.0,153.0,0.0,0.0,25.0,0.0,1505.0,0.0,0.0,1837.0,1837.0,0.0,0.0,502.0,396.0,6.0,6.0,58.0,58.0,3660852
GRAND EST,2021-12-22 14:30:00,2021,356,14:30:00,356.6,2045.0,6388.0,206.0,148.0,635.0,162.0,0.0,-2400.0,0.0,0.0,3590.0,3590.0,10820.0,9901.0,4189.0,966.0,2306.0,2104.0,210.0,210.0,5561287
GRAND EST,2014-06-01 08:30:00,2014,152,08:30:00,152.35,41.0,7326.0,100.0,92.0,846.0,53.0,0.0,-4901.0,0.0,0.0,3398.0,3198.0,10820.0,10820.0,2050.0,515.0,2283.0,2283.0,96.0,96.0,5554645
OCCITANIE,2015-03-19 11:00:00,2015,78,11:00:00,78.46,59.0,2584.0,56.0,528.0,2230.0,72.0,0.0,-679.0,0.0,0.0,266.0,266.0,2620.0,2620.0,943.0,1382.0,5448.0,5221.0,133.0,133.0,5774185
NORMANDIE,2019-11-05 14:30:00,2019,309,14:30:00,309.6,343.0,3670.0,29.0,57.0,21.0,61.0,0.0,-793.0,0.0,0.0,833.0,833.0,10640.0,9393.0,806.0,260.0,31.0,31.0,108.0,108.0,3325032
OCCITANIE,2018-08-23 03:30:00,2018,235,03:30:00,235.15,0.0,1140.0,26.0,0.0,492.0,97.0,-922.0,2238.0,0.0,0.0,295.0,295.0,2620.0,1370.0,1425.0,1946.0,5485.0,5277.0,146.0,146.0,5885496
GRAND EST,2017-11-30 02:00:00,2017,334,02:00:00,334.08,1900.0,9193.0,412.0,0.0,801.0,120.0,-541.0,-5633.0,0.0,0.0,3471.0,2960.0,10820.0,9666.0,3040.0,550.0,2299.0,1995.0,141.0,141.0,5549586
ILE DE FRANCE,2017-12-03 05:30:00,2017,337,05:30:00,337.23,535.0,0.0,1.0,0.0,7.0,159.0,0.0,8797.0,0.0,0.0,2151.0,2000.0,0.0,0.0,88.0,119.0,19.0,19.0,306.0,306.0,12174880
AUVERGNE RHONE ALPES,2021-03-25 13:00:00,2021,84,13:00:00,84.54,567.0,10472.0,37.0,649.0,2274.0,112.0,-3.0,-5912.0,0.0,0.0,1047.0,1047.0,13570.0,12690.0,723.0,1431.0,11767.0,11619.0,208.0,208.0,8114361
PAYS DE LA LOIRE,2017-01-08 11:00:00,2017,8,11:00:00,8.46,882.0,0.0,24.0,23.0,1.0,47.0,0.0,3066.0,0.0,0.0,1905.0,1494.0,0.0,0.0,697.0,491.0,8.0,8.0,63.0,63.0,3757600
OCCITANIE,2016-05-22 00:00:00,2016,143,00:00:00,143.0,-1.0,1096.0,502.0,0.0,1577.0,70.0,-258.0,721.0,0.0,0.0,266.0,266.0,2620.0,1310.0,1098.0,1575.0,5462.0,5235.0,137.0,137.0,5808435
AUVERGNE RHONE ALPES,2019-12-26 08:00:00,2019,360,08:00:00,360.33,214.0,11723.0,162.0,0.0,4269.0,143.0,-7.0,-8310.0,0.0,0.0,1032.0,1032.0,13570.0,12734.0,635.0,1230.0,11741.0,11572.0,191.0,191.0,8042936
BOURGOGNE FRANCHE COMTE,2016-02-18 03:00:00,2016,49,03:00:00,49.12,138.0,0.0,86.0,0.0,159.0,17.0,0.0,2575.0,0.0,0.0,329.0,329.0,0.0,0.0,414.0,264.0,513.0,513.0,29.0,29.0,2818338
GRAND EST,2022-01-09 13:30:00,2022,9,13:30:00,9.56,595.0,7481.0,1101.0,143.0,1314.0,161.0,0.0,-4793.0,0.0,0.0,3590.0,3590.0,10820.0,9989.0,4189.0,968.0,2306.0,2104.0,211.0,211.0,5563889
NOUVELLE AQUITAINE,2018-03-10 14:00:00,2018,69,14:00:00,69.58,165.0,5657.0,159.0,514.0,748.0,120.0,0.0,-2359.0,0.0,0.0,482.0,482.0,6630.0,5525.0,882.0,2278.0,1781.0,1663.0,314.0,314.0,5979778
NORMANDIE,2019-02-02 16:00:00,2019,33,16:00:00,33.67,423.0,7011.0,539.0,25.0,15.0,41.0,0.0,-4069.0,0.0,0.0,833.0,253.0,10640.0,9349.0,791.0,253.0,31.0,31.0,105.0,105.0,3325032
NOUVELLE AQUITAINE,2014-01-21 18:30:00,2014,21,18:30:00,21.77,139.0,5779.0,101.0,0.0,894.0,121.0,0.0,63.0,0.0,0.0,421.0,421.0,6630.0,6630.0,381.0,1026.0,1760.0,1760.0,215.0,215.0,5879144
BOURGOGNE FRANCHE COMTE,2015-11-12 17:30:00,2015,316,17:30:00,316.73,100.0,0.0,23.0,0.0,138.0,22.0,0.0,2532.0,0.0,0.0,325.0,80.0,0.0,0.0,414.0,262.0,513.0,513.0,29.0,29.0,2820940
GRAND EST,2022-10-21 22:30:00,2022,294,22:30:00,294.94,1613.0,3640.0,909.0,0.0,825.0,151.0,0.0,-3001.0,0.0,0.0,3615.0,3615.0,10820.0,9638.0,4432.0,1103.0,2308.0,1954.0,235.0,235.0,5563889
NOUVELLE AQUITAINE,2015-09-02 18:30:00,2015,245,18:30:00,245.77,55.0,4677.0,16.0,277.0,183.0,164.0,0.0,-1126.0,0.0,0.0,427.0,427.0,6630.0,5720.0,534.0,1535.0,1775.0,1657.0,239.0,239.0,5911482
BOURGOGNE FRANCHE COMTE,2018-04-19 10:00:00,2018,109,10:00:00,109.42,20.0,0.0,25.0,100.0,65.0,29.0,0.0,2083.0,0.0,0.0,386.0,386.0,0.0,0.0,676.0,306.0,520.0,443.0,36.0,36.0,2807807
BRETAGNE,2019-08-09 15:30:00,2019,221,15:30:00,221.65,1.0,0.0,879.0,101.0,7.0,50.0,-33.0,1164.0,0.0,0.0,960.0,960.0,0.0,0.0,1021.0,268.0,270.0,270.0,74.0,74.0,3354854
GRAND EST,2016-05-16 09:30:00,2016,137,09:30:00,137.4,49.0,9449.0,152.0,69.0,1243.0,87.0,0.0,-6861.0,0.0,0.0,3424.0,2946.0,10820.0,9420.0,2601.0,527.0,2286.0,2084.0,121.0,121.0,5555186
AUVERGNE RHONE ALPES,2013-11-01 06:00:00,2013,305,06:00:00,305.25,169.0,8759.0,40.0,0.0,2095.0,76.0,-973.0,-3971.0,0.0,0.0,926.0,926.0,13570.0,13570.0,335.0,740.0,11125.0,11125.0,125.0,125.0,7757595
GRAND EST,2016-02-12 21:30:00,2016,43,21:30:00,43.9,1364.0,11409.0,304.0,0.0,1023.0,109.0,-6.0,-7814.0,0.0,0.0,3424.0,3424.0,10820.0,10197.0,2575.0,525.0,2286.0,2084.0,119.0,119.0,5555186
HAUTS DE FRANCE,2013-06-05 21:30:00,2013,156,21:30:00,156.9,272.0,3584.0,377.0,0.0,1.0,61.0,0.0,778.0,0.0,0.0,2268.0,2268.0,5460.0,5460.0,2126.0,210.0,5.0,5.0,139.0,139.0,5987883
BOURGOGNE FRANCHE COMTE,2015-01-12 16:00:00,2015,12,16:00:00,12.67,108.0,0.0,164.0,27.0,103.0,19.0,0.0,2670.0,0.0,0.0,325.0,80.0,0.0,0.0,344.0,253.0,510.0,510.0,28.0,28.0,2820940
PROVENCE ALPES COTE D AZUR,2018-03-07 12:30:00,2018,66,12:30:00,66.52,1863.0,0.0,18.0,739.0,1361.0,66.0,0.0,1688.0,0.0,0.0,2663.0,2285.0,0.0,0.0,48.0,1230.0,3227.0,3227.0,357.0,357.0,5052832
ILE DE FRANCE,2018-03-08 09:30:00,2018,67,09:30:00,67.4,679.0,0.0,45.0,6.0,0.0,144.0,0.0,10875.0,0.0,0.0,2157.0,2052.0,0.0,0.0,88.0,122.0,20.0,20.0,306.0,306.0,12213447
PAYS DE LA LOIRE,2013-10-14 13:30:00,2013,287,13:30:00,287.56,1437.0,0.0,74.0,86.0,0.0,36.0,0.0,1647.0,0.0,0.0,1837.0,1152.0,0.0,0.0,490.0,396.0,6.0,6.0,58.0,58.0,3660852
CENTRE VAL DE LOIRE,2021-03-07 13:00:00,2021,66,13:00:00,66.54,88.0,8774.0,70.0,249.0,4.0,60.0,0.0,-6852.0,0.0,0.0,229.0,229.0,11630.0,11630.0,1278.0,482.0,92.0,92.0,88.0,88.0,2573303
HAUTS DE FRANCE,2016-06-10 03:30:00,2016,162,03:30:00,162.15,301.0,4487.0,283.0,0.0,2.0,89.0,0.0,-517.0,0.0,0.0,2864.0,2864.0,5460.0,4550.0,3011.0,213.0,5.0,5.0,163.0,163.0,6006870
NOUVELLE AQUITAINE,2018-12-10 09:30:00,2018,344,09:30:00,344.4,241.0,6737.0,142.0,141.0,203.0,182.0,0.0,-1120.0,0.0,0.0,527.0,527.0,6630.0,6630.0,965.0,2420.0,1781.0,1781.0,318.0,318.0,5979778
NORMANDIE,2021-02-26 22:30:00,2021,57,22:30:00,57.94,697.0,7670.0,112.0,0.0,11.0,63.0,0.0,-4835.0,0.0,0.0,852.0,852.0,10640.0,9797.0,842.0,278.0,31.0,31.0,146.0,146.0,3327966
OCCITANIE,2019-05-03 16:30:00,2019,123,16:30:00,123.69,0.0,2534.0,432.0,635.0,1241.0,84.0,-99.0,-942.0,0.0,0.0,307.0,307.0,2620.0,2620.0,1559.0,2030.0,5488.0,5311.0,146.0,146.0,5933185
GRAND EST,2021-06-17 19:00:00,2021,168,19:00:00,168.79,1163.0,6230.0,65.0,146.0,1224.0,128.0,0.0,-3795.0,0.0,0.0,3585.0,3172.0,10820.0,9940.0,3913.0,896.0,2305.0,2103.0,207.0,207.0,5561287
NOUVELLE AQUITAINE,2022-09-05 17:00:00,2022,248,17:00:00,248.71,73.0,1019.0,576.0,1920.0,128.0,178.0,0.0,562.0,0.0,0.0,579.0,579.0,6630.0,5665.0,1592.0,3760.0,1786.0,1675.0,356.0,356.0,6098051
BOURGOGNE FRANCHE COMTE,2019-05-26 13:00:00,2019,146,13:00:00,146.54,22.0,0.0,35.0,189.0,38.0,30.0,0.0,1663.0,0.0,0.0,401.0,401.0,0.0,0.0,831.0,335.0,520.0,520.0,67.0,67.0,2805580
OCCITANIE,2019-09-07 05:30:00,2019,250,05:30:00,250.23,0.0,2268.0,536.0,0.0,249.0,81.0,-426.0,10.0,0.0,0.0,307.0,307.0,2620.0,2620.0,1559.0,2118.0,5489.0,5299.0,146.0,146.0,5933185
PROVENCE ALPES COTE D AZUR,2019-11-05 02:30:00,2019,309,02:30:00,309.1,867.0,0.0,2.0,0.0,1248.0,101.0,0.0,1768.0,0.0,0.0,2678.0,2254.0,0.0,0.0,48.0,1408.0,3245.0,3121.0,357.0,207.0,5081101
BOURGOGNE FRANCHE COMTE,2017-01-13 10:30:00,2017,13,10:30:00,13.44,136.0,0.0,215.0,8.0,204.0,20.0,0.0,3162.0,0.0,0.0,331.0,331.0,0.0,0.0,546.0,266.0,518.0,518.0,31.0,31.0,2811423
NOUVELLE AQUITAINE,2018-06-22 07:30:00,2018,173,07:30:00,173.31,26.0,3949.0,468.0,110.0,420.0,178.0,0.0,-1052.0,0.0,0.0,482.0,482.0,6630.0,5767.0,924.0,2355.0,1781.0,1670.0,315.0,315.0,5979778
AUVERGNE RHONE ALPES,2017-10-07 06:30:00,2017,280,06:30:00,280.27,432.0,8039.0,140.0,0.0,924.0,120.0,-1138.0,-2454.0,0.0,0.0,985.0,985.0,13570.0,12645.0,538.0,964.0,11246.0,11043.0,178.0,178.0,7948287
PROVENCE ALPES COTE D AZUR,2016-01-27 06:30:00,2016,27,06:30:00,27.27,451.0,0.0,0.0,0.0,483.0,99.0,0.0,4351.0,0.0,0.0,2614.0,2350.0,0.0,0.0,48.0,986.0,3178.0,3052.0,204.0,204.0,5021928
HAUTS DE FRANCE,2014-02-14 15:00:00,2014,45,15:00:00,45.62,836.0,5452.0,1327.0,5.0,2.0,101.0,0.0,35.0,0.0,0.0,2278.0,2028.0,5460.0,5460.0,2259.0,211.0,5.0,5.0,139.0,139.0,6006156
PAYS DE LA LOIRE,2018-05-27 01:30:00,2018,147,01:30:00,147.06,-8.0,0.0,63.0,0.0,2.0,51.0,0.0,2040.0,0.0,0.0,1968.0,1714.0,0.0,0.0,804.0,542.0,8.0,8.0,69.0,69.0,3781423
HAUTS DE FRANCE,2022-08-24 23:00:00,2022,236,23:00:00,236.96,1271.0,2558.0,325.0,0.0,0.0,90.0,0.0,246.0,0.0,0.0,2996.0,2885.0,5460.0,4550.0,5882.0,449.0,6.0,6.0,197.0,197.0,5990765
AUVERGNE RHONE ALPES,2019-09-18 20:30:00,2019,261,20:30:00,261.85,353.0,9314.0,154.0,0.0,2642.0,116.0,-19.0,-5537.0,0.0,0.0,1027.0,1027.0,13570.0,12641.0,635.0,1192.0,11631.0,11409.0,190.0,190.0,8042936
ILE DE FRANCE,2014-02-15 16:30:00,2014,46,16:30:00,46.69,256.0,0.0,17.0,7.0,0.0,165.0,0.0,8853.0,0.0,0.0,2122.0,1937.0,0.0,0.0,37.0,110.0,19.0,19.0,282.0,282.0,12027565
BOURGOGNE FRANCHE COMTE,2019-02-17 22:30:00,2019,48,22:30:00,48.94,175.0,0.0,185.0,0.0,89.0,49.0,-67.0,2221.0,0.0,0.0,401.0,401.0,0.0,0.0,800.0,330.0,520.0,520.0,66.0,66.0,2805580
NOUVELLE AQUITAINE,2022-07-15 08:30:00,2022,196,08:30:00,196.35,42.0,2511.0,233.0,579.0,57.0,185.0,0.0,477.0,0.0,0.0,579.0,579.0,6630.0,5601.0,1542.0,3729.0,1786.0,1657.0,356.0,356.0,6098051
ILE DE FRANCE,2017-08-23 15:30:00,2017,235,15:30:00,235.65,0.0,0.0,12.0,35.0,5.0,132.0,0.0,6964.0,0.0,0.0,2149.0,1864.0,0.0,0.0,88.0,117.0,19.0,19.0,301.0,301.0,12174880
HAUTS DE FRANCE,2014-10-28 17:00:00,2014,301,17:00:00,301.71,360.0,4530.0,369.0,1.0,1.0,78.0,0.0,999.0,0.0,0.0,2301.0,2301.0,5460.0,5460.0,2476.0,212.0,5.0,5.0,142.0,142.0,6006156
BOURGOGNE FRANCHE COMTE,2015-06-01 12:30:00,2015,152,12:30:00,152.52,23.0,0.0,17.0,56.0,26.0,18.0,0.0,2442.0,0.0,0.0,325.0,80.0,0.0,0.0,362.0,254.0,512.0,512.0,29.0,29.0,2820940
NORMANDIE,2014-04-14 21:30:00,2014,104,21:30:00,104.9,238.0,7659.0,47.0,0.0,17.0,35.0,0.0,-4701.0,0.0,0.0,761.0,181.0,10640.0,10640.0,463.0,211.0,24.0,24.0,89.0,89.0,3335645
PROVENCE ALPES COTE D AZUR,2014-05-16 20:30:00,2014,136,20:30:00,136.85,139.0,0.0,33.0,13.0,1800.0,64.0,0.0,2062.0,0.0,0.0,2592.0,2318.0,0.0,0.0,45.0,833.0,3161.0,3161.0,170.0,170.0,4983438
BRETAGNE,2018-02-24 02:30:00,2018,55,02:30:00,55.1,236.0,0.0,171.0,0.0,11.0,42.0,-35.0,3287.0,0.0,0.0,904.0,904.0,0.0,0.0,951.0,251.0,270.0,270.0,68.0,68.0,3335414
BRETAGNE,2022-02-16 20:30:00,2022,47,20:30:00,47.85,244.0,0.0,830.0,0.0,17.0,55.0,-51.0,2092.0,0.0,0.0,1432.0,986.0,0.0,0.0,1149.0,361.0,272.0,272.0,82.0,82.0,3414637
PAYS DE LA LOIRE,2017-12-03 19:30:00,2017,337,19:30:00,337.81,1772.0,0.0,38.0,0.0,2.0,46.0,0.0,2164.0,0.0,0.0,1943.0,1258.0,0.0,0.0,786.0,526.0,8.0,8.0,69.0,69.0,3757600
GRAND EST,2014-10-10 13:30:00,2014,283,13:30:00,283.56,2169.0,7971.0,8.0,72.0,955.0,65.0,0.0,-5709.0,0.0,0.0,3398.0,3198.0,10820.0,10820.0,2257.0,517.0,2283.0,2283.0,107.0,107.0,5554645
HAUTS DE FRANCE,2016-11-20 04:30:00,2016,325,04:30:00,325.19,1054.0,2743.0,2382.0,0.0,1.0,116.0,0.0,-848.0,0.0,0.0,2882.0,2745.0,5460.0,4550.0,3225.0,214.0,5.0,5.0,164.0,164.0,6006870
CENTRE VAL DE LOIRE,2022-12-15 18:30:00,2022,349,18:30:00,349.77,129.0,10601.0,850.0,0.0,17.0,57.0,0.0,-8301.0,0.0,0.0,229.0,229.0,11630.0,10779.0,1566.0,806.0,93.0,93.0,91.0,91.0,2572916
ILE DE FRANCE,2018-07-22 17:30:00,2018,203,17:30:00,203.73,-2.0,0.0,1.0,23.0,8.0,157.0,0.0,5845.0,0.0,0.0,2157.0,2116.0,0.0,0.0,88.0,122.0,20.0,20.0,306.0,306.0,12213447
CENTRE VAL DE LOIRE,2019-08-07 14:00:00,2019,219,14:00:00,219.58,14.0,6897.0,192.0,159.0,0.0,54.0,0.0,-5587.0,0.0,0.0,229.0,229.0,11630.0,10658.0,1168.0,325.0,91.0,91.0,85.0,85.0,2573180
PROVENCE ALPES COTE D AZUR,2020-09-03 16:30:00,2020,247,16:30:00,247.69,821.0,0.0,7.0,784.0,640.0,95.0,0.0,1804.0,0.0,0.0,2710.0,2313.0,0.0,0.0,48.0,1503.0,3262.0,3168.0,357.0,207.0,5098666
GRAND EST,2017-07-18 08:30:00,2017,199,08:30:00,199.35,1740.0,10447.0,529.0,97.0,838.0,63.0,0.0,-8744.0,0.0,0.0,3453.0,2925.0,10820.0,10040.0,2953.0,548.0,2298.0,1987.0,141.0,141.0,5549586
BRETAGNE,2019-05-15 04:00:00,2019,135,04:00:00,135.17,1.0,0.0,345.0,0.0,3.0,46.0,-1.0,1318.0,0.0,0.0,956.0,871.0,0.0,0.0,1009.0,265.0,270.0,270.0,72.0,72.0,3354854
NOUVELLE AQUITAINE,2019-05-05 15:30:00,2019,125,15:30:00,125.65,25.0,4695.0,109.0,1397.0,205.0,197.0,0.0,-2233.0,0.0,0.0,538.0,538.0,6630.0,5720.0,999.0,2476.0,1782.0,1673.0,319.0,319.0,6010289
PAYS DE LA LOIRE,2013-11-12 21:00:00,2013,316,21:00:00,316.88,1392.0,0.0,216.0,0.0,3.0,36.0,0.0,1663.0,0.0,0.0,1854.0,1854.0,0.0,0.0,502.0,397.0,6.0,6.0,58.0,58.0,3660852
PROVENCE ALPES COTE D AZUR,2017-09-25 09:30:00,2017,268,09:30:00,268.4,1870.0,0.0,0.0,187.0,587.0,88.0,0.0,1506.0,0.0,0.0,2630.0,2324.0,0.0,0.0,48.0,1167.0,3221.0,3039.0,354.0,354.0,5030890
AUVERGNE RHONE ALPES,2019-08-27 17:30:00,2019,239,17:30:00,239.73,333.0,9818.0,23.0,222.0,2808.0,108.0,-20.0,-6346.0,0.0,0.0,1027.0,1027.0,13570.0,12658.0,635.0,1178.0,11631.0,11407.0,190.0,190.0,8042936
AUVERGNE RHONE ALPES,2021-12-26 19:30:00,2021,360,19:30:00,360.81,517.0,11233.0,51.0,0.0,2795.0,117.0,-5.0,-6300.0,0.0,0.0,1048.0,992.0,13570.0,12669.0,723.0,1608.0,11779.0,11653.0,208.0,208.0,8114361
ILE DE FRANCE,2016-05-09 22:30:00,2016,130,22:30:00,130.94,-3.0,0.0,4.0,0.0,12.0,148.0,0.0,6957.0,0.0,0.0,2149.0,1655.0,0.0,0.0,61.0,114.0,19.0,19.0,300.0,300.0,12117132
PROVENCE ALPES COTE D AZUR,2022-10-25 07:00:00,2022,298,07:00:00,298.29,1193.0,0.0,2.0,0.0,674.0,59.0,0.0,1415.0,0.0,0.0,2724.0,2404.0,0.0,0.0,96.0,1918.0,3270.0,3238.0,357.0,357.0,5150362
NOUVELLE AQUITAINE,2022-03-20 09:00:00,2022,79,09:00:00,79.38,105.0,2709.0,455.0,455.0,751.0,181.0,0.0,111.0,0.0,0.0,578.0,578.0,6630.0,5428.0,1429.0,3519.0,1784.0,1666.0,356.0,356.0,6098051
AUVERGNE RHONE ALPES,2014-06-25 11:00:00,2014,176,11:00:00,176.46,19.0,9250.0,68.0,316.0,3812.0,69.0,-7.0,-5911.0,0.0,0.0,938.0,938.0,13570.0,13570.0,347.0,818.0,11141.0,10936.0,140.0,140.0,7820966
PROVENCE ALPES COTE D AZUR,2019-10-21 06:00:00,2019,294,06:00:00,294.25,682.0,0.0,5.0,0.0,930.0,82.0,-2.0,1592.0,0.0,0.0,2674.0,2251.0,0.0,0.0,48.0,1402.0,3245.0,3121.0,357.0,207.0,5081101
GRAND EST,2018-12-16 15:00:00,2018,350,15:00:00,350.62,1187.0,11964.0,381.0,77.0,649.0,108.0,0.0,-8414.0,0.0,0.0,3531.0,3027.0,10820.0,9910.0,3325.0,562.0,2301.0,2006.0,163.0,163.0,5550389
BOURGOGNE FRANCHE COMTE,2017-08-06 06:00:00,2017,218,06:00:00,218.25,27.0,0.0,81.0,0.0,10.0,24.0,0.0,1104.0,0.0,0.0,331.0,331.0,0.0,0.0,605.0,270.0,519.0,519.0,33.0,33.0,2811423
GRAND EST,2018-01-03 13:30:00,2018,3,13:30:00,3.56,193.0,11409.0,2601.0,245.0,1372.0,88.0,-5.0,-9410.0,0.0,0.0,3471.0,3471.0,10820.0,9940.0,3053.0,551.0,2300.0,2002.0,145.0,145.0,5550389
ILE DE FRANCE,2016-02-20 22:30:00,2016,51,22:30:00,51.94,391.0,0.0,30.0,0.0,0.0,154.0,0.0,8476.0,0.0,0.0,2149.0,2149.0,0.0,0.0,61.0,114.0,19.0,19.0,300.0,300.0,12117132
PROVENCE ALPES COTE D AZUR,2020-04-23 14:30:00,2020,114,14:30:00,114.6,81.0,0.0,1.0,984.0,721.0,104.0,0.0,2055.0,0.0,0.0,2710.0,2313.0,0.0,0.0,48.0,1457.0,3256.0,3256.0,357.0,207.0,5098666
GRAND EST,2019-07-04 16:00:00,2019,185,16:00:00,185.67,1109.0,7035.0,91.0,495.0,1158.0,103.0,0.0,-4825.0,0.0,0.0,3531.0,2936.0,10820.0,9635.0,3434.0,585.0,2302.0,2004.0,171.0,171.0,5556219
NOUVELLE AQUITAINE,2016-03-10 04:00:00,2016,70,04:00:00,70.17,160.0,6323.0,48.0,-1.0,657.0,187.0,0.0,-1646.0,0.0,0.0,429.0,429.0,6630.0,6121.0,559.0,1837.0,1778.0,1778.0,279.0,279.0,5935603
BOURGOGNE FRANCHE COMTE,2019-06-25 13:30:00,2019,176,13:30:00,176.56,24.0,0.0,74.0,203.0,176.0,27.0,0.0,2039.0,0.0,0.0,401.0,401.0,0.0,0.0,831.0,336.0,520.0,520.0,67.0,67.0,2805580
CENTRE VAL DE LOIRE,2018-01-20 08:00:00,2018,20,08:00:00,20.33,126.0,10088.0,751.0,0.0,52.0,55.0,0.0,-8349.0,0.0,0.0,216.0,216.0,11630.0,10623.0,996.0,280.0,91.0,91.0,76.0,76.0,2572853
OCCITANIE,2014-07-13 01:30:00,2014,194,01:30:00,194.06,0.0,1260.0,354.0,0.0,895.0,81.0,-655.0,1040.0,0.0,0.0,251.0,251.0,2620.0,2620.0,932.0,1268.0,5410.0,5410.0,132.0,132.0,5730753
NOUVELLE AQUITAINE,2020-03-27 17:30:00,2020,87,17:30:00,87.73,156.0,5079.0,122.0,763.0,591.0,209.0,0.0,-2899.0,0.0,0.0,571.0,571.0,6630.0,5281.0,1089.0,2638.0,1783.0,1678.0,340.0,340.0,6033952
PAYS DE LA LOIRE,2018-01-17 12:00:00,2018,17,12:00:00,17.5,170.0,0.0,399.0,136.0,3.0,41.0,0.0,3687.0,0.0,0.0,1954.0,1954.0,0.0,0.0,786.0,534.0,8.0,8.0,69.0,69.0,3781423
BOURGOGNE FRANCHE COMTE,2017-10-28 13:00:00,2017,301,13:00:00,301.54,65.0,0.0,24.0,71.0,15.0,21.0,0.0,2295.0,0.0,0.0,343.0,343.0,0.0,0.0,676.0,271.0,520.0,520.0,35.0,35.0,2811423
OCCITANIE,2013-04-25 09:00:00,2013,115,09:00:00,115.38,-3.0,2347.0,301.0,124.0,1645.0,48.0,0.0,-471.0,0.0,0.0,245.0,245.0,2620.0,2620.0,861.0,1053.0,5378.0,5378.0,126.0,126.0,5683878
AUVERGNE RHONE ALPES,2015-08-23 16:30:00,2015,235,16:30:00,235.69,42.0,9860.0,57.0,70.0,1034.0,96.0,-839.0,-5040.0,0.0,0.0,944.0,944.0,13570.0,12784.0,372.0,887.0,11183.0,10957.0,141.0,141.0,7877698
CENTRE VAL DE LOIRE,2021-12-27 10:00:00,2021,361,10:00:00,361.42,72.0,8301.0,779.0,10.0,23.0,59.0,0.0,-6925.0,0.0,0.0,229.0,229.0,11630.0,10735.0,1381.0,693.0,92.0,92.0,90.0,90.0,2573303
NOUVELLE AQUITAINE,2021-12-18 18:00:00,2021,352,18:00:00,352.75,192.0,2718.0,786.0,0.0,517.0,202.0,0.0,2105.0,0.0,0.0,578.0,578.0,6630.0,5135.0,1368.0,3433.0,1784.0,1784.0,356.0,356.0,6069352
NOUVELLE AQUITAINE,2021-06-07 14:30:00,2021,158,14:30:00,158.6,26.0,3159.0,25.0,1772.0,474.0,182.0,0.0,-1041.0,0.0,0.0,578.0,578.0,6630.0,6630.0,1301.0,3095.0,1784.0,1784.0,354.0,354.0,6069352
OCCITANIE,2014-05-20 01:00:00,2014,140,01:00:00,140.04,-4.0,1254.0,638.0,0.0,1216.0,94.0,-73.0,133.0,0.0,0.0,251.0,251.0,2620.0,2620.0,906.0,1236.0,5409.0,5169.0,128.0,128.0,5730753
BRETAGNE,2019-01-12 20:30:00,2019,12,20:30:00,12.85,265.0,0.0,310.0,0.0,6.0,38.0,-1.0,2421.0,0.0,0.0,956.0,822.0,0.0,0.0,995.0,261.0,270.0,270.0,70.0,70.0,3354854
CENTRE VAL DE LOIRE,2019-06-18 10:00:00,2019,169,10:00:00,169.42,0.0,8299.0,11.0,100.0,2.0,52.0,0.0,-6614.0,0.0,0.0,229.0,229.0,11630.0,10624.0,1160.0,315.0,91.0,91.0,85.0,85.0,2573180
PAYS DE LA LOIRE,2013-03-24 07:30:00,2013,83,07:30:00,83.31,575.0,0.0,115.0,3.0,3.0,38.0,0.0,2025.0,0.0,0.0,1837.0,1257.0,0.0,0.0,466.0,388.0,5.0,5.0,57.0,57.0,3660852
BRETAGNE,2015-01-22 20:30:00,2015,22,20:30:00,22.85,111.0,0.0,69.0,0.0,53.0,35.0,-1.0,3476.0,0.0,0.0,719.0,719.0,0.0,0.0,791.0,218.0,272.0,272.0,53.0,53.0,3293850
PROVENCE ALPES COTE D AZUR,2014-08-31 18:00:00,2014,243,18:00:00,243.75,104.0,0.0,14.0,253.0,920.0,72.0,0.0,2474.0,0.0,0.0,2592.0,2268.0,0.0,0.0,45.0,872.0,3165.0,3165.0,170.0,170.0,4983438
ILE DE FRANCE,2018-12-28 08:00:00,2018,362,08:00:00,362.33,442.0,0.0,0.0,0.0,10.0,136.0,0.0,10588.0,0.0,0.0,2169.0,2101.0,0.0,0.0,88.0,124.0,20.0,20.0,306.0,306.0,12213447
GRAND EST,2013-04-28 08:30:00,2013,118,08:30:00,118.35,95.0,10115.0,105.0,24.0,1229.0,51.0,-262.0,-7123.0,0.0,0.0,3398.0,3398.0,10820.0,10820.0,1859.0,502.0,2280.0,2280.0,86.0,86.0,5552388
HAUTS DE FRANCE,2021-06-16 14:00:00,2021,167,14:00:00,167.58,799.0,2615.0,92.0,188.0,2.0,104.0,0.0,1777.0,0.0,0.0,2990.0,2990.0,5460.0,5460.0,5469.0,405.0,5.0,5.0,182.0,182.0,5995292
BOURGOGNE FRANCHE COMTE,2013-05-04 06:30:00,2013,124,06:30:00,124.27,28.0,0.0,35.0,0.0,99.0,14.0,0.0,1781.0,0.0,0.0,301.0,301.0,0.0,0.0,204.0,228.0,480.0,480.0,24.0,24.0,2819783
CENTRE VAL DE LOIRE,2016-07-13 14:00:00,2016,195,14:00:00,195.58,0.0,5986.0,433.0,104.0,2.0,52.0,0.0,-4593.0,0.0,0.0,170.0,170.0,11630.0,10755.0,886.0,258.0,91.0,91.0,71.0,71.0,2577866
ILE DE FRANCE,2014-10-11 21:00:00,2014,284,21:00:00,284.88,394.0,0.0,0.0,0.0,9.0,136.0,0.0,6950.0,0.0,0.0,2122.0,2122.0,0.0,0.0,37.0,112.0,19.0,19.0,282.0,282.0,12027565
ILE DE FRANCE,2014-11-21 05:00:00,2014,325,05:00:00,325.21,408.0,0.0,1.0,0.0,7.0,133.0,0.0,6741.0,0.0,0.0,2128.0,1543.0,0.0,0.0,37.0,112.0,19.0,19.0,282.0,282.0,12027565
BOURGOGNE FRANCHE COMTE,2018-07-15 18:00:00,2018,196,18:00:00,196.75,26.0,0.0,74.0,43.0,14.0,29.0,-1.0,1513.0,0.0,0.0,386.0,386.0,0.0,0.0,688.0,307.0,520.0,443.0,37.0,37.0,2807807
PAYS DE LA LOIRE,2015-03-22 09:30:00,2015,81,09:30:00,81.4,135.0,0.0,263.0,44.0,6.0,45.0,0.0,2836.0,0.0,0.0,1867.0,1234.0,0.0,0.0,545.0,442.0,7.0,7.0,59.0,59.0,3718512
PAYS DE LA LOIRE,2016-06-09 16:30:00,2016,161,16:30:00,161.69,12.0,0.0,6.0,210.0,1.0,37.0,0.0,2592.0,0.0,0.0,1880.0,1337.0,0.0,0.0,649.0,467.0,8.0,8.0,62.0,62.0,3737632
GRAND EST,2020-12-28 07:30:00,2020,363,07:30:00,363.31,589.0,7642.0,887.0,0.0,919.0,117.0,-161.0,-4833.0,0.0,0.0,3585.0,3172.0,10820.0,9616.0,3849.0,691.0,2305.0,2103.0,193.0,193.0,5562651
AUVERGNE RHONE ALPES,2020-02-21 08:00:00,2020,52,08:00:00,52.33,197.0,9812.0,141.0,11.0,6515.0,126.0,-9.0,-7322.0,0.0,0.0,1034.0,1034.0,13570.0,12699.0,647.0,1244.0,11741.0,11587.0,192.0,192.0,8078652
NORMANDIE,2018-03-16 00:00:00,2018,75,00:00:00,75.0,415.0,6313.0,198.0,0.0,19.0,54.0,0.0,-3362.0,0.0,0.0,813.0,307.0,10640.0,9310.0,712.0,234.0,31.0,31.0,103.0,103.0,3327477
NORMANDIE,2021-01-16 21:00:00,2021,16,21:00:00,16.88,820.0,6364.0,258.0,0.0,15.0,95.0,0.0,-3548.0,0.0,0.0,852.0,852.0,10640.0,9310.0,831.0,273.0,31.0,31.0,146.0,146.0,3327966
NORMANDIE,2016-05-17 06:00:00,2016,138,06:00:00,138.25,546.0,5072.0,68.0,0.0,10.0,30.0,0.0,-3144.0,0.0,0.0,773.0,503.0,10640.0,9310.0,563.0,218.0,31.0,31.0,95.0,95.0,3335929
NOUVELLE AQUITAINE,2016-05-25 03:00:00,2016,146,03:00:00,146.12,32.0,5193.0,153.0,-1.0,462.0,149.0,0.0,-2336.0,0.0,0.0,429.0,429.0,6630.0,5733.0,579.0,1857.0,1778.0,1667.0,280.0,280.0,5935603
OCCITANIE,2017-04-12 12:30:00,2017,102,12:30:00,102.52,2.0,1231.0,38.0,1094.0,1290.0,95.0,-3.0,274.0,0.0,0.0,282.0,282.0,2620.0,1310.0,1194.0,1704.0,5475.0,5111.0,140.0,140.0,5845102
AUVERGNE RHONE ALPES,2022-10-14 19:00:00,2022,287,19:00:00,287.79,78.0,6346.0,273.0,5.0,2755.0,109.0,-13.0,-2834.0,0.0,0.0,1050.0,630.0,13570.0,12658.0,723.0,1799.0,11789.0,11688.0,208.0,208.0,8155762
CENTRE VAL DE LOIRE,2020-12-13 21:30:00,2020,348,21:30:00,348.9,91.0,9272.0,720.0,0.0,24.0,61.0,0.0,-6649.0,0.0,0.0,229.0,229.0,11630.0,10609.0,1278.0,415.0,92.0,92.0,88.0,88.0,2574863
HAUTS DE FRANCE,2015-05-22 09:30:00,2015,142,09:30:00,142.4,420.0,3803.0,49.0,27.0,2.0,108.0,0.0,1758.0,0.0,0.0,2301.0,1970.0,5460.0,4905.0,2734.0,213.0,5.0,5.0,159.0,159.0,6009976
NOUVELLE AQUITAINE,2017-07-01 19:30:00,2017,182,19:30:00,182.81,41.0,2657.0,124.0,180.0,462.0,174.0,0.0,256.0,0.0,0.0,465.0,465.0,6630.0,5330.0,742.0,1973.0,1780.0,1669.0,306.0,306.0,5956978
GRAND EST,2021-02-07 02:30:00,2021,38,02:30:00,38.1,314.0,8414.0,1010.0,0.0,1016.0,140.0,-359.0,-5561.0,0.0,0.0,3585.0,3172.0,10820.0,9785.0,3858.0,696.0,2305.0,2103.0,199.0,199.0,5561287
GRAND EST,2017-03-26 20:00:00,2017,85,20:00:00,85.83,266.0,7456.0,210.0,0.0,1171.0,99.0,0.0,-4663.0,0.0,0.0,3453.0,2992.0,10820.0,9497.0,2879.0,535.0,2297.0,2078.0,140.0,140.0,5549586
CENTRE VAL DE LOIRE,2014-05-19 16:00:00,2014,139,16:00:00,139.67,1.0,9247.0,173.0,112.0,5.0,41.0,0.0,-7628.0,0.0,0.0,162.0,162.0,11630.0,11630.0,749.0,216.0,91.0,91.0,56.0,56.0,2577435
BOURGOGNE FRANCHE COMTE,2023-01-30 13:30:00,2023,30,13:30:00,30.56,170.0,0.0,275.0,85.0,170.0,41.0,0.0,2601.0,0.0,0.0,401.0,401.0,0.0,0.0,1067.0,643.0,524.0,524.0,76.0,76.0,2786296
HAUTS DE FRANCE,2013-09-15 16:30:00,2013,258,16:30:00,258.69,289.0,3447.0,711.0,19.0,0.0,67.0,0.0,-112.0,0.0,0.0,2268.0,2034.0,5460.0,5460.0,2205.0,210.0,5.0,5.0,139.0,139.0,5987883
PROVENCE ALPES COTE D AZUR,2020-11-13 16:00:00,2020,318,16:00:00,318.67,1280.0,0.0,11.0,107.0,1247.0,96.0,0.0,1605.0,0.0,0.0,2714.0,2382.0,0.0,0.0,96.0,1539.0,3262.0,3231.0,357.0,357.0,5098666
BRETAGNE,2016-11-06 06:00:00,2016,311,06:00:00,311.25,97.0,0.0,67.0,0.0,83.0,35.0,-1.0,1959.0,0.0,0.0,812.0,678.0,0.0,0.0,877.0,231.0,275.0,275.0,57.0,57.0,3306529
HAUTS DE FRANCE,2019-11-02 08:00:00,2019,306,08:00:00,306.33,922.0,1774.0,3126.0,0.0,1.0,137.0,0.0,-944.0,0.0,0.0,2970.0,2970.0,5460.0,4550.0,4636.0,239.0,5.0,5.0,180.0,180.0,6004947
AUVERGNE RHONE ALPES,2017-06-27 12:00:00,2017,178,12:00:00,178.5,54.0,7258.0,28.0,361.0,3788.0,99.0,-7.0,-3675.0,0.0,0.0,985.0,584.0,13570.0,12604.0,486.0,951.0,11246.0,11054.0,178.0,178.0,7948287
PROVENCE ALPES COTE D AZUR,2022-09-08 05:00:00,2022,251,05:00:00,251.21,867.0,0.0,5.0,0.0,572.0,151.0,-51.0,1508.0,0.0,0.0,2724.0,2397.0,0.0,0.0,96.0,1870.0,3267.0,3210.0,357.0,357.0,5150362
AUVERGNE RHONE ALPES,2016-04-23 20:30:00,2016,114,20:30:00,114.85,35.0,8775.0,143.0,0.0,4054.0,120.0,-4.0,-6139.0,0.0,0.0,959.0,959.0,13570.0,12693.0,384.0,914.0,11209.0,11032.0,170.0,170.0,7916889
CENTRE VAL DE LOIRE,2015-06-17 00:00:00,2015,168,00:00:00,168.0,1.0,9356.0,284.0,0.0,9.0,40.0,0.0,-7713.0,0.0,0.0,166.0,166.0,11630.0,10720.0,832.0,236.0,91.0,91.0,71.0,71.0,2578592
OCCITANIE,2022-05-23 07:30:00,2022,143,07:30:00,143.31,0.0,1207.0,210.0,68.0,1479.0,90.0,-39.0,350.0,0.0,0.0,326.0,326.0,2620.0,1310.0,1593.0,2930.0,5503.0,5328.0,174.0,174.0,6067101
PROVENCE ALPES COTE D AZUR,2015-09-22 10:00:00,2015,265,10:00:00,265.42,464.0,0.0,4.0,269.0,778.0,68.0,0.0,2801.0,0.0,0.0,2610.0,2265.0,0.0,0.0,48.0,949.0,3168.0,3009.0,183.0,183.0,5007977
ILE DE FRANCE,2017-05-02 18:30:00,2017,122,18:30:00,122.77,-2.0,0.0,3.0,10.0,7.0,136.0,0.0,8198.0,0.0,0.0,2149.0,1857.0,0.0,0.0,73.0,116.0,19.0,19.0,301.0,301.0,12174880
NOUVELLE AQUITAINE,2013-10-16 01:00:00,2013,289,01:00:00,289.04,59.0,5706.0,73.0,0.0,331.0,106.0,0.0,-2119.0,0.0,0.0,421.0,421.0,6630.0,6630.0,364.0,1001.0,1760.0,1760.0,213.0,213.0,5844177
GRAND EST,2019-01-15 07:00:00,2019,15,07:00:00,15.29,2563.0,12381.0,327.0,0.0,1037.0,115.0,0.0,-9528.0,0.0,0.0,3531.0,3531.0,10820.0,9916.0,3355.0,562.0,2301.0,1983.0,163.0,163.0,5556219
CENTRE VAL DE LOIRE,2015-12-16 05:30:00,2015,350,05:30:00,350.23,72.0,11278.0,461.0,0.0,1.0,52.0,0.0,-9677.0,0.0,0.0,168.0,168.0,11630.0,11630.0,842.0,242.0,91.0,91.0,71.0,71.0,2578592
BRETAGNE,2015-12-10 19:30:00,2015,344,19:30:00,344.81,135.0,0.0,190.0,0.0,8.0,37.0,-33.0,3097.0,0.0,0.0,760.0,760.0,0.0,0.0,813.0,223.0,275.0,275.0,56.0,56.0,3293850
NORMANDIE,2018-03-17 00:00:00,2018,76,00:00:00,76.0,411.0,6462.0,28.0,0.0,18.0,55.0,0.0,-3244.0,0.0,0.0,813.0,307.0,10640.0,9310.0,712.0,234.0,31.0,31.0,103.0,103.0,3327477
CENTRE VAL DE LOIRE,2015-09-28 14:30:00,2015,271,14:30:00,271.6,1.0,8688.0,544.0,154.0,0.0,58.0,0.0,-7476.0,0.0,0.0,166.0,166.0,11630.0,10780.0,842.0,240.0,91.0,91.0,71.0,71.0,2578592
NOUVELLE AQUITAINE,2021-06-27 04:30:00,2021,178,04:30:00,178.19,21.0,3163.0,67.0,0.0,183.0,182.0,0.0,-764.0,0.0,0.0,578.0,578.0,6630.0,6630.0,1301.0,3126.0,1784.0,1784.0,354.0,354.0,6069352
NOUVELLE AQUITAINE,2020-02-22 16:30:00,2020,53,16:30:00,53.69,228.0,5077.0,245.0,999.0,334.0,218.0,0.0,-2515.0,0.0,0.0,571.0,571.0,6630.0,5479.0,1089.0,2632.0,1783.0,1678.0,340.0,340.0,6033952
HAUTS DE FRANCE,2016-11-03 22:30:00,2016,308,22:30:00,308.94,1640.0,2751.0,450.0,0.0,1.0,123.0,0.0,1319.0,0.0,0.0,2882.0,2745.0,5460.0,4550.0,3195.0,214.0,5.0,5.0,164.0,164.0,6006870
HAUTS DE FRANCE,2022-09-05 20:00:00,2022,248,20:00:00,248.83,1578.0,2600.0,716.0,5.0,0.0,90.0,0.0,-109.0,0.0,0.0,2996.0,2877.0,5460.0,4550.0,5912.0,458.0,6.0,6.0,197.0,197.0,5990765
BRETAGNE,2015-11-04 12:30:00,2015,308,12:30:00,308.52,76.0,0.0,60.0,28.0,0.0,37.0,-1.0,2611.0,0.0,0.0,727.0,727.0,0.0,0.0,813.0,223.0,275.0,275.0,56.0,56.0,3293850
BOURGOGNE FRANCHE COMTE,2022-12-16 15:00:00,2022,350,15:00:00,350.62,191.0,0.0,69.0,125.0,93.0,48.0,0.0,2674.0,0.0,0.0,401.0,401.0,0.0,0.0,1067.0,641.0,524.0,524.0,76.0,76.0,2797366
OCCITANIE,2020-03-06 11:00:00,2020,66,11:00:00,66.46,92.0,2483.0,1003.0,573.0,3021.0,91.0,-17.0,-1442.0,0.0,0.0,314.0,314.0,2620.0,2620.0,1579.0,2189.0,5491.0,5314.0,171.0,171.0,5973969
OCCITANIE,2016-07-19 02:00:00,2016,201,02:00:00,201.08,0.0,2306.0,229.0,0.0,575.0,79.0,-407.0,581.0,0.0,0.0,266.0,266.0,2620.0,2620.0,1132.0,1611.0,5462.0,5177.0,139.0,139.0,5808435
BOURGOGNE FRANCHE COMTE,2013-04-10 19:00:00,2013,100,19:00:00,100.79,41.0,0.0,27.0,6.0,106.0,5.0,0.0,2697.0,0.0,0.0,301.0,301.0,0.0,0.0,204.0,228.0,480.0,480.0,24.0,24.0,2819783
BOURGOGNE FRANCHE COMTE,2022-05-01 13:30:00,2022,121,13:30:00,121.56,23.0,0.0,20.0,330.0,60.0,51.0,0.0,1287.0,0.0,0.0,401.0,401.0,0.0,0.0,1049.0,528.0,524.0,524.0,75.0,75.0,2797366
ILE DE FRANCE,2015-11-03 21:30:00,2015,307,21:30:00,307.9,688.0,0.0,9.0,0.0,7.0,104.0,0.0,8152.0,0.0,0.0,2146.0,1896.0,0.0,0.0,49.0,113.0,19.0,19.0,300.0,300.0,12082144
CENTRE VAL DE LOIRE,2021-06-16 12:30:00,2021,167,12:30:00,167.52,0.0,7052.0,6.0,343.0,1.0,55.0,0.0,-5464.0,0.0,0.0,229.0,229.0,11630.0,11630.0,1333.0,552.0,92.0,92.0,89.0,89.0,2573303
CENTRE VAL DE LOIRE,2019-11-14 21:00:00,2019,318,21:00:00,318.88,78.0,7297.0,79.0,0.0,27.0,64.0,0.0,-4783.0,0.0,0.0,229.0,229.0,11630.0,10766.0,1223.0,346.0,91.0,91.0,86.0,86.0,2573180
PAYS DE LA LOIRE,2019-01-28 22:00:00,2019,28,22:00:00,28.92,629.0,0.0,37.0,0.0,5.0,48.0,0.0,3225.0,0.0,0.0,2034.0,1686.0,0.0,0.0,897.0,561.0,8.0,8.0,70.0,70.0,3806461
AUVERGNE RHONE ALPES,2015-03-08 14:30:00,2015,67,14:30:00,67.6,210.0,11451.0,93.0,351.0,2544.0,107.0,-1790.0,-5627.0,0.0,0.0,944.0,944.0,13570.0,12658.0,372.0,860.0,11180.0,10733.0,141.0,141.0,7877698
OCCITANIE,2022-01-13 23:00:00,2022,13,23:00:00,13.96,92.0,2533.0,97.0,2.0,2247.0,87.0,-9.0,1953.0,0.0,0.0,326.0,326.0,2620.0,2620.0,1593.0,2790.0,5500.0,5465.0,173.0,173.0,6067101
NORMANDIE,2018-12-07 15:30:00,2018,341,15:30:00,341.65,358.0,4938.0,642.0,9.0,18.0,42.0,0.0,-2442.0,0.0,0.0,821.0,241.0,10640.0,9411.0,779.0,251.0,31.0,31.0,105.0,105.0,3327477
PROVENCE ALPES COTE D AZUR,2022-06-07 00:30:00,2022,158,00:30:00,158.02,676.0,0.0,18.0,0.0,859.0,207.0,0.0,2003.0,0.0,0.0,2724.0,2370.0,0.0,0.0,96.0,1834.0,3267.0,3231.0,357.0,357.0,5150362
OCCITANIE,2020-11-26 03:30:00,2020,331,03:30:00,331.15,65.0,1152.0,832.0,0.0,1115.0,88.0,-696.0,1510.0,0.0,0.0,318.0,318.0,2620.0,1310.0,1593.0,2345.0,5498.0,5268.0,172.0,172.0,5973969
ILE DE FRANCE,2014-10-11 18:00:00,2014,284,18:00:00,284.75,365.0,0.0,0.0,6.0,9.0,136.0,0.0,6228.0,0.0,0.0,2122.0,2122.0,0.0,0.0,37.0,112.0,19.0,19.0,282.0,282.0,12027565
PAYS DE LA LOIRE,2020-07-05 12:30:00,2020,187,12:30:00,187.52,0.0,0.0,327.0,186.0,0.0,56.0,0.0,1805.0,0.0,0.0,2050.0,1731.0,0.0,0.0,1000.0,642.0,10.0,10.0,77.0,77.0,3832120
PROVENCE ALPES COTE D AZUR,2019-08-04 08:30:00,2019,216,08:30:00,216.35,55.0,0.0,1.0,239.0,553.0,108.0,0.0,2577.0,0.0,0.0,2674.0,2265.0,0.0,0.0,48.0,1385.0,3242.0,3101.0,357.0,207.0,5081101
HAUTS DE FRANCE,2017-09-23 19:00:00,2017,266,19:00:00,266.79,219.0,3418.0,81.0,6.0,1.0,114.0,0.0,967.0,0.0,0.0,2910.0,2636.0,5460.0,4683.0,3605.0,215.0,5.0,5.0,165.0,165.0,6003815
OCCITANIE,2020-10-17 02:30:00,2020,291,02:30:00,291.1,0.0,1169.0,226.0,0.0,1185.0,84.0,-9.0,1363.0,0.0,0.0,314.0,314.0,2620.0,1310.0,1593.0,2309.0,5496.0,5267.0,172.0,172.0,5973969
GRAND EST,2019-07-28 02:00:00,2019,209,02:00:00,209.08,611.0,5154.0,757.0,0.0,960.0,112.0,0.0,-3944.0,0.0,0.0,3531.0,3104.0,10820.0,9572.0,3434.0,590.0,2302.0,2037.0,172.0,172.0,5556219
HAUTS DE FRANCE,2022-10-18 23:30:00,2022,291,23:30:00,291.98,924.0,3918.0,1635.0,0.0,0.0,88.0,0.0,-1612.0,0.0,0.0,2998.0,2857.0,5460.0,4687.0,5966.0,460.0,6.0,6.0,197.0,197.0,5990765
BOURGOGNE FRANCHE COMTE,2018-05-11 19:30:00,2018,131,19:30:00,131.81,26.0,0.0,3.0,27.0,87.0,29.0,0.0,1881.0,0.0,0.0,386.0,386.0,0.0,0.0,676.0,306.0,520.0,443.0,36.0,36.0,2807807
CENTRE VAL DE LOIRE,2018-12-02 12:30:00,2018,336,12:30:00,336.52,69.0,7205.0,708.0,11.0,0.0,61.0,0.0,-4940.0,0.0,0.0,228.0,228.0,11630.0,10722.0,1066.0,304.0,91.0,91.0,84.0,84.0,2572853
GRAND EST,2015-10-12 05:00:00,2015,285,05:00:00,285.21,223.0,9500.0,663.0,0.0,410.0,73.0,-518.0,-6283.0,0.0,0.0,3420.0,3199.0,10820.0,9415.0,2504.0,525.0,2285.0,2285.0,119.0,119.0,5559051
GRAND EST,2018-03-11 21:00:00,2018,70,21:00:00,70.88,205.0,10004.0,632.0,0.0,1295.0,103.0,0.0,-7116.0,0.0,0.0,3471.0,3471.0,10820.0,9758.0,3053.0,553.0,2300.0,2072.0,146.0,146.0,5550389
BRETAGNE,2015-09-05 00:00:00,2015,248,00:00:00,248.0,0.0,0.0,40.0,0.0,0.0,41.0,-1.0,2425.0,0.0,0.0,724.0,724.0,0.0,0.0,801.0,222.0,275.0,275.0,55.0,55.0,3293850
PAYS DE LA LOIRE,2015-10-15 13:30:00,2015,288,13:30:00,288.56,948.0,0.0,101.0,145.0,0.0,39.0,0.0,2313.0,0.0,0.0,1867.0,1234.0,0.0,0.0,560.0,455.0,7.0,7.0,61.0,61.0,3718512
PROVENCE ALPES COTE D AZUR,2013-04-05 03:30:00,2013,95,03:30:00,95.15,798.0,0.0,1.0,0.0,1455.0,35.0,0.0,2564.0,0.0,0.0,2590.0,2528.0,0.0,0.0,45.0,679.0,3158.0,3158.0,149.0,149.0,4953675
NORMANDIE,2021-03-15 18:30:00,2021,74,18:30:00,74.77,316.0,7450.0,193.0,6.0,18.0,90.0,0.0,-3835.0,0.0,0.0,852.0,852.0,10640.0,9797.0,862.0,279.0,31.0,31.0,146.0,146.0,3327966
ILE DE FRANCE,2013-01-16 07:30:00,2013,16,07:30:00,16.31,898.0,0.0,2.0,0.0,0.0,129.0,0.0,11741.0,0.0,0.0,2121.0,1871.0,0.0,0.0,37.0,108.0,19.0,19.0,262.0,262.0,11959807
GRAND EST,2014-10-24 07:30:00,2014,297,07:30:00,297.31,1512.0,11156.0,103.0,0.0,1000.0,59.0,0.0,-7892.0,0.0,0.0,3398.0,3198.0,10820.0,10820.0,2257.0,517.0,2283.0,2283.0,107.0,107.0,5554645
BRETAGNE,2016-07-18 12:30:00,2016,200,12:30:00,200.52,14.0,0.0,87.0,118.0,204.0,35.0,-1.0,2094.0,0.0,0.0,771.0,686.0,0.0,0.0,873.0,228.0,275.0,275.0,56.0,56.0,3306529
OCCITANIE,2021-08-29 03:30:00,2021,241,03:30:00,241.15,0.0,1220.0,212.0,0.0,429.0,94.0,-213.0,1095.0,0.0,0.0,325.0,325.0,2620.0,2620.0,1593.0,2644.0,5499.0,5464.0,173.0,173.0,6022176
HAUTS DE FRANCE,2019-06-21 20:30:00,2019,172,20:30:00,172.85,1265.0,1808.0,303.0,7.0,1.0,130.0,0.0,1352.0,0.0,0.0,2969.0,2801.0,5460.0,4550.0,4517.0,237.0,5.0,5.0,178.0,178.0,6004947
BRETAGNE,2017-06-19 12:00:00,2017,170,12:00:00,170.5,1.0,0.0,69.0,122.0,13.0,41.0,-1.0,2242.0,0.0,0.0,848.0,763.0,0.0,0.0,898.0,238.0,275.0,275.0,66.0,66.0,3318904
AUVERGNE RHONE ALPES,2020-07-13 17:30:00,2020,195,17:30:00,195.73,373.0,7147.0,53.0,551.0,3788.0,95.0,-15.0,-5774.0,0.0,0.0,1034.0,973.0,13570.0,12657.0,647.0,1281.0,11746.0,11536.0,192.0,192.0,8078652
NORMANDIE,2013-04-18 05:30:00,2013,108,05:30:00,108.23,541.0,6434.0,249.0,0.0,20.0,49.0,0.0,-4635.0,0.0,0.0,761.0,761.0,10640.0,10640.0,423.0,208.0,23.0,23.0,88.0,88.0,3328364
HAUTS DE FRANCE,2016-04-23 07:00:00,2016,114,07:00:00,114.29,245.0,2615.0,794.0,0.0,3.0,110.0,0.0,1157.0,0.0,0.0,2864.0,2864.0,5460.0,4582.0,2919.0,213.0,5.0,5.0,160.0,160.0,6006870
NOUVELLE AQUITAINE,2022-12-20 09:30:00,2022,354,09:30:00,354.4,168.0,2750.0,1016.0,52.0,392.0,189.0,0.0,1207.0,0.0,0.0,581.0,581.0,6630.0,5675.0,1616.0,3934.0,1786.0,1786.0,356.0,356.0,6098051
HAUTS DE FRANCE,2016-11-02 01:30:00,2016,307,01:30:00,307.06,1646.0,2719.0,305.0,0.0,1.0,111.0,0.0,672.0,0.0,0.0,2882.0,2745.0,5460.0,4550.0,3195.0,214.0,5.0,5.0,164.0,164.0,6006870
ILE DE FRANCE,2015-08-03 23:00:00,2015,215,23:00:00,215.96,-3.0,0.0,5.0,0.0,8.0,97.0,0.0,6856.0,0.0,0.0,2144.0,1679.0,0.0,0.0,49.0,113.0,19.0,19.0,300.0,300.0,12082144
PAYS DE LA LOIRE,2019-07-05 12:00:00,2019,186,12:00:00,186.5,409.0,0.0,36.0,304.0,0.0,49.0,0.0,2443.0,0.0,0.0,2037.0,1674.0,0.0,0.0,926.0,589.0,8.0,8.0,71.0,71.0,3806461
AUVERGNE RHONE ALPES,2022-03-10 21:30:00,2022,69,21:30:00,69.9,374.0,10820.0,304.0,0.0,3307.0,140.0,-3.0,-6505.0,0.0,0.0,1048.0,1048.0,13570.0,12659.0,723.0,1658.0,11780.0,11640.0,208.0,208.0,8155762
NOUVELLE AQUITAINE,2022-07-16 06:30:00,2022,197,06:30:00,197.27,40.0,2443.0,662.0,1.0,41.0,187.0,0.0,-12.0,0.0,0.0,579.0,579.0,6630.0,5613.0,1542.0,3729.0,1786.0,1661.0,356.0,356.0,6098051
BOURGOGNE FRANCHE COMTE,2014-11-01 21:00:00,2014,305,21:00:00,305.88,118.0,0.0,55.0,0.0,30.0,22.0,0.0,1955.0,0.0,0.0,325.0,80.0,0.0,0.0,316.0,252.0,509.0,509.0,28.0,28.0,2820623
OCCITANIE,2021-12-28 09:00:00,2021,362,09:00:00,362.38,73.0,2534.0,919.0,26.0,1434.0,81.0,-9.0,-220.0,0.0,0.0,326.0,326.0,2620.0,2620.0,1593.0,2778.0,5500.0,5465.0,173.0,173.0,6022176
NOUVELLE AQUITAINE,2019-05-24 13:00:00,2019,144,13:00:00,144.54,27.0,5524.0,25.0,949.0,504.0,188.0,0.0,-2257.0,0.0,0.0,538.0,538.0,6630.0,5428.0,1008.0,2486.0,1782.0,1670.0,319.0,319.0,6010289
OCCITANIE,2019-03-03 08:30:00,2019,62,08:30:00,62.35,87.0,1295.0,115.0,213.0,611.0,93.0,-254.0,2110.0,0.0,0.0,307.0,307.0,2620.0,1310.0,1499.0,2006.0,5485.0,5308.0,146.0,146.0,5933185
NOUVELLE AQUITAINE,2017-06-13 19:30:00,2017,164,19:30:00,164.81,45.0,3232.0,90.0,346.0,401.0,175.0,0.0,247.0,0.0,0.0,465.0,465.0,6630.0,5428.0,742.0,1966.0,1780.0,1669.0,306.0,306.0,5956978
PROVENCE ALPES COTE D AZUR,2020-01-29 23:00:00,2020,29,23:00:00,29.96,1098.0,0.0,4.0,0.0,1716.0,108.0,0.0,2705.0,0.0,0.0,2703.0,2374.0,0.0,0.0,48.0,1435.0,3249.0,3249.0,357.0,207.0,5098666
AUVERGNE RHONE ALPES,2018-10-22 22:00:00,2018,295,22:00:00,295.92,373.0,9008.0,357.0,0.0,1010.0,117.0,-326.0,-3407.0,0.0,0.0,1020.0,1020.0,13570.0,12693.0,603.0,1109.0,11266.0,11020.0,180.0,180.0,7994459
BOURGOGNE FRANCHE COMTE,2013-07-23 19:30:00,2013,204,19:30:00,204.81,27.0,0.0,0.0,11.0,25.0,7.0,0.0,2281.0,0.0,0.0,301.0,301.0,0.0,0.0,204.0,229.0,480.0,480.0,25.0,25.0,2819783
ILE DE FRANCE,2017-03-02 23:00:00,2017,61,23:00:00,61.96,403.0,0.0,4.0,0.0,11.0,146.0,0.0,9627.0,0.0,0.0,2149.0,1781.0,0.0,0.0,73.0,116.0,19.0,19.0,301.0,301.0,12174880
PAYS DE LA LOIRE,2014-10-05 20:00:00,2014,278,20:00:00,278.83,2.0,0.0,1.0,0.0,1.0,47.0,0.0,2323.0,0.0,0.0,1864.0,1429.0,0.0,0.0,518.0,428.0,7.0,7.0,58.0,58.0,3690833
BRETAGNE,2017-08-27 18:00:00,2017,239,18:00:00,239.75,1.0,0.0,65.0,69.0,198.0,43.0,-1.0,1207.0,0.0,0.0,848.0,848.0,0.0,0.0,916.0,240.0,270.0,270.0,66.0,66.0,3318904
CENTRE VAL DE LOIRE,2016-11-02 00:00:00,2016,307,00:00:00,307.0,69.0,8838.0,68.0,0.0,1.0,56.0,0.0,-6754.0,0.0,0.0,178.0,178.0,11630.0,10722.0,896.0,261.0,91.0,91.0,71.0,71.0,2577866
NOUVELLE AQUITAINE,2013-11-09 10:00:00,2013,313,10:00:00,313.42,111.0,5673.0,174.0,215.0,1017.0,142.0,0.0,-2322.0,0.0,0.0,421.0,421.0,6630.0,6630.0,364.0,1004.0,1760.0,1760.0,214.0,214.0,5844177
NORMANDIE,2013-09-03 11:00:00,2013,246,11:00:00,246.46,640.0,9006.0,0.0,30.0,11.0,49.0,0.0,-6620.0,0.0,0.0,761.0,761.0,10640.0,10640.0,444.0,209.0,23.0,23.0,88.0,88.0,3328364
GRAND EST,2013-02-11 06:30:00,2013,42,06:30:00,42.27,2835.0,8993.0,512.0,0.0,1079.0,63.0,0.0,-6586.0,0.0,0.0,3398.0,3398.0,10820.0,10820.0,1812.0,500.0,2280.0,2280.0,79.0,79.0,5552388
GRAND EST,2016-08-18 17:00:00,2016,231,17:00:00,231.71,1081.0,8387.0,142.0,97.0,993.0,74.0,0.0,-6429.0,0.0,0.0,3424.0,2920.0,10820.0,9822.0,2644.0,528.0,2295.0,2093.0,123.0,123.0,5555186
BOURGOGNE FRANCHE COMTE,2013-02-13 03:30:00,2013,44,03:30:00,44.15,357.0,0.0,0.0,0.0,195.0,13.0,0.0,2625.0,0.0,0.0,301.0,301.0,0.0,0.0,204.0,227.0,479.0,479.0,24.0,24.0,2819783
NORMANDIE,2019-04-12 20:30:00,2019,102,20:30:00,102.85,357.0,7830.0,142.0,2.0,16.0,43.0,0.0,-5152.0,0.0,0.0,833.0,833.0,10640.0,9310.0,801.0,254.0,31.0,31.0,106.0,106.0,3325032
NOUVELLE AQUITAINE,2015-09-07 02:00:00,2015,250,02:00:00,250.08,58.0,4803.0,142.0,0.0,57.0,156.0,0.0,-1796.0,0.0,0.0,427.0,427.0,6630.0,5995.0,534.0,1535.0,1775.0,1775.0,239.0,239.0,5911482
GRAND EST,2018-12-03 15:30:00,2018,337,15:30:00,337.65,2076.0,12316.0,2766.0,3.0,827.0,106.0,0.0,-12145.0,0.0,0.0,3531.0,3531.0,10820.0,9940.0,3325.0,561.0,2301.0,2006.0,161.0,161.0,5550389
NORMANDIE,2013-02-23 23:00:00,2013,54,23:00:00,54.96,1640.0,9008.0,60.0,0.0,15.0,55.0,0.0,-5707.0,0.0,0.0,761.0,586.0,10640.0,10640.0,423.0,207.0,22.0,22.0,88.0,88.0,3328364
CENTRE VAL DE LOIRE,2019-04-26 02:30:00,2019,116,02:30:00,116.1,12.0,8671.0,427.0,0.0,2.0,59.0,0.0,-7287.0,0.0,0.0,228.0,228.0,11630.0,10689.0,1160.0,311.0,91.0,91.0,84.0,84.0,2573180
NORMANDIE,2014-05-21 07:30:00,2014,141,07:30:00,141.31,275.0,8583.0,26.0,4.0,24.0,59.0,0.0,-6237.0,0.0,0.0,761.0,181.0,10640.0,10640.0,473.0,212.0,24.0,24.0,89.0,89.0,3335645
NORMANDIE,2016-11-03 02:30:00,2016,308,02:30:00,308.1,362.0,6387.0,7.0,0.0,9.0,46.0,0.0,-3461.0,0.0,0.0,785.0,312.0,10640.0,9310.0,616.0,219.0,31.0,31.0,96.0,96.0,3335929
PROVENCE ALPES COTE D AZUR,2015-01-10 11:00:00,2015,10,11:00:00,10.46,297.0,0.0,10.0,189.0,1210.0,76.0,-51.0,3757.0,0.0,0.0,2600.0,2355.0,0.0,0.0,45.0,880.0,3168.0,3168.0,183.0,183.0,5007977
PROVENCE ALPES COTE D AZUR,2018-02-23 09:00:00,2018,54,09:00:00,54.38,2003.0,0.0,15.0,133.0,2078.0,86.0,0.0,2559.0,0.0,0.0,2663.0,2357.0,0.0,0.0,48.0,1224.0,3227.0,3227.0,357.0,357.0,5052832
PROVENCE ALPES COTE D AZUR,2015-02-09 21:00:00,2015,40,21:00:00,40.88,1239.0,0.0,36.0,0.0,1886.0,71.0,0.0,3642.0,0.0,0.0,2600.0,2245.0,0.0,0.0,45.0,883.0,3168.0,3168.0,183.0,183.0,5007977
HAUTS DE FRANCE,2022-08-12 07:00:00,2022,224,07:00:00,224.29,1473.0,2608.0,529.0,3.0,0.0,114.0,0.0,-238.0,0.0,0.0,2996.0,2903.0,5460.0,4550.0,5870.0,448.0,6.0,6.0,197.0,197.0,5990765
PROVENCE ALPES COTE D AZUR,2016-08-01 13:00:00,2016,214,13:00:00,214.54,105.0,0.0,38.0,720.0,1090.0,94.0,0.0,2713.0,0.0,0.0,2614.0,2229.0,0.0,0.0,48.0,1044.0,3191.0,3044.0,354.0,354.0,5021928
NORMANDIE,2018-02-14 08:30:00,2018,45,08:30:00,45.35,1096.0,9106.0,270.0,1.0,16.0,53.0,0.0,-5529.0,0.0,0.0,813.0,813.0,10640.0,9610.0,705.0,234.0,31.0,31.0,102.0,102.0,3327477
BOURGOGNE FRANCHE COMTE,2017-09-29 09:30:00,2017,272,09:30:00,272.4,23.0,0.0,88.0,39.0,123.0,16.0,0.0,2246.0,0.0,0.0,331.0,331.0,0.0,0.0,647.0,271.0,519.0,519.0,34.0,34.0,2811423
GRAND EST,2014-01-05 19:00:00,2014,5,19:00:00,5.79,203.0,10896.0,958.0,0.0,1445.0,78.0,0.0,-7742.0,0.0,0.0,3398.0,3283.0,10820.0,10820.0,1986.0,507.0,2282.0,2282.0,94.0,94.0,5554645
BOURGOGNE FRANCHE COMTE,2016-08-03 01:00:00,2016,216,01:00:00,216.04,23.0,0.0,83.0,0.0,18.0,25.0,0.0,1474.0,0.0,0.0,329.0,329.0,0.0,0.0,446.0,264.0,513.0,513.0,30.0,30.0,2818338
ILE DE FRANCE,2021-05-21 17:30:00,2021,141,17:30:00,141.73,0.0,0.0,99.0,37.0,12.0,157.0,0.0,6795.0,0.0,0.0,2171.0,2171.0,0.0,0.0,125.0,173.0,20.0,20.0,314.0,314.0,12317279
AUVERGNE RHONE ALPES,2020-02-25 00:00:00,2020,56,00:00:00,56.0,169.0,10470.0,210.0,0.0,2449.0,142.0,-1147.0,-4646.0,0.0,0.0,1034.0,1034.0,13570.0,12666.0,647.0,1244.0,11741.0,11566.0,192.0,192.0,8078652
NOUVELLE AQUITAINE,2015-04-27 09:30:00,2015,117,09:30:00,117.4,54.0,3262.0,181.0,95.0,581.0,120.0,0.0,560.0,0.0,0.0,427.0,427.0,6630.0,5525.0,479.0,1487.0,1774.0,1669.0,239.0,239.0,5911482
OCCITANIE,2020-10-12 06:30:00,2020,286,06:30:00,286.27,0.0,1207.0,1088.0,0.0,879.0,73.0,-205.0,859.0,0.0,0.0,314.0,314.0,2620.0,1310.0,1593.0,2292.0,5496.0,5130.0,172.0,172.0,5973969
CENTRE VAL DE LOIRE,2023-01-04 21:30:00,2023,4,21:30:00,4.9,98.0,10932.0,1028.0,0.0,2.0,54.0,0.0,-9833.0,0.0,0.0,229.0,229.0,11630.0,10917.0,1599.0,807.0,93.0,93.0,91.0,91.0,2572278
AUVERGNE RHONE ALPES,2020-12-18 06:00:00,2020,353,06:00:00,353.25,590.0,10001.0,63.0,0.0,3162.0,131.0,-650.0,-5217.0,0.0,0.0,1047.0,1047.0,13570.0,12672.0,723.0,1361.0,11753.0,11589.0,197.0,197.0,8078652
BOURGOGNE FRANCHE COMTE,2022-10-12 16:00:00,2022,285,16:00:00,285.67,60.0,0.0,3.0,252.0,38.0,50.0,0.0,1815.0,0.0,0.0,401.0,401.0,0.0,0.0,1067.0,616.0,524.0,524.0,75.0,75.0,2797366
BRETAGNE,2017-05-09 08:30:00,2017,129,08:30:00,129.35,1.0,0.0,159.0,27.0,5.0,37.0,-53.0,2396.0,0.0,0.0,848.0,763.0,0.0,0.0,898.0,235.0,275.0,275.0,66.0,66.0,3318904
BOURGOGNE FRANCHE COMTE,2013-04-30 22:00:00,2013,120,22:00:00,120.92,267.0,0.0,64.0,0.0,108.0,15.0,0.0,2121.0,0.0,0.0,301.0,301.0,0.0,0.0,204.0,228.0,480.0,480.0,24.0,24.0,2819783
CENTRE VAL DE LOIRE,2013-07-22 00:00:00,2013,203,00:00:00,203.0,6.0,7277.0,92.0,0.0,8.0,34.0,0.0,-5513.0,0.0,0.0,162.0,162.0,11630.0,11630.0,697.0,211.0,91.0,91.0,56.0,56.0,2570548
ILE DE FRANCE,2017-01-29 10:00:00,2017,29,10:00:00,29.42,412.0,0.0,7.0,2.0,9.0,144.0,0.0,9768.0,0.0,0.0,2149.0,1640.0,0.0,0.0,61.0,116.0,19.0,19.0,301.0,301.0,12174880
PROVENCE ALPES COTE D AZUR,2019-12-05 19:00:00,2019,339,19:00:00,339.79,1688.0,0.0,1.0,0.0,1834.0,88.0,0.0,2437.0,0.0,0.0,2679.0,2301.0,0.0,0.0,48.0,1424.0,3249.0,3125.0,357.0,207.0,5081101
PROVENCE ALPES COTE D AZUR,2021-01-16 21:00:00,2021,16,21:00:00,16.88,1907.0,0.0,34.0,0.0,1897.0,86.0,0.0,2595.0,0.0,0.0,2715.0,2386.0,0.0,0.0,96.0,1544.0,3266.0,3235.0,357.0,357.0,5127840
PAYS DE LA LOIRE,2019-03-15 05:30:00,2019,74,05:30:00,74.23,197.0,0.0,702.0,0.0,5.0,48.0,0.0,2224.0,0.0,0.0,2037.0,2037.0,0.0,0.0,897.0,570.0,8.0,8.0,70.0,70.0,3806461
NOUVELLE AQUITAINE,2015-08-02 23:00:00,2015,214,23:00:00,214.96,16.0,3116.0,29.0,0.0,182.0,146.0,0.0,870.0,0.0,0.0,427.0,427.0,6630.0,5720.0,516.0,1525.0,1775.0,1661.0,239.0,239.0,5911482
PAYS DE LA LOIRE,2014-07-09 21:30:00,2014,190,21:30:00,190.9,10.0,0.0,144.0,5.0,1.0,43.0,0.0,2199.0,0.0,0.0,1864.0,1429.0,0.0,0.0,518.0,416.0,7.0,7.0,58.0,58.0,3690833
PAYS DE LA LOIRE,2017-04-19 10:00:00,2017,109,10:00:00,109.42,743.0,0.0,61.0,163.0,1.0,46.0,0.0,2737.0,0.0,0.0,1921.0,1295.0,0.0,0.0,713.0,496.0,8.0,8.0,65.0,65.0,3757600
PAYS DE LA LOIRE,2016-03-07 06:30:00,2016,67,06:30:00,67.27,771.0,0.0,124.0,0.0,5.0,35.0,0.0,3308.0,0.0,0.0,1880.0,1488.0,0.0,0.0,616.0,459.0,8.0,8.0,61.0,61.0,3737632
NORMANDIE,2018-04-05 22:00:00,2018,95,22:00:00,95.92,213.0,8531.0,134.0,0.0,21.0,42.0,0.0,-5311.0,0.0,0.0,813.0,233.0,10640.0,9745.0,712.0,234.0,31.0,31.0,103.0,103.0,3327477
NORMANDIE,2019-01-22 00:00:00,2019,22,00:00:00,22.0,405.0,4972.0,324.0,0.0,12.0,58.0,0.0,-1104.0,0.0,0.0,821.0,241.0,10640.0,9310.0,791.0,252.0,31.0,31.0,105.0,105.0,3325032
AUVERGNE RHONE ALPES,2013-04-10 17:30:00,2013,100,17:30:00,100.73,48.0,10304.0,116.0,87.0,3367.0,43.0,-166.0,-5830.0,0.0,0.0,919.0,919.0,13570.0,13570.0,335.0,712.0,11115.0,11115.0,106.0,106.0,7757595
GRAND EST,2020-01-04 11:00:00,2020,4,11:00:00,4.46,1223.0,11957.0,482.0,88.0,877.0,124.0,0.0,-9000.0,0.0,0.0,3534.0,3534.0,10820.0,9940.0,3567.0,608.0,2303.0,2089.0,178.0,178.0,5562651
NORMANDIE,2015-06-10 06:00:00,2015,161,06:00:00,161.25,246.0,5852.0,176.0,0.0,13.0,45.0,0.0,-3861.0,0.0,0.0,761.0,181.0,10640.0,9310.0,522.0,215.0,24.0,24.0,94.0,94.0,3339131
PAYS DE LA LOIRE,2015-05-07 18:00:00,2015,127,18:00:00,127.75,29.0,0.0,16.0,123.0,4.0,37.0,0.0,2620.0,0.0,0.0,1867.0,1274.0,0.0,0.0,545.0,447.0,7.0,7.0,59.0,59.0,3718512
CENTRE VAL DE LOIRE,2017-04-20 07:30:00,2017,110,07:30:00,110.31,0.0,11607.0,286.0,4.0,4.0,52.0,0.0,-9310.0,0.0,0.0,198.0,198.0,11630.0,10735.0,947.0,266.0,91.0,91.0,76.0,76.0,2576252
BRETAGNE,2015-01-15 16:30:00,2015,15,16:30:00,15.69,106.0,0.0,372.0,9.0,26.0,31.0,-2.0,2785.0,0.0,0.0,719.0,719.0,0.0,0.0,791.0,218.0,272.0,272.0,53.0,53.0,3293850
BRETAGNE,2015-08-19 12:00:00,2015,231,12:00:00,231.5,1.0,0.0,58.0,48.0,2.0,37.0,-45.0,2259.0,0.0,0.0,724.0,639.0,0.0,0.0,801.0,221.0,272.0,272.0,55.0,55.0,3293850
AUVERGNE RHONE ALPES,2020-12-20 09:00:00,2020,355,09:00:00,355.38,140.0,10095.0,72.0,3.0,2462.0,137.0,-495.0,-5252.0,0.0,0.0,1047.0,1047.0,13570.0,12812.0,723.0,1361.0,11753.0,11597.0,197.0,197.0,8078652
ILE DE FRANCE,2022-01-01 09:30:00,2022,1,09:30:00,1.4,487.0,0.0,37.0,8.0,2.0,164.0,0.0,6205.0,0.0,0.0,2171.0,2171.0,0.0,0.0,148.0,195.0,20.0,20.0,314.0,314.0,12354286
NOUVELLE AQUITAINE,2016-04-29 15:30:00,2016,120,15:30:00,120.65,81.0,4261.0,87.0,1193.0,580.0,177.0,0.0,-1284.0,0.0,0.0,429.0,429.0,6630.0,5525.0,559.0,1847.0,1778.0,1778.0,280.0,280.0,5935603
NORMANDIE,2015-08-28 16:30:00,2015,240,16:30:00,240.69,798.0,6049.0,14.0,64.0,13.0,57.0,0.0,-4342.0,0.0,0.0,761.0,766.0,10640.0,9609.0,538.0,216.0,24.0,24.0,94.0,94.0,3339131
GRAND EST,2022-08-12 18:30:00,2022,224,18:30:00,224.77,67.0,1329.0,859.0,317.0,922.0,142.0,0.0,486.0,0.0,0.0,3590.0,3149.0,10820.0,9808.0,4290.0,1080.0,2308.0,1954.0,235.0,235.0,5563889
AUVERGNE RHONE ALPES,2018-08-19 03:30:00,2018,231,03:30:00,231.15,16.0,7479.0,114.0,0.0,2059.0,116.0,-377.0,-4699.0,0.0,0.0,1000.0,599.0,13570.0,12642.0,578.0,1094.0,11260.0,11049.0,180.0,180.0,7994459
HAUTS DE FRANCE,2022-04-14 06:00:00,2022,104,06:00:00,104.25,1373.0,4254.0,128.0,0.0,2.0,106.0,0.0,-769.0,0.0,0.0,2993.0,2762.0,5460.0,4615.0,5748.0,441.0,6.0,6.0,190.0,190.0,5990765
NOUVELLE AQUITAINE,2014-02-02 05:00:00,2014,33,05:00:00,33.21,139.0,4685.0,119.0,0.0,480.0,138.0,0.0,101.0,0.0,0.0,421.0,421.0,6630.0,6630.0,381.0,1027.0,1760.0,1760.0,219.0,219.0,5879144
CENTRE VAL DE LOIRE,2022-12-13 16:30:00,2022,347,16:30:00,347.69,135.0,10568.0,127.0,12.0,2.0,57.0,0.0,-7807.0,0.0,0.0,229.0,229.0,11630.0,10836.0,1566.0,799.0,93.0,93.0,91.0,91.0,2572916
AUVERGNE RHONE ALPES,2017-12-11 17:00:00,2017,345,17:00:00,345.71,244.0,7876.0,279.0,0.0,4143.0,126.0,-6.0,-2410.0,0.0,0.0,1000.0,1000.0,13570.0,12655.0,548.0,995.0,11251.0,11040.0,179.0,179.0,7948287
PROVENCE ALPES COTE D AZUR,2019-03-29 06:00:00,2019,88,06:00:00,88.25,1805.0,0.0,2.0,0.0,807.0,105.0,0.0,1687.0,0.0,0.0,2674.0,2296.0,0.0,0.0,48.0,1340.0,3241.0,3115.0,357.0,207.0,5081101
BOURGOGNE FRANCHE COMTE,2015-10-25 01:00:00,2015,298,01:00:00,298.04,25.0,0.0,123.0,0.0,11.0,17.0,0.0,1757.0,0.0,0.0,325.0,80.0,0.0,0.0,408.0,262.0,513.0,513.0,29.0,29.0,2820940
NOUVELLE AQUITAINE,2016-09-20 00:30:00,2016,264,00:30:00,264.02,20.0,3603.0,18.0,-1.0,176.0,142.0,0.0,5.0,0.0,0.0,429.0,429.0,6630.0,5524.0,625.0,1895.0,1779.0,1779.0,280.0,280.0,5935603
OCCITANIE,2019-07-15 19:30:00,2019,196,19:30:00,196.81,0.0,2362.0,752.0,355.0,578.0,95.0,-17.0,335.0,0.0,0.0,307.0,307.0,2620.0,2620.0,1559.0,2073.0,5489.0,5299.0,146.0,146.0,5933185
BOURGOGNE FRANCHE COMTE,2020-11-25 01:00:00,2020,330,01:00:00,330.04,116.0,0.0,418.0,0.0,43.0,32.0,0.0,2153.0,0.0,0.0,401.0,401.0,0.0,0.0,889.0,392.0,523.0,523.0,71.0,71.0,2801695
NORMANDIE,2023-01-30 20:00:00,2023,30,20:00:00,30.83,439.0,5329.0,80.0,0.0,22.0,87.0,0.0,-1845.0,0.0,0.0,853.0,853.0,10640.0,9493.0,965.0,326.0,31.0,31.0,149.0,149.0,3317023
PROVENCE ALPES COTE D AZUR,2017-10-19 04:00:00,2017,292,04:00:00,292.17,1515.0,0.0,4.0,0.0,179.0,101.0,-51.0,1544.0,0.0,0.0,2634.0,2256.0,0.0,0.0,48.0,1179.0,3221.0,3097.0,354.0,354.0,5030890
NOUVELLE AQUITAINE,2020-06-29 00:00:00,2020,181,00:00:00,181.0,12.0,1228.0,192.0,0.0,356.0,182.0,0.0,1850.0,0.0,0.0,571.0,571.0,6630.0,5568.0,1153.0,2689.0,1783.0,1678.0,341.0,341.0,6033952
CENTRE VAL DE LOIRE,2021-11-18 03:30:00,2021,322,03:30:00,322.15,73.0,7923.0,37.0,0.0,4.0,59.0,0.0,-6029.0,0.0,0.0,229.0,229.0,11630.0,10735.0,1360.0,663.0,92.0,92.0,90.0,90.0,2573303
AUVERGNE RHONE ALPES,2017-12-01 02:00:00,2017,335,02:00:00,335.08,616.0,7435.0,30.0,0.0,2074.0,138.0,-335.0,-406.0,0.0,0.0,1000.0,1000.0,13570.0,12742.0,548.0,981.0,11247.0,11007.0,179.0,179.0,7948287
AUVERGNE RHONE ALPES,2021-09-02 17:00:00,2021,245,17:00:00,245.71,32.0,8938.0,55.0,294.0,2138.0,124.0,-13.0,-4648.0,0.0,0.0,1047.0,1047.0,13570.0,12690.0,723.0,1517.0,11772.0,11633.0,208.0,208.0,8114361
PROVENCE ALPES COTE D AZUR,2017-10-20 05:00:00,2017,293,05:00:00,293.21,1188.0,0.0,7.0,0.0,170.0,110.0,-51.0,1857.0,0.0,0.0,2634.0,2256.0,0.0,0.0,48.0,1179.0,3221.0,3097.0,354.0,354.0,5030890
AUVERGNE RHONE ALPES,2019-11-26 19:30:00,2019,330,19:30:00,330.81,662.0,8528.0,319.0,0.0,4366.0,123.0,-6.0,-4929.0,0.0,0.0,1032.0,1032.0,13570.0,12668.0,635.0,1221.0,11647.0,11487.0,191.0,191.0,8042936
HAUTS DE FRANCE,2016-02-02 06:00:00,2016,33,06:00:00,33.25,724.0,4563.0,1594.0,0.0,2.0,106.0,0.0,-873.0,0.0,0.0,2864.0,2864.0,5460.0,4550.0,2886.0,213.0,5.0,5.0,160.0,160.0,6006870
NOUVELLE AQUITAINE,2015-06-02 07:00:00,2015,153,07:00:00,153.29,55.0,2286.0,138.0,16.0,235.0,159.0,0.0,995.0,0.0,0.0,427.0,427.0,6630.0,5525.0,488.0,1504.0,1775.0,1670.0,239.0,239.0,5911482
BRETAGNE,2019-12-16 00:00:00,2019,350,00:00:00,350.0,231.0,0.0,396.0,0.0,19.0,48.0,-1.0,2600.0,0.0,0.0,978.0,978.0,0.0,0.0,1021.0,272.0,272.0,272.0,77.0,77.0,3354854
PROVENCE ALPES COTE D AZUR,2019-02-01 15:00:00,2019,32,15:00:00,32.62,1877.0,0.0,9.0,36.0,1375.0,99.0,0.0,3213.0,0.0,0.0,2674.0,2297.0,0.0,0.0,48.0,1328.0,3239.0,3115.0,357.0,207.0,5081101
OCCITANIE,2019-01-25 07:30:00,2019,25,07:30:00,25.31,94.0,2619.0,735.0,0.0,2862.0,87.0,0.0,953.0,0.0,0.0,307.0,307.0,2620.0,2620.0,1485.0,1987.0,5485.0,5308.0,146.0,146.0,5933185
OCCITANIE,2019-12-31 14:30:00,2019,365,14:30:00,365.6,93.0,2600.0,38.0,692.0,2271.0,101.0,-17.0,-463.0,0.0,0.0,308.0,308.0,2620.0,2620.0,1570.0,2159.0,5490.0,5362.0,146.0,146.0,5933185
NOUVELLE AQUITAINE,2016-03-19 09:00:00,2016,79,09:00:00,79.38,158.0,5211.0,132.0,377.0,711.0,183.0,0.0,-1000.0,0.0,0.0,429.0,429.0,6630.0,5679.0,559.0,1840.0,1778.0,1778.0,279.0,279.0,5935603
NOUVELLE AQUITAINE,2017-11-23 19:30:00,2017,327,19:30:00,327.81,208.0,6712.0,248.0,-1.0,413.0,194.0,0.0,-1917.0,0.0,0.0,473.0,473.0,6630.0,6630.0,882.0,2144.0,1780.0,1780.0,307.0,307.0,5956978
PROVENCE ALPES COTE D AZUR,2018-10-25 13:30:00,2018,298,13:30:00,298.56,1249.0,0.0,9.0,779.0,1300.0,89.0,0.0,905.0,0.0,0.0,2666.0,2292.0,0.0,0.0,48.0,1300.0,3233.0,3109.0,357.0,207.0,5052832
PAYS DE LA LOIRE,2019-02-24 22:30:00,2019,55,22:30:00,55.94,590.0,0.0,220.0,0.0,4.0,43.0,0.0,2189.0,0.0,0.0,2037.0,1747.0,0.0,0.0,897.0,568.0,8.0,8.0,70.0,70.0,3806461
AUVERGNE RHONE ALPES,2021-11-18 20:30:00,2021,322,20:30:00,322.85,602.0,11785.0,177.0,0.0,3844.0,122.0,-5.0,-7668.0,0.0,0.0,1048.0,1048.0,13570.0,12669.0,723.0,1572.0,11776.0,11650.0,208.0,208.0,8114361
PROVENCE ALPES COTE D AZUR,2015-10-24 04:00:00,2015,297,04:00:00,297.17,145.0,0.0,2.0,0.0,346.0,81.0,0.0,3343.0,0.0,0.0,2610.0,2102.0,0.0,0.0,48.0,968.0,3174.0,3174.0,183.0,183.0,5007977
HAUTS DE FRANCE,2022-12-16 01:00:00,2022,350,01:00:00,350.04,1316.0,3565.0,829.0,0.0,1.0,117.0,0.0,1172.0,0.0,0.0,3003.0,2908.0,5460.0,4551.0,6051.0,462.0,6.0,6.0,198.0,198.0,5990765
BRETAGNE,2021-08-21 15:00:00,2021,233,15:00:00,233.62,1.0,0.0,234.0,80.0,164.0,59.0,-1.0,1371.0,0.0,0.0,1428.0,1428.0,0.0,0.0,1106.0,331.0,272.0,272.0,82.0,82.0,3394567
AUVERGNE RHONE ALPES,2014-12-10 11:30:00,2014,344,11:30:00,344.48,621.0,10755.0,111.0,86.0,4715.0,107.0,-7.0,-5799.0,0.0,0.0,940.0,940.0,13570.0,12655.0,347.0,852.0,11165.0,10960.0,141.0,141.0,7820966
ILE DE FRANCE,2021-02-04 01:00:00,2021,35,01:00:00,35.04,489.0,0.0,22.0,0.0,0.0,137.0,0.0,7766.0,0.0,0.0,2171.0,2171.0,0.0,0.0,125.0,171.0,20.0,20.0,314.0,314.0,12317279
BRETAGNE,2021-11-01 11:30:00,2021,305,11:30:00,305.48,137.0,0.0,325.0,143.0,121.0,46.0,-1.0,1397.0,0.0,0.0,1428.0,1428.0,0.0,0.0,1106.0,348.0,272.0,272.0,82.0,82.0,3394567
AUVERGNE RHONE ALPES,2021-02-15 13:30:00,2021,46,13:30:00,46.56,663.0,9658.0,250.0,512.0,6082.0,114.0,-8.0,-7166.0,0.0,0.0,1047.0,1047.0,13570.0,12680.0,723.0,1393.0,11766.0,11608.0,208.0,208.0,8114361
OCCITANIE,2016-02-22 04:00:00,2016,53,04:00:00,53.17,51.0,1621.0,66.0,0.0,1163.0,97.0,-663.0,1819.0,0.0,0.0,266.0,0.0,2620.0,2620.0,1098.0,1516.0,5462.0,5235.0,137.0,137.0,5808435
PROVENCE ALPES COTE D AZUR,2020-09-04 20:30:00,2020,248,20:30:00,248.85,633.0,0.0,1.0,0.0,1146.0,107.0,0.0,2317.0,0.0,0.0,2710.0,2313.0,0.0,0.0,48.0,1504.0,3262.0,3231.0,357.0,207.0,5098666
AUVERGNE RHONE ALPES,2021-06-11 17:30:00,2021,162,17:30:00,162.73,47.0,9059.0,142.0,568.0,4348.0,111.0,-296.0,-7234.0,0.0,0.0,1047.0,1047.0,13570.0,12690.0,723.0,1478.0,11771.0,11624.0,208.0,208.0,8114361
CENTRE VAL DE LOIRE,2018-12-01 07:00:00,2018,335,07:00:00,335.29,76.0,7524.0,378.0,0.0,0.0,60.0,0.0,-5880.0,0.0,0.0,228.0,228.0,11630.0,10735.0,1066.0,304.0,91.0,91.0,84.0,84.0,2572853
AUVERGNE RHONE ALPES,2014-05-10 02:00:00,2014,130,02:00:00,130.08,29.0,8507.0,54.0,0.0,2783.0,75.0,-499.0,-5398.0,0.0,0.0,938.0,938.0,13570.0,12975.0,347.0,803.0,11141.0,10989.0,140.0,140.0,7820966
PAYS DE LA LOIRE,2016-02-05 00:30:00,2016,36,00:30:00,36.02,448.0,0.0,45.0,0.0,4.0,38.0,0.0,3196.0,0.0,0.0,1880.0,1677.0,0.0,0.0,605.0,458.0,8.0,8.0,61.0,61.0,3737632
PROVENCE ALPES COTE D AZUR,2017-04-30 12:00:00,2017,120,12:00:00,120.5,84.0,0.0,33.0,324.0,446.0,219.0,-51.0,3383.0,0.0,0.0,2630.0,2268.0,0.0,0.0,48.0,1076.0,3193.0,3193.0,354.0,354.0,5030890
NORMANDIE,2013-08-26 16:00:00,2013,238,16:00:00,238.67,684.0,8988.0,65.0,42.0,15.0,38.0,0.0,-6992.0,0.0,0.0,761.0,761.0,10640.0,10640.0,444.0,209.0,23.0,23.0,88.0,88.0,3328364
HAUTS DE FRANCE,2018-12-10 17:30:00,2018,344,17:30:00,344.73,2130.0,5461.0,573.0,0.0,2.0,118.0,0.0,-967.0,0.0,0.0,2969.0,2384.0,5460.0,5460.0,4285.0,234.0,5.0,5.0,177.0,177.0,6004108
PROVENCE ALPES COTE D AZUR,2013-09-21 14:30:00,2013,264,14:30:00,264.6,755.0,0.0,9.0,424.0,1184.0,72.0,0.0,1917.0,0.0,0.0,2590.0,2316.0,0.0,0.0,45.0,726.0,3158.0,3158.0,151.0,151.0,4953675
BRETAGNE,2014-07-18 19:00:00,2014,199,19:00:00,199.79,1.0,0.0,14.0,32.0,197.0,31.0,-1.0,1954.0,0.0,0.0,688.0,688.0,0.0,0.0,763.0,213.0,272.0,272.0,52.0,52.0,3276543
BOURGOGNE FRANCHE COMTE,2013-07-14 05:30:00,2013,195,05:30:00,195.23,27.0,0.0,48.0,0.0,22.0,9.0,0.0,1289.0,0.0,0.0,301.0,301.0,0.0,0.0,204.0,229.0,480.0,480.0,24.0,24.0,2819783
BOURGOGNE FRANCHE COMTE,2022-07-01 17:00:00,2022,182,17:00:00,182.71,0.0,0.0,17.0,255.0,17.0,53.0,-66.0,1747.0,0.0,0.0,401.0,401.0,0.0,0.0,1049.0,561.0,524.0,524.0,75.0,75.0,2797366
NOUVELLE AQUITAINE,2016-03-14 10:00:00,2016,74,10:00:00,74.42,158.0,5185.0,137.0,769.0,1002.0,176.0,0.0,-682.0,0.0,0.0,429.0,429.0,6630.0,5658.0,559.0,1838.0,1778.0,1778.0,279.0,279.0,5935603
NORMANDIE,2018-12-02 14:30:00,2018,336,14:30:00,336.6,349.0,5029.0,466.0,4.0,14.0,51.0,0.0,-3006.0,0.0,0.0,821.0,241.0,10640.0,9310.0,767.0,251.0,31.0,31.0,105.0,105.0,3327477
BOURGOGNE FRANCHE COMTE,2019-03-07 15:00:00,2019,66,15:00:00,66.62,160.0,0.0,597.0,115.0,110.0,51.0,-67.0,2069.0,0.0,0.0,401.0,401.0,0.0,0.0,800.0,331.0,520.0,520.0,66.0,66.0,2805580
GRAND EST,2022-03-06 05:30:00,2022,65,05:30:00,65.23,1201.0,6484.0,994.0,0.0,456.0,159.0,-345.0,-3539.0,0.0,0.0,3590.0,3590.0,10820.0,9823.0,4228.0,999.0,2306.0,2104.0,212.0,212.0,5563889
BRETAGNE,2022-03-14 04:30:00,2022,73,04:30:00,73.19,540.0,0.0,70.0,0.0,4.0,57.0,-27.0,1782.0,0.0,0.0,1432.0,1227.0,0.0,0.0,1149.0,362.0,272.0,272.0,82.0,82.0,3414637
AUVERGNE RHONE ALPES,2021-11-27 00:30:00,2021,331,00:30:00,331.02,275.0,11793.0,143.0,0.0,1777.0,128.0,-6.0,-5134.0,0.0,0.0,1048.0,1048.0,13570.0,12669.0,723.0,1584.0,11779.0,11653.0,208.0,208.0,8114361
HAUTS DE FRANCE,2021-03-12 21:00:00,2021,71,21:00:00,71.88,913.0,3604.0,3546.0,8.0,2.0,135.0,0.0,-1603.0,0.0,0.0,2990.0,2990.0,5460.0,4550.0,5430.0,315.0,5.0,5.0,182.0,182.0,5995292
NORMANDIE,2022-03-18 15:00:00,2022,77,15:00:00,77.62,224.0,7379.0,624.0,141.0,21.0,97.0,0.0,-5168.0,0.0,0.0,852.0,852.0,10640.0,9472.0,920.0,308.0,31.0,31.0,148.0,148.0,3327604
NORMANDIE,2022-06-01 01:30:00,2022,152,01:30:00,152.06,194.0,3777.0,72.0,0.0,12.0,100.0,0.0,-1579.0,0.0,0.0,852.0,852.0,10640.0,9391.0,933.0,312.0,31.0,31.0,149.0,149.0,3327604
GRAND EST,2014-05-06 20:30:00,2014,126,20:30:00,126.85,40.0,7115.0,1293.0,6.0,1159.0,60.0,0.0,-4592.0,0.0,0.0,3398.0,3198.0,10820.0,10820.0,2032.0,515.0,2283.0,2283.0,96.0,96.0,5554645
OCCITANIE,2013-03-25 00:00:00,2013,84,00:00:00,84.0,81.0,2575.0,197.0,0.0,2226.0,78.0,-16.0,-311.0,0.0,0.0,245.0,245.0,2620.0,2620.0,861.0,1050.0,5375.0,5375.0,126.0,126.0,5683878
ILE DE FRANCE,2022-07-03 18:00:00,2022,184,18:00:00,184.75,0.0,0.0,11.0,74.0,7.0,165.0,0.0,5598.0,0.0,0.0,2171.0,2030.0,0.0,0.0,148.0,226.0,20.0,20.0,314.0,314.0,12354286
HAUTS DE FRANCE,2020-08-15 19:00:00,2020,228,19:00:00,228.79,1181.0,3393.0,115.0,23.0,0.0,133.0,0.0,-825.0,0.0,0.0,2983.0,2731.0,5460.0,4550.0,5127.0,244.0,5.0,5.0,181.0,181.0,5997734
CENTRE VAL DE LOIRE,2017-01-05 11:00:00,2017,5,11:00:00,5.46,111.0,11710.0,110.0,55.0,1.0,47.0,0.0,-8446.0,0.0,0.0,198.0,198.0,11630.0,11630.0,917.0,262.0,91.0,91.0,74.0,74.0,2576252
PROVENCE ALPES COTE D AZUR,2019-05-22 11:00:00,2019,142,11:00:00,142.46,1198.0,0.0,11.0,810.0,1369.0,112.0,0.0,707.0,0.0,0.0,2674.0,2283.0,0.0,0.0,48.0,1362.0,3241.0,3115.0,357.0,207.0,5081101
PAYS DE LA LOIRE,2021-09-30 10:00:00,2021,273,10:00:00,273.42,416.0,0.0,91.0,195.0,0.0,53.0,0.0,2436.0,0.0,0.0,2056.0,2056.0,0.0,0.0,1115.0,774.0,10.0,10.0,79.0,79.0,3853999
OCCITANIE,2021-04-23 16:30:00,2021,113,16:30:00,113.69,0.0,2447.0,405.0,1432.0,625.0,72.0,-267.0,-1412.0,0.0,0.0,318.0,318.0,2620.0,2620.0,1593.0,2529.0,5499.0,5266.0,172.0,172.0,6022176
AUVERGNE RHONE ALPES,2015-12-23 10:00:00,2015,357,10:00:00,357.42,198.0,10288.0,73.0,58.0,3866.0,119.0,-6.0,-5901.0,0.0,0.0,952.0,551.0,13570.0,12527.0,384.0,894.0,11203.0,10846.0,170.0,170.0,7877698
AUVERGNE RHONE ALPES,2014-01-07 13:00:00,2014,7,13:00:00,7.54,180.0,13325.0,181.0,161.0,3982.0,111.0,-3.0,-8754.0,0.0,0.0,930.0,930.0,13570.0,13570.0,335.0,761.0,11132.0,11132.0,125.0,125.0,7820966
PAYS DE LA LOIRE,2016-06-14 00:00:00,2016,166,00:00:00,166.0,12.0,0.0,256.0,0.0,3.0,39.0,0.0,2496.0,0.0,0.0,1880.0,1337.0,0.0,0.0,649.0,467.0,8.0,8.0,62.0,62.0,3737632
NOUVELLE AQUITAINE,2021-05-10 17:30:00,2021,130,17:30:00,130.73,17.0,4166.0,246.0,1271.0,405.0,191.0,0.0,-2439.0,0.0,0.0,578.0,578.0,6630.0,6630.0,1301.0,3059.0,1784.0,1784.0,353.0,353.0,6069352
NORMANDIE,2021-01-27 13:00:00,2021,27,13:00:00,27.54,387.0,6425.0,207.0,17.0,12.0,94.0,0.0,-2587.0,0.0,0.0,852.0,852.0,10640.0,9310.0,831.0,273.0,31.0,31.0,146.0,146.0,3327966
BOURGOGNE FRANCHE COMTE,2020-11-04 05:30:00,2020,309,05:30:00,309.23,160.0,0.0,56.0,0.0,63.0,51.0,0.0,1915.0,0.0,0.0,401.0,401.0,0.0,0.0,889.0,390.0,522.0,522.0,71.0,71.0,2801695
PROVENCE ALPES COTE D AZUR,2015-02-12 05:30:00,2015,43,05:30:00,43.23,1324.0,0.0,0.0,0.0,686.0,72.0,0.0,3642.0,0.0,0.0,2600.0,2245.0,0.0,0.0,45.0,883.0,3168.0,3168.0,183.0,183.0,5007977
BRETAGNE,2017-07-10 20:00:00,2017,191,20:00:00,191.83,1.0,0.0,118.0,19.0,4.0,48.0,-1.0,2000.0,0.0,0.0,848.0,747.0,0.0,0.0,916.0,238.0,275.0,275.0,66.0,66.0,3318904
GRAND EST,2018-03-19 10:00:00,2018,78,10:00:00,78.42,2354.0,10158.0,240.0,27.0,1277.0,95.0,0.0,-6681.0,0.0,0.0,3471.0,3471.0,10820.0,9793.0,3053.0,553.0,2300.0,2072.0,146.0,146.0,5550389
BRETAGNE,2018-07-25 03:00:00,2018,206,03:00:00,206.12,1.0,0.0,102.0,0.0,15.0,50.0,-1.0,1479.0,0.0,0.0,904.0,770.0,0.0,0.0,975.0,253.0,270.0,270.0,69.0,69.0,3335414
AUVERGNE RHONE ALPES,2014-04-26 06:30:00,2014,116,06:30:00,116.27,31.0,9282.0,46.0,0.0,1974.0,71.0,-1443.0,-4089.0,0.0,0.0,938.0,938.0,13570.0,13570.0,347.0,802.0,11141.0,10989.0,140.0,140.0,7820966
NORMANDIE,2022-10-04 02:00:00,2022,277,02:00:00,277.08,177.0,3682.0,144.0,0.0,1.0,69.0,0.0,-1843.0,0.0,0.0,852.0,852.0,10640.0,9310.0,957.0,318.0,31.0,31.0,149.0,149.0,3327604
AUVERGNE RHONE ALPES,2014-02-19 12:30:00,2014,50,12:30:00,50.52,181.0,12517.0,109.0,195.0,5646.0,117.0,-12.0,-9129.0,0.0,0.0,938.0,938.0,13570.0,13570.0,347.0,791.0,11133.0,11133.0,140.0,140.0,7820966
ILE DE FRANCE,2014-07-06 17:00:00,2014,187,17:00:00,187.71,-2.0,0.0,0.0,11.0,3.0,159.0,0.0,5835.0,0.0,0.0,2122.0,2122.0,0.0,0.0,37.0,111.0,19.0,19.0,282.0,282.0,12027565
AUVERGNE RHONE ALPES,2013-11-02 19:00:00,2013,306,19:00:00,306.79,174.0,8238.0,83.0,0.0,5324.0,77.0,-5.0,-6827.0,0.0,0.0,926.0,926.0,13570.0,12690.0,335.0,740.0,11125.0,11125.0,125.0,125.0,7757595
ILE DE FRANCE,2021-02-12 11:30:00,2021,43,11:30:00,43.48,491.0,0.0,82.0,31.0,0.0,126.0,0.0,13614.0,0.0,0.0,2171.0,2171.0,0.0,0.0,125.0,171.0,20.0,20.0,314.0,314.0,12317279
HAUTS DE FRANCE,2017-08-26 23:00:00,2017,238,23:00:00,238.96,720.0,4436.0,177.0,0.0,0.0,122.0,0.0,-796.0,0.0,0.0,2910.0,2794.0,5460.0,4550.0,3557.0,215.0,5.0,5.0,165.0,165.0,6003815
ILE DE FRANCE,2022-08-23 05:00:00,2022,235,05:00:00,235.21,0.0,0.0,4.0,0.0,5.0,149.0,0.0,4388.0,0.0,0.0,2171.0,2034.0,0.0,0.0,148.0,227.0,20.0,20.0,314.0,314.0,12354286
AUVERGNE RHONE ALPES,2022-05-29 06:30:00,2022,149,06:30:00,149.27,13.0,6785.0,319.0,13.0,1679.0,129.0,-1622.0,-2715.0,0.0,0.0,1048.0,1048.0,13570.0,12840.0,723.0,1689.0,11782.0,11645.0,208.0,208.0,8155762
ILE DE FRANCE,2016-12-06 05:30:00,2016,341,05:30:00,341.23,511.0,0.0,0.0,0.0,9.0,155.0,0.0,8912.0,0.0,0.0,2149.0,1564.0,0.0,0.0,61.0,116.0,19.0,19.0,301.0,301.0,12117132
ILE DE FRANCE,2016-07-25 01:00:00,2016,207,01:00:00,207.04,-3.0,0.0,1.0,0.0,9.0,173.0,0.0,5420.0,0.0,0.0,2149.0,1648.0,0.0,0.0,61.0,115.0,19.0,19.0,300.0,300.0,12117132
ILE DE FRANCE,2021-08-18 02:00:00,2021,230,02:00:00,230.08,0.0,0.0,18.0,0.0,9.0,136.0,0.0,4267.0,0.0,0.0,2171.0,2171.0,0.0,0.0,148.0,175.0,20.0,20.0,314.0,314.0,12317279
PROVENCE ALPES COTE D AZUR,2018-08-08 06:00:00,2018,220,06:00:00,220.25,33.0,0.0,1.0,0.0,431.0,93.0,0.0,3174.0,0.0,0.0,2666.0,2267.0,0.0,0.0,48.0,1293.0,3233.0,3086.0,357.0,207.0,5052832
HAUTS DE FRANCE,2022-04-26 21:30:00,2022,116,21:30:00,116.9,1755.0,2645.0,1590.0,0.0,3.0,110.0,0.0,-860.0,0.0,0.0,2993.0,2408.0,5460.0,4558.0,5748.0,441.0,6.0,6.0,190.0,190.0,5990765
OCCITANIE,2018-01-06 22:00:00,2018,6,22:00:00,6.92,84.0,1647.0,889.0,0.0,1680.0,98.0,-17.0,313.0,0.0,0.0,291.0,291.0,2620.0,2620.0,1365.0,1808.0,5481.0,5317.0,145.0,145.0,5885496
PROVENCE ALPES COTE D AZUR,2013-12-29 15:00:00,2013,363,15:00:00,363.62,321.0,0.0,7.0,232.0,1156.0,60.0,0.0,3543.0,0.0,0.0,2592.0,2318.0,0.0,0.0,45.0,782.0,3160.0,3160.0,151.0,151.0,4953675
ILE DE FRANCE,2019-12-17 19:00:00,2019,351,19:00:00,351.79,314.0,0.0,22.0,0.0,2.0,123.0,0.0,10149.0,0.0,0.0,2170.0,2033.0,0.0,0.0,108.0,143.0,20.0,20.0,314.0,314.0,12262544
HAUTS DE FRANCE,2017-08-13 19:00:00,2017,225,19:00:00,225.79,352.0,4429.0,73.0,19.0,0.0,116.0,0.0,-1011.0,0.0,0.0,2910.0,2416.0,5460.0,4550.0,3557.0,215.0,5.0,5.0,165.0,165.0,6003815
AUVERGNE RHONE ALPES,2022-06-10 15:30:00,2022,161,15:30:00,161.65,350.0,7605.0,205.0,1154.0,2028.0,121.0,-349.0,-4025.0,0.0,0.0,1048.0,1048.0,13570.0,12741.0,723.0,1697.0,11787.0,11640.0,208.0,208.0,8155762
BRETAGNE,2017-03-29 16:00:00,2017,88,16:00:00,88.67,200.0,0.0,415.0,98.0,188.0,38.0,-1.0,1478.0,0.0,0.0,848.0,848.0,0.0,0.0,887.0,234.0,275.0,275.0,61.0,61.0,3318904
GRAND EST,2017-12-18 03:00:00,2017,352,03:00:00,352.12,1219.0,11029.0,2058.0,0.0,1147.0,121.0,-347.0,-9376.0,0.0,0.0,3471.0,2876.0,10820.0,9908.0,3053.0,551.0,2299.0,1995.0,145.0,145.0,5549586
PROVENCE ALPES COTE D AZUR,2016-01-06 00:30:00,2016,6,00:30:00,6.02,386.0,0.0,9.0,0.0,641.0,104.0,0.0,4668.0,0.0,0.0,2614.0,2149.0,0.0,0.0,48.0,984.0,3178.0,3056.0,183.0,183.0,5021928
NOUVELLE AQUITAINE,2016-01-18 23:30:00,2016,18,23:30:00,18.98,184.0,6625.0,34.0,-1.0,1069.0,184.0,0.0,-1537.0,0.0,0.0,429.0,429.0,6630.0,6630.0,547.0,1803.0,1778.0,1778.0,279.0,279.0,5935603
NOUVELLE AQUITAINE,2018-06-29 00:00:00,2018,180,00:00:00,180.0,27.0,4338.0,445.0,-1.0,493.0,176.0,0.0,-974.0,0.0,0.0,482.0,482.0,6630.0,5900.0,924.0,2356.0,1781.0,1670.0,315.0,315.0,5979778
OCCITANIE,2020-07-15 16:00:00,2020,197,16:00:00,197.67,0.0,2285.0,758.0,801.0,1211.0,80.0,0.0,-948.0,0.0,0.0,314.0,314.0,2620.0,1378.0,1593.0,2251.0,5494.0,5293.0,171.0,171.0,5973969
AUVERGNE RHONE ALPES,2015-12-02 02:30:00,2015,336,02:30:00,336.1,398.0,11038.0,51.0,0.0,1851.0,117.0,-888.0,-4109.0,0.0,0.0,947.0,947.0,13570.0,12930.0,384.0,893.0,11196.0,10973.0,167.0,167.0,7877698
BRETAGNE,2019-01-26 18:00:00,2019,26,18:00:00,26.75,252.0,0.0,718.0,0.0,175.0,42.0,-1.0,1819.0,0.0,0.0,956.0,822.0,0.0,0.0,995.0,261.0,270.0,270.0,70.0,70.0,3354854
BRETAGNE,2019-06-01 01:30:00,2019,152,01:30:00,152.06,1.0,0.0,60.0,0.0,176.0,49.0,-1.0,1587.0,0.0,0.0,956.0,871.0,0.0,0.0,1021.0,265.0,270.0,270.0,73.0,73.0,3354854
ILE DE FRANCE,2013-01-14 22:00:00,2013,14,22:00:00,14.92,1051.0,0.0,17.0,0.0,0.0,127.0,0.0,11161.0,0.0,0.0,2121.0,1536.0,0.0,0.0,37.0,108.0,19.0,19.0,262.0,262.0,11959807
HAUTS DE FRANCE,2018-06-14 04:00:00,2018,165,04:00:00,165.17,179.0,2592.0,547.0,0.0,2.0,114.0,0.0,943.0,0.0,0.0,2922.0,2754.0,5460.0,4658.0,3912.0,220.0,5.0,5.0,170.0,170.0,6004108
HAUTS DE FRANCE,2014-10-12 05:00:00,2014,285,05:00:00,285.21,281.0,3538.0,25.0,0.0,1.0,80.0,0.0,431.0,0.0,0.0,2301.0,2067.0,5460.0,5460.0,2461.0,212.0,5.0,5.0,142.0,142.0,6006156
OCCITANIE,2021-10-10 21:30:00,2021,283,21:30:00,283.9,0.0,1238.0,613.0,2.0,280.0,74.0,-189.0,1441.0,0.0,0.0,325.0,325.0,2620.0,2620.0,1593.0,2691.0,5499.0,5464.0,173.0,173.0,6022176
OCCITANIE,2016-02-11 19:00:00,2016,42,19:00:00,42.79,50.0,2585.0,463.0,0.0,3287.0,94.0,0.0,-76.0,0.0,0.0,266.0,0.0,2620.0,2620.0,1098.0,1513.0,5461.0,5234.0,137.0,137.0,5808435
OCCITANIE,2016-03-02 00:30:00,2016,62,00:30:00,62.02,56.0,2466.0,463.0,0.0,1674.0,92.0,-438.0,1099.0,0.0,0.0,266.0,0.0,2620.0,2620.0,1098.0,1525.0,5462.0,5235.0,137.0,137.0,5808435
BRETAGNE,2018-04-14 11:30:00,2018,104,11:30:00,104.48,1.0,0.0,8.0,96.0,186.0,41.0,-1.0,1986.0,0.0,0.0,904.0,904.0,0.0,0.0,951.0,252.0,270.0,270.0,68.0,68.0,3335414
BOURGOGNE FRANCHE COMTE,2017-09-03 23:30:00,2017,246,23:30:00,246.98,56.0,0.0,54.0,0.0,76.0,25.0,0.0,1477.0,0.0,0.0,331.0,331.0,0.0,0.0,624.0,271.0,519.0,519.0,33.0,33.0,2811423
GRAND EST,2017-06-22 20:00:00,2017,173,20:00:00,173.83,1899.0,9754.0,918.0,47.0,910.0,66.0,0.0,-8246.0,0.0,0.0,3453.0,3196.0,10820.0,9730.0,2914.0,543.0,2298.0,2000.0,140.0,140.0,5549586
AUVERGNE RHONE ALPES,2022-09-30 14:30:00,2022,273,14:30:00,273.6,67.0,5454.0,160.0,669.0,2018.0,107.0,-497.0,-873.0,0.0,0.0,1049.0,629.0,13570.0,12639.0,723.0,1789.0,11789.0,11677.0,208.0,208.0,8155762
BRETAGNE,2019-08-24 10:00:00,2019,236,10:00:00,236.42,1.0,0.0,130.0,67.0,2.0,49.0,-2.0,1674.0,0.0,0.0,960.0,875.0,0.0,0.0,1021.0,268.0,270.0,270.0,74.0,74.0,3354854
HAUTS DE FRANCE,2020-11-30 21:00:00,2020,335,21:00:00,335.88,1971.0,4458.0,2657.0,0.0,1.0,112.0,0.0,-2284.0,0.0,0.0,2984.0,2979.0,5460.0,4550.0,5303.0,273.0,5.0,5.0,181.0,181.0,5997734
HAUTS DE FRANCE,2016-03-15 13:00:00,2016,75,13:00:00,75.54,1481.0,4935.0,482.0,97.0,2.0,104.0,0.0,-54.0,0.0,0.0,2864.0,2864.0,5460.0,4731.0,2919.0,213.0,5.0,5.0,160.0,160.0,6006870
NOUVELLE AQUITAINE,2018-03-15 17:30:00,2018,74,17:30:00,74.73,172.0,5746.0,487.0,278.0,838.0,131.0,0.0,-2397.0,0.0,0.0,482.0,482.0,6630.0,5525.0,882.0,2283.0,1781.0,1663.0,314.0,314.0,5979778
BRETAGNE,2014-05-14 23:00:00,2014,134,23:00:00,134.96,1.0,0.0,102.0,0.0,87.0,27.0,-1.0,2323.0,0.0,0.0,688.0,688.0,0.0,0.0,755.0,211.0,251.0,251.0,51.0,51.0,3276543
NOUVELLE AQUITAINE,2020-12-17 02:30:00,2020,352,02:30:00,352.1,207.0,5086.0,286.0,0.0,734.0,173.0,0.0,-1069.0,0.0,0.0,576.0,576.0,6630.0,5754.0,1190.0,2823.0,1783.0,1678.0,347.0,347.0,6033952
AUVERGNE RHONE ALPES,2014-03-31 18:00:00,2014,90,18:00:00,90.75,173.0,10308.0,38.0,86.0,3824.0,95.0,-316.0,-6952.0,0.0,0.0,938.0,938.0,13570.0,13570.0,347.0,799.0,11136.0,10984.0,140.0,140.0,7820966
PROVENCE ALPES COTE D AZUR,2022-10-10 20:00:00,2022,283,20:00:00,283.83,974.0,0.0,3.0,0.0,772.0,59.0,0.0,2509.0,0.0,0.0,2724.0,2369.0,0.0,0.0,96.0,1913.0,3267.0,3226.0,357.0,357.0,5150362
ILE DE FRANCE,2015-06-14 04:00:00,2015,165,04:00:00,165.17,-3.0,0.0,4.0,0.0,10.0,111.0,0.0,4590.0,0.0,0.0,2144.0,1777.0,0.0,0.0,37.0,113.0,19.0,19.0,286.0,286.0,12082144
PAYS DE LA LOIRE,2017-08-03 15:00:00,2017,215,15:00:00,215.62,11.0,0.0,377.0,257.0,0.0,42.0,0.0,2015.0,0.0,0.0,1921.0,1295.0,0.0,0.0,727.0,503.0,8.0,8.0,66.0,66.0,3757600
PAYS DE LA LOIRE,2015-10-27 11:30:00,2015,300,11:30:00,300.48,914.0,0.0,106.0,41.0,0.0,43.0,0.0,2496.0,0.0,0.0,1867.0,1287.0,0.0,0.0,560.0,456.0,7.0,7.0,61.0,61.0,3718512
ILE DE FRANCE,2019-08-19 09:30:00,2019,231,09:30:00,231.4,1.0,0.0,5.0,25.0,2.0,140.0,0.0,5569.0,0.0,0.0,2170.0,2072.0,0.0,0.0,108.0,127.0,20.0,20.0,314.0,314.0,12262544
NORMANDIE,2017-07-19 21:00:00,2017,200,21:00:00,200.88,757.0,5793.0,109.0,3.0,9.0,56.0,0.0,-4108.0,0.0,0.0,785.0,785.0,10640.0,9518.0,637.0,222.0,31.0,31.0,99.0,99.0,3330478
PROVENCE ALPES COTE D AZUR,2019-12-03 13:00:00,2019,337,13:00:00,337.54,1839.0,0.0,6.0,674.0,1346.0,85.0,0.0,1462.0,0.0,0.0,2679.0,2301.0,0.0,0.0,48.0,1424.0,3249.0,3125.0,357.0,207.0,5081101
BRETAGNE,2018-03-12 13:00:00,2018,71,13:00:00,71.54,224.0,0.0,717.0,65.0,20.0,45.0,-1.0,2275.0,0.0,0.0,904.0,904.0,0.0,0.0,951.0,251.0,270.0,270.0,68.0,68.0,3335414
OCCITANIE,2022-03-17 11:00:00,2022,76,11:00:00,76.46,27.0,1269.0,111.0,381.0,2021.0,95.0,0.0,1222.0,0.0,0.0,326.0,326.0,2620.0,1310.0,1593.0,2845.0,5502.0,5467.0,174.0,174.0,6067101
NOUVELLE AQUITAINE,2016-02-21 20:00:00,2016,52,20:00:00,52.83,167.0,3922.0,31.0,-1.0,845.0,188.0,0.0,329.0,0.0,0.0,429.0,429.0,6630.0,5838.0,559.0,1829.0,1778.0,1778.0,279.0,279.0,5935603
ILE DE FRANCE,2019-08-27 18:30:00,2019,239,18:30:00,239.77,252.0,0.0,57.0,13.0,2.0,108.0,0.0,6634.0,0.0,0.0,2170.0,2070.0,0.0,0.0,108.0,127.0,20.0,20.0,314.0,314.0,12262544
NORMANDIE,2018-06-10 05:30:00,2018,161,05:30:00,161.23,181.0,4653.0,13.0,0.0,16.0,55.0,0.0,-3000.0,0.0,0.0,813.0,233.0,10640.0,9310.0,712.0,240.0,31.0,31.0,103.0,103.0,3327477
OCCITANIE,2021-07-06 17:00:00,2021,187,17:00:00,187.71,0.0,1252.0,112.0,585.0,495.0,72.0,-475.0,1984.0,0.0,0.0,318.0,318.0,2620.0,2620.0,1593.0,2595.0,5499.0,5332.0,172.0,172.0,6022176
PROVENCE ALPES COTE D AZUR,2021-05-02 02:00:00,2021,122,02:00:00,122.08,28.0,0.0,34.0,0.0,1262.0,97.0,0.0,2857.0,0.0,0.0,2715.0,2341.0,0.0,0.0,96.0,1590.0,3266.0,3235.0,357.0,357.0,5127840
BOURGOGNE FRANCHE COMTE,2022-07-15 03:00:00,2022,196,03:00:00,196.12,0.0,0.0,335.0,0.0,4.0,54.0,-5.0,1239.0,0.0,0.0,401.0,401.0,0.0,0.0,1049.0,573.0,524.0,524.0,75.0,75.0,2797366
BRETAGNE,2021-11-24 04:00:00,2021,328,04:00:00,328.17,546.0,0.0,374.0,0.0,172.0,52.0,-1.0,1683.0,0.0,0.0,1428.0,982.0,0.0,0.0,1125.0,349.0,272.0,272.0,82.0,82.0,3394567
GRAND EST,2016-05-19 21:00:00,2016,140,21:00:00,140.88,599.0,8512.0,178.0,1.0,1310.0,89.0,0.0,-5831.0,0.0,0.0,3424.0,2946.0,10820.0,9524.0,2601.0,527.0,2286.0,2084.0,121.0,121.0,5555186
BOURGOGNE FRANCHE COMTE,2020-11-19 23:00:00,2020,324,23:00:00,324.96,119.0,0.0,166.0,0.0,33.0,48.0,0.0,2062.0,0.0,0.0,401.0,401.0,0.0,0.0,889.0,391.0,523.0,523.0,71.0,71.0,2801695
BOURGOGNE FRANCHE COMTE,2022-07-23 05:30:00,2022,204,05:30:00,204.23,0.0,0.0,50.0,0.0,3.0,56.0,0.0,1376.0,0.0,0.0,401.0,401.0,0.0,0.0,1049.0,593.0,524.0,524.0,75.0,75.0,2797366
PROVENCE ALPES COTE D AZUR,2018-08-10 14:00:00,2018,222,14:00:00,222.58,34.0,0.0,12.0,835.0,617.0,91.0,0.0,3230.0,0.0,0.0,2666.0,2267.0,0.0,0.0,48.0,1294.0,3233.0,3086.0,357.0,207.0,5052832
GRAND EST,2016-02-16 02:30:00,2016,47,02:30:00,47.1,267.0,11384.0,718.0,0.0,1055.0,106.0,-358.0,-6855.0,0.0,0.0,3424.0,3424.0,10820.0,10010.0,2575.0,525.0,2286.0,2084.0,119.0,119.0,5555186
PAYS DE LA LOIRE,2014-09-28 04:00:00,2014,271,04:00:00,271.17,2.0,0.0,109.0,0.0,1.0,42.0,0.0,1398.0,0.0,0.0,1864.0,1429.0,0.0,0.0,518.0,428.0,7.0,7.0,58.0,58.0,3690833
ILE DE FRANCE,2022-02-14 23:00:00,2022,45,23:00:00,45.96,513.0,0.0,71.0,0.0,10.0,135.0,0.0,9279.0,0.0,0.0,2171.0,2171.0,0.0,0.0,148.0,207.0,20.0,20.0,314.0,314.0,12354286
ILE DE FRANCE,2014-06-04 16:30:00,2014,155,16:30:00,155.69,-2.0,0.0,0.0,17.0,7.0,117.0,0.0,8098.0,0.0,0.0,2122.0,2122.0,0.0,0.0,37.0,111.0,19.0,19.0,282.0,282.0,12027565
PAYS DE LA LOIRE,2013-10-27 14:00:00,2013,300,14:00:00,300.58,-5.0,0.0,449.0,25.0,0.0,28.0,0.0,1723.0,0.0,0.0,1837.0,1837.0,0.0,0.0,502.0,397.0,6.0,6.0,58.0,58.0,3660852
HAUTS DE FRANCE,2020-04-25 14:00:00,2020,116,14:00:00,116.58,187.0,4542.0,320.0,100.0,2.0,126.0,0.0,-901.0,0.0,0.0,2970.0,2503.0,5460.0,4550.0,5048.0,242.0,5.0,5.0,181.0,181.0,5997734
CENTRE VAL DE LOIRE,2021-11-17 21:30:00,2021,321,21:30:00,321.9,73.0,7888.0,185.0,0.0,15.0,59.0,0.0,-5869.0,0.0,0.0,229.0,229.0,11630.0,10735.0,1360.0,663.0,92.0,92.0,90.0,90.0,2573303
BRETAGNE,2014-04-10 03:00:00,2014,100,03:00:00,100.12,1.0,0.0,90.0,0.0,7.0,27.0,-1.0,2224.0,0.0,0.0,688.0,688.0,0.0,0.0,747.0,210.0,251.0,251.0,51.0,51.0,3276543
PAYS DE LA LOIRE,2013-04-22 11:00:00,2013,112,11:00:00,112.46,907.0,0.0,0.0,109.0,2.0,29.0,0.0,2444.0,0.0,0.0,1837.0,1837.0,0.0,0.0,466.0,389.0,5.0,5.0,57.0,57.0,3660852
NOUVELLE AQUITAINE,2019-06-03 21:00:00,2019,154,21:00:00,154.88,30.0,5633.0,30.0,67.0,443.0,177.0,0.0,-2478.0,0.0,0.0,538.0,538.0,6630.0,5428.0,1008.0,2490.0,1782.0,1673.0,319.0,319.0,6010289
BRETAGNE,2021-03-04 08:30:00,2021,63,08:30:00,63.35,234.0,0.0,14.0,12.0,12.0,51.0,-1.0,3022.0,0.0,0.0,982.0,982.0,0.0,0.0,1052.0,305.0,272.0,272.0,81.0,81.0,3394567
OCCITANIE,2020-01-18 18:00:00,2020,18,18:00:00,18.75,91.0,2535.0,349.0,0.0,3068.0,98.0,-17.0,-736.0,0.0,0.0,308.0,308.0,2620.0,2620.0,1570.0,2162.0,5490.0,5313.0,171.0,171.0,5973969
NORMANDIE,2013-06-18 10:00:00,2013,169,10:00:00,169.42,352.0,7522.0,5.0,13.0,18.0,35.0,0.0,-4800.0,0.0,0.0,761.0,761.0,10640.0,10640.0,423.0,208.0,23.0,23.0,88.0,88.0,3328364
OCCITANIE,2022-08-16 16:30:00,2022,228,16:30:00,228.69,0.0,1239.0,520.0,991.0,446.0,96.0,0.0,1053.0,0.0,0.0,326.0,326.0,2620.0,1310.0,1593.0,3006.0,5503.0,5350.0,174.0,174.0,6067101
GRAND EST,2013-09-21 13:00:00,2013,264,13:00:00,264.54,179.0,7276.0,0.0,224.0,1320.0,45.0,0.0,-4181.0,0.0,0.0,3398.0,3163.0,10820.0,9520.0,1943.0,506.0,2281.0,2281.0,93.0,93.0,5552388
HAUTS DE FRANCE,2014-07-30 20:00:00,2014,211,20:00:00,211.83,250.0,4302.0,165.0,11.0,1.0,100.0,0.0,272.0,0.0,0.0,2289.0,2289.0,5460.0,5460.0,2351.0,212.0,5.0,5.0,139.0,139.0,6006156
NOUVELLE AQUITAINE,2021-05-10 12:30:00,2021,130,12:30:00,130.52,16.0,4185.0,409.0,1653.0,310.0,194.0,0.0,-2172.0,0.0,0.0,578.0,578.0,6630.0,6630.0,1301.0,3059.0,1784.0,1784.0,353.0,353.0,6069352
CENTRE VAL DE LOIRE,2019-12-17 12:00:00,2019,351,12:00:00,351.5,100.0,6182.0,384.0,56.0,37.0,59.0,0.0,-4139.0,0.0,0.0,229.0,229.0,11630.0,10731.0,1223.0,348.0,91.0,91.0,86.0,86.0,2573180
PAYS DE LA LOIRE,2021-11-10 02:30:00,2021,314,02:30:00,314.1,1525.0,0.0,67.0,0.0,1.0,58.0,0.0,1828.0,0.0,0.0,2065.0,2065.0,0.0,0.0,1124.0,778.0,10.0,10.0,79.0,79.0,3853999
AUVERGNE RHONE ALPES,2017-04-13 04:00:00,2017,103,04:00:00,103.17,36.0,10100.0,46.0,0.0,1256.0,81.0,-1142.0,-4161.0,0.0,0.0,985.0,985.0,13570.0,12521.0,486.0,942.0,11239.0,11059.0,178.0,178.0,7948287
BRETAGNE,2013-12-08 08:00:00,2013,342,08:00:00,342.33,72.0,0.0,54.0,0.0,3.0,28.0,-2.0,2779.0,0.0,0.0,680.0,680.0,0.0,0.0,739.0,207.0,251.0,251.0,49.0,49.0,3258707
BRETAGNE,2015-02-20 14:00:00,2015,51,14:00:00,51.58,102.0,0.0,464.0,23.0,207.0,32.0,-1.0,2700.0,0.0,0.0,719.0,719.0,0.0,0.0,801.0,219.0,272.0,272.0,53.0,53.0,3293850
NOUVELLE AQUITAINE,2022-04-20 12:00:00,2022,110,12:00:00,110.5,76.0,2677.0,122.0,560.0,428.0,171.0,0.0,1696.0,0.0,0.0,578.0,578.0,6630.0,5386.0,1441.0,3588.0,1784.0,1672.0,356.0,356.0,6098051
CENTRE VAL DE LOIRE,2022-02-01 20:30:00,2022,32,20:30:00,32.85,94.0,10387.0,852.0,0.0,12.0,56.0,0.0,-8678.0,0.0,0.0,229.0,229.0,11630.0,10867.0,1381.0,698.0,92.0,92.0,90.0,90.0,2572916
AUVERGNE RHONE ALPES,2013-07-05 12:00:00,2013,186,12:00:00,186.5,39.0,8616.0,68.0,258.0,6053.0,68.0,-17.0,-7328.0,0.0,0.0,919.0,919.0,13570.0,13570.0,335.0,721.0,11116.0,11116.0,106.0,106.0,7757595
HAUTS DE FRANCE,2015-11-18 17:30:00,2015,322,17:30:00,322.73,1229.0,4485.0,1759.0,0.0,1.0,106.0,0.0,-938.0,0.0,0.0,2301.0,2051.0,5460.0,4550.0,2847.0,213.0,5.0,5.0,160.0,160.0,6009976
NORMANDIE,2014-01-30 18:00:00,2014,30,18:00:00,30.75,426.0,10105.0,18.0,0.0,16.0,65.0,0.0,-6362.0,0.0,0.0,761.0,761.0,10640.0,10640.0,444.0,211.0,24.0,24.0,89.0,89.0,3335645
BRETAGNE,2014-07-26 15:00:00,2014,207,15:00:00,207.62,1.0,0.0,62.0,96.0,170.0,32.0,-1.0,1594.0,0.0,0.0,688.0,688.0,0.0,0.0,763.0,214.0,272.0,272.0,52.0,52.0,3276543
NOUVELLE AQUITAINE,2021-04-08 00:00:00,2021,98,00:00:00,98.0,16.0,4288.0,167.0,0.0,847.0,164.0,0.0,88.0,0.0,0.0,578.0,578.0,6630.0,6630.0,1248.0,3037.0,1784.0,1784.0,353.0,353.0,6069352
HAUTS DE FRANCE,2022-12-03 08:00:00,2022,337,08:00:00,337.33,1179.0,3674.0,1622.0,0.0,1.0,88.0,0.0,-1203.0,0.0,0.0,3003.0,2871.0,5460.0,4551.0,6051.0,462.0,6.0,6.0,198.0,198.0,5990765
NORMANDIE,2021-06-08 16:00:00,2021,159,16:00:00,159.67,204.0,8921.0,15.0,128.0,11.0,87.0,0.0,-6000.0,0.0,0.0,852.0,852.0,10640.0,10040.0,878.0,282.0,31.0,31.0,147.0,147.0,3327966
GRAND EST,2018-08-15 01:30:00,2018,227,01:30:00,227.06,1110.0,5515.0,206.0,0.0,595.0,107.0,0.0,-3989.0,0.0,0.0,3471.0,2967.0,10820.0,9549.0,3155.0,557.0,2300.0,1998.0,158.0,158.0,5550389
HAUTS DE FRANCE,2018-07-22 23:30:00,2018,203,23:30:00,203.98,787.0,3424.0,317.0,0.0,1.0,122.0,0.0,-25.0,0.0,0.0,2922.0,2922.0,5460.0,4550.0,3945.0,221.0,5.0,5.0,170.0,170.0,6004108
BOURGOGNE FRANCHE COMTE,2019-11-08 02:30:00,2019,312,02:30:00,312.1,161.0,0.0,163.0,0.0,91.0,25.0,0.0,1979.0,0.0,0.0,401.0,401.0,0.0,0.0,849.0,342.0,521.0,521.0,68.0,68.0,2805580
AUVERGNE RHONE ALPES,2015-02-19 09:30:00,2015,50,09:30:00,50.4,633.0,11558.0,44.0,148.0,5880.0,93.0,-10.0,-7739.0,0.0,0.0,944.0,944.0,13570.0,12655.0,372.0,859.0,11176.0,10859.0,141.0,141.0,7877698
PROVENCE ALPES COTE D AZUR,2018-03-24 14:30:00,2018,83,14:30:00,83.6,2280.0,0.0,31.0,453.0,1501.0,157.0,0.0,1121.0,0.0,0.0,2666.0,2360.0,0.0,0.0,48.0,1238.0,3233.0,3233.0,357.0,357.0,5052832
PROVENCE ALPES COTE D AZUR,2014-02-23 20:30:00,2014,54,20:30:00,54.85,269.0,0.0,3.0,0.0,1876.0,52.0,0.0,3514.0,0.0,0.0,2592.0,2318.0,0.0,0.0,45.0,790.0,3160.0,3160.0,164.0,164.0,4983438
NORMANDIE,2017-01-08 01:00:00,2017,8,01:00:00,8.04,881.0,8946.0,43.0,0.0,13.0,55.0,0.0,-5851.0,0.0,0.0,785.0,785.0,10640.0,9868.0,622.0,220.0,31.0,31.0,96.0,96.0,3330478
CENTRE VAL DE LOIRE,2021-12-23 04:30:00,2021,357,04:30:00,357.19,127.0,8213.0,304.0,0.0,8.0,61.0,0.0,-5964.0,0.0,0.0,229.0,229.0,11630.0,10735.0,1381.0,693.0,92.0,92.0,90.0,90.0,2573303
CENTRE VAL DE LOIRE,2017-10-29 21:30:00,2017,302,21:30:00,302.9,2.0,7169.0,206.0,0.0,0.0,56.0,0.0,-5431.0,0.0,0.0,210.0,210.0,11630.0,10709.0,963.0,276.0,91.0,91.0,76.0,76.0,2576252
HAUTS DE FRANCE,2016-01-18 21:00:00,2016,18,21:00:00,18.88,1459.0,5372.0,322.0,0.0,2.0,117.0,0.0,892.0,0.0,0.0,2301.0,2301.0,5460.0,5335.0,2878.0,213.0,5.0,5.0,160.0,160.0,6006870
CENTRE VAL DE LOIRE,2016-08-22 22:30:00,2016,235,22:30:00,235.94,0.0,7255.0,98.0,0.0,0.0,47.0,0.0,-5657.0,0.0,0.0,170.0,170.0,11630.0,10678.0,896.0,259.0,91.0,91.0,71.0,71.0,2577866
NORMANDIE,2022-06-12 17:30:00,2022,163,17:30:00,163.73,186.0,3740.0,151.0,132.0,8.0,84.0,0.0,-2149.0,0.0,0.0,852.0,852.0,10640.0,9310.0,933.0,313.0,31.0,31.0,149.0,149.0,3327604
OCCITANIE,2018-09-07 20:30:00,2018,250,20:30:00,250.85,0.0,2457.0,271.0,0.0,930.0,90.0,0.0,40.0,0.0,0.0,295.0,295.0,2620.0,2490.0,1425.0,1957.0,5485.0,5254.0,146.0,146.0,5885496
NOUVELLE AQUITAINE,2013-06-10 18:30:00,2013,161,18:30:00,161.77,29.0,4184.0,44.0,197.0,715.0,129.0,0.0,-1134.0,0.0,0.0,421.0,421.0,6630.0,6630.0,356.0,971.0,1759.0,1759.0,210.0,210.0,5844177
GRAND EST,2022-10-07 15:00:00,2022,280,15:00:00,280.62,1511.0,2339.0,35.0,556.0,936.0,151.0,-346.0,-497.0,0.0,0.0,3590.0,3590.0,10820.0,9629.0,4373.0,1099.0,2308.0,2106.0,235.0,235.0,5563889
BRETAGNE,2015-01-17 14:30:00,2015,17,14:30:00,17.6,110.0,0.0,151.0,57.0,24.0,36.0,-1.0,2748.0,0.0,0.0,719.0,719.0,0.0,0.0,791.0,218.0,272.0,272.0,53.0,53.0,3293850
OCCITANIE,2022-07-10 17:00:00,2022,191,17:00:00,191.71,0.0,1232.0,82.0,1662.0,340.0,106.0,-599.0,1171.0,0.0,0.0,326.0,326.0,2620.0,1310.0,1593.0,2988.0,5503.0,5345.0,174.0,174.0,6067101
BRETAGNE,2014-12-15 09:00:00,2014,349,09:00:00,349.38,104.0,0.0,64.0,0.0,20.0,33.0,-1.0,3406.0,0.0,0.0,719.0,719.0,0.0,0.0,791.0,218.0,272.0,272.0,53.0,53.0,3276543
BRETAGNE,2021-03-30 06:30:00,2021,89,06:30:00,89.27,242.0,0.0,271.0,0.0,5.0,52.0,-1.0,1921.0,0.0,0.0,982.0,982.0,0.0,0.0,1052.0,311.0,272.0,272.0,81.0,81.0,3394567
HAUTS DE FRANCE,2013-03-22 10:00:00,2013,81,10:00:00,81.42,840.0,3665.0,602.0,31.0,1.0,69.0,0.0,2467.0,0.0,0.0,2268.0,2268.0,5460.0,5460.0,2114.0,210.0,4.0,4.0,122.0,122.0,5987883
NORMANDIE,2019-10-15 18:30:00,2019,288,18:30:00,288.77,719.0,2362.0,251.0,7.0,9.0,54.0,0.0,-443.0,0.0,0.0,833.0,810.0,10640.0,9310.0,806.0,259.0,31.0,31.0,108.0,108.0,3325032
AUVERGNE RHONE ALPES,2018-10-14 02:30:00,2018,287,02:30:00,287.1,28.0,7951.0,316.0,0.0,812.0,128.0,-1708.0,-2203.0,0.0,0.0,1004.0,1004.0,13570.0,12645.0,603.0,1107.0,11262.0,10994.0,180.0,180.0,7994459
OCCITANIE,2019-06-08 02:00:00,2019,159,02:00:00,159.08,0.0,261.0,329.0,0.0,1006.0,91.0,-684.0,1950.0,0.0,0.0,307.0,307.0,2620.0,1310.0,1559.0,2051.0,5489.0,5312.0,146.0,146.0,5933185
AUVERGNE RHONE ALPES,2018-04-22 16:30:00,2018,112,16:30:00,112.69,18.0,7641.0,73.0,391.0,3334.0,113.0,-1706.0,-4165.0,0.0,0.0,1000.0,1000.0,13570.0,12550.0,578.0,1043.0,11259.0,11050.0,179.0,179.0,7994459
PROVENCE ALPES COTE D AZUR,2020-09-20 18:30:00,2020,264,18:30:00,264.77,592.0,0.0,1.0,95.0,720.0,64.0,0.0,2265.0,0.0,0.0,2710.0,2309.0,0.0,0.0,48.0,1507.0,3262.0,3161.0,357.0,207.0,5098666
HAUTS DE FRANCE,2019-12-31 08:30:00,2019,365,08:30:00,365.35,1861.0,4470.0,301.0,0.0,2.0,123.0,0.0,58.0,0.0,0.0,2970.0,2970.0,5460.0,4550.0,4895.0,240.0,5.0,5.0,180.0,180.0,6004947
OCCITANIE,2015-08-20 15:00:00,2015,232,15:00:00,232.62,-4.0,358.0,53.0,900.0,961.0,89.0,0.0,1545.0,0.0,0.0,266.0,0.0,2620.0,1310.0,1039.0,1436.0,5455.0,5308.0,137.0,137.0,5774185
NOUVELLE AQUITAINE,2015-01-20 13:00:00,2015,20,13:00:00,20.54,271.0,5699.0,7.0,312.0,695.0,176.0,0.0,923.0,0.0,0.0,427.0,427.0,6630.0,5720.0,469.0,1360.0,1774.0,1774.0,234.0,234.0,5911482
AUVERGNE RHONE ALPES,2021-09-05 12:30:00,2021,248,12:30:00,248.52,26.0,8796.0,0.0,871.0,1283.0,128.0,-1230.0,-3873.0,0.0,0.0,1047.0,1047.0,13570.0,12690.0,723.0,1517.0,11772.0,11633.0,208.0,208.0,8114361
NOUVELLE AQUITAINE,2020-12-02 02:30:00,2020,337,02:30:00,337.1,223.0,5809.0,350.0,0.0,174.0,153.0,0.0,-542.0,0.0,0.0,576.0,576.0,6630.0,5525.0,1190.0,2814.0,1783.0,1678.0,347.0,347.0,6033952
AUVERGNE RHONE ALPES,2016-01-18 10:30:00,2016,18,10:30:00,18.44,706.0,12684.0,92.0,41.0,5722.0,112.0,-3.0,-7668.0,0.0,0.0,952.0,952.0,13570.0,12690.0,384.0,894.0,11204.0,10851.0,170.0,170.0,7916889
BRETAGNE,2013-07-08 03:30:00,2013,189,03:30:00,189.15,0.0,0.0,180.0,0.0,127.0,21.0,0.0,1107.0,0.0,0.0,665.0,665.0,0.0,0.0,722.0,205.0,11.0,11.0,47.0,47.0,3258707
BOURGOGNE FRANCHE COMTE,2021-04-21 18:00:00,2021,111,18:00:00,111.75,59.0,0.0,53.0,85.0,26.0,49.0,0.0,2029.0,0.0,0.0,401.0,401.0,0.0,0.0,955.0,416.0,523.0,523.0,71.0,71.0,2800194
NORMANDIE,2013-04-04 10:00:00,2013,94,10:00:00,94.42,835.0,8888.0,165.0,14.0,18.0,40.0,0.0,-5063.0,0.0,0.0,761.0,761.0,10640.0,10640.0,423.0,207.0,23.0,23.0,88.0,88.0,3328364
BRETAGNE,2017-10-27 20:30:00,2017,300,20:30:00,300.85,1.0,0.0,19.0,0.0,4.0,43.0,-1.0,2523.0,0.0,0.0,868.0,868.0,0.0,0.0,934.0,246.0,270.0,270.0,66.0,66.0,3318904
BOURGOGNE FRANCHE COMTE,2018-01-06 14:30:00,2018,6,14:30:00,6.6,156.0,0.0,31.0,12.0,272.0,30.0,0.0,2115.0,0.0,0.0,356.0,356.0,0.0,0.0,676.0,304.0,520.0,289.0,35.0,35.0,2807807
OCCITANIE,2014-08-08 23:00:00,2014,220,23:00:00,220.96,-3.0,1202.0,369.0,0.0,1557.0,52.0,0.0,810.0,0.0,0.0,251.0,251.0,2620.0,2620.0,932.0,1287.0,5411.0,5411.0,132.0,132.0,5730753
BRETAGNE,2016-05-02 14:00:00,2016,123,14:00:00,123.58,4.0,0.0,219.0,64.0,6.0,33.0,-1.0,2415.0,0.0,0.0,771.0,686.0,0.0,0.0,853.0,226.0,275.0,275.0,56.0,56.0,3306529
ILE DE FRANCE,2017-07-15 17:30:00,2017,196,17:30:00,196.73,1.0,0.0,0.0,26.0,5.0,185.0,0.0,5803.0,0.0,0.0,2149.0,1820.0,0.0,0.0,73.0,117.0,19.0,19.0,301.0,301.0,12174880
OCCITANIE,2023-01-10 09:30:00,2023,10,09:30:00,10.4,80.0,1282.0,281.0,251.0,2700.0,72.0,0.0,732.0,0.0,0.0,326.0,326.0,2620.0,1310.0,1667.0,3139.0,5505.0,5158.0,175.0,175.0,6101005
BRETAGNE,2019-01-12 18:30:00,2019,12,18:30:00,12.77,264.0,0.0,271.0,0.0,122.0,39.0,-1.0,2530.0,0.0,0.0,956.0,822.0,0.0,0.0,995.0,261.0,270.0,270.0,70.0,70.0,3354854
PAYS DE LA LOIRE,2022-12-16 03:30:00,2022,350,03:30:00,350.15,1699.0,0.0,1029.0,0.0,2.0,48.0,0.0,1610.0,0.0,0.0,2068.0,2068.0,0.0,0.0,1707.0,939.0,10.0,10.0,80.0,80.0,3878839
AUVERGNE RHONE ALPES,2021-03-01 12:30:00,2021,60,12:30:00,60.52,652.0,9680.0,65.0,664.0,3673.0,123.0,-2.0,-6426.0,0.0,0.0,1047.0,1047.0,13570.0,12684.0,723.0,1415.0,11767.0,11609.0,208.0,208.0,8114361
GRAND EST,2020-12-07 19:00:00,2020,342,19:00:00,342.79,1614.0,9393.0,565.0,0.0,1211.0,118.0,0.0,-5769.0,0.0,0.0,3585.0,3172.0,10820.0,9638.0,3849.0,673.0,2305.0,2103.0,192.0,192.0,5562651
PROVENCE ALPES COTE D AZUR,2017-10-06 21:00:00,2017,279,21:00:00,279.88,2285.0,0.0,45.0,0.0,820.0,88.0,0.0,812.0,0.0,0.0,2630.0,2324.0,0.0,0.0,48.0,1167.0,3221.0,3097.0,354.0,354.0,5030890
AUVERGNE RHONE ALPES,2021-01-13 01:30:00,2021,13,01:30:00,13.06,496.0,10715.0,251.0,0.0,3223.0,115.0,-89.0,-5218.0,0.0,0.0,1047.0,1047.0,13570.0,12674.0,723.0,1377.0,11753.0,11596.0,198.0,198.0,8114361
OCCITANIE,2015-01-17 14:00:00,2015,17,14:00:00,17.58,64.0,2551.0,280.0,345.0,1335.0,90.0,-412.0,1195.0,0.0,0.0,266.0,266.0,2620.0,2620.0,943.0,1359.0,5435.0,5208.0,133.0,133.0,5774185
AUVERGNE RHONE ALPES,2014-10-24 01:30:00,2014,297,01:30:00,297.06,83.0,9567.0,125.0,0.0,1409.0,90.0,-1212.0,-3349.0,0.0,0.0,940.0,940.0,13570.0,12655.0,347.0,835.0,11153.0,10998.0,141.0,141.0,7820966
PAYS DE LA LOIRE,2021-09-14 13:00:00,2021,257,13:00:00,257.54,854.0,0.0,67.0,164.0,0.0,50.0,0.0,2193.0,0.0,0.0,2056.0,2056.0,0.0,0.0,1115.0,770.0,10.0,10.0,79.0,79.0,3853999
ILE DE FRANCE,2013-09-08 17:30:00,2013,251,17:30:00,251.73,0.0,0.0,1.0,20.0,5.0,86.0,0.0,5770.0,0.0,0.0,2121.0,2121.0,0.0,0.0,37.0,109.0,19.0,19.0,282.0,282.0,11959807
GRAND EST,2014-08-10 21:30:00,2014,222,21:30:00,222.9,36.0,7737.0,850.0,0.0,1636.0,55.0,0.0,-6635.0,0.0,0.0,3398.0,3198.0,10820.0,10820.0,2112.0,516.0,2283.0,2283.0,97.0,97.0,5554645
BRETAGNE,2015-07-02 23:30:00,2015,183,23:30:00,183.98,1.0,0.0,33.0,0.0,70.0,37.0,-1.0,2083.0,0.0,0.0,724.0,614.0,0.0,0.0,801.0,221.0,272.0,272.0,55.0,55.0,3293850
PROVENCE ALPES COTE D AZUR,2013-10-08 04:00:00,2013,281,04:00:00,281.17,511.0,0.0,4.0,0.0,787.0,65.0,-2.0,1927.0,0.0,0.0,2590.0,2252.0,0.0,0.0,45.0,739.0,3159.0,3159.0,151.0,151.0,4953675
GRAND EST,2014-03-24 02:00:00,2014,83,02:00:00,83.08,266.0,7595.0,244.0,0.0,762.0,85.0,0.0,-4022.0,0.0,0.0,3398.0,3283.0,10820.0,10820.0,1999.0,514.0,2283.0,2283.0,96.0,96.0,5554645
BRETAGNE,2018-06-08 03:30:00,2018,159,03:30:00,159.15,1.0,0.0,1.0,0.0,2.0,50.0,-23.0,1590.0,0.0,0.0,904.0,794.0,0.0,0.0,957.0,252.0,270.0,270.0,68.0,68.0,3335414
ILE DE FRANCE,2013-10-26 21:00:00,2013,299,21:00:00,299.88,4.0,0.0,8.0,0.0,1.0,129.0,0.0,7307.0,0.0,0.0,2121.0,2121.0,0.0,0.0,37.0,109.0,19.0,19.0,282.0,282.0,11959807
OCCITANIE,2022-12-31 08:00:00,2022,365,08:00:00,365.33,76.0,1254.0,314.0,0.0,436.0,100.0,-468.0,2205.0,0.0,0.0,326.0,326.0,2620.0,1310.0,1667.0,3139.0,5505.0,5505.0,175.0,175.0,6067101
OCCITANIE,2014-07-02 10:30:00,2014,183,10:30:00,183.44,0.0,1259.0,62.0,307.0,1122.0,58.0,-8.0,1282.0,0.0,0.0,251.0,251.0,2620.0,2620.0,932.0,1258.0,5409.0,5182.0,132.0,132.0,5730753
BRETAGNE,2022-09-09 19:30:00,2022,252,19:30:00,252.81,501.0,0.0,250.0,23.0,20.0,56.0,-1.0,1359.0,0.0,0.0,1432.0,1298.0,0.0,0.0,1209.0,395.0,272.0,272.0,83.0,83.0,3414637
AUVERGNE RHONE ALPES,2017-10-26 13:00:00,2017,299,13:00:00,299.54,449.0,6895.0,2.0,431.0,1591.0,111.0,-5.0,-1564.0,0.0,0.0,992.0,992.0,13570.0,12656.0,548.0,967.0,11246.0,11043.0,178.0,178.0,7948287
BRETAGNE,2014-11-04 01:00:00,2014,308,01:00:00,308.04,77.0,0.0,117.0,0.0,8.0,38.0,-1.0,2202.0,0.0,0.0,707.0,707.0,0.0,0.0,781.0,217.0,272.0,272.0,52.0,52.0,3276543
HAUTS DE FRANCE,2020-01-27 06:30:00,2020,27,06:30:00,27.27,1854.0,3915.0,1954.0,0.0,3.0,118.0,0.0,-1209.0,0.0,0.0,2970.0,2970.0,5460.0,4681.0,4947.0,240.0,5.0,5.0,180.0,180.0,5997734
HAUTS DE FRANCE,2020-04-29 05:00:00,2020,120,05:00:00,120.21,132.0,4254.0,1507.0,0.0,2.0,134.0,0.0,-1909.0,0.0,0.0,2970.0,2503.0,5460.0,4807.0,5048.0,242.0,5.0,5.0,181.0,181.0,5997734
PROVENCE ALPES COTE D AZUR,2018-02-20 03:30:00,2018,51,03:30:00,51.15,2094.0,0.0,17.0,0.0,822.0,232.0,0.0,2268.0,0.0,0.0,2651.0,2333.0,0.0,0.0,48.0,1223.0,3227.0,3227.0,357.0,357.0,5052832
AUVERGNE RHONE ALPES,2021-08-24 08:30:00,2021,236,08:30:00,236.35,5.0,9081.0,175.0,81.0,3431.0,112.0,-13.0,-6599.0,0.0,0.0,1047.0,1047.0,13570.0,12690.0,723.0,1513.0,11771.0,11632.0,208.0,208.0,8114361
NORMANDIE,2022-08-05 07:00:00,2022,217,07:00:00,217.29,280.0,3502.0,132.0,1.0,6.0,99.0,0.0,-1772.0,0.0,0.0,852.0,852.0,10640.0,9382.0,949.0,315.0,31.0,31.0,149.0,149.0,3327604
ILE DE FRANCE,2013-08-03 14:30:00,2013,215,14:30:00,215.6,0.0,0.0,2.0,35.0,8.0,136.0,0.0,6194.0,0.0,0.0,2121.0,2121.0,0.0,0.0,37.0,109.0,19.0,19.0,282.0,282.0,11959807
AUVERGNE RHONE ALPES,2022-04-01 21:00:00,2022,91,21:00:00,91.88,437.0,9926.0,383.0,0.0,3035.0,129.0,-3.0,-4587.0,0.0,0.0,1048.0,1048.0,13570.0,12658.0,723.0,1663.0,11780.0,11642.0,208.0,208.0,8155762
HAUTS DE FRANCE,2019-08-27 00:00:00,2019,239,00:00:00,239.0,1195.0,3125.0,185.0,0.0,0.0,125.0,0.0,601.0,0.0,0.0,2969.0,2384.0,5460.0,4756.0,4531.0,238.0,5.0,5.0,178.0,178.0,6004947
NORMANDIE,2019-01-17 15:00:00,2019,17,15:00:00,17.62,403.0,4774.0,302.0,49.0,12.0,52.0,0.0,-1460.0,0.0,0.0,821.0,241.0,10640.0,9397.0,791.0,252.0,31.0,31.0,105.0,105.0,3325032
PROVENCE ALPES COTE D AZUR,2020-12-28 15:00:00,2020,363,15:00:00,363.62,542.0,0.0,23.0,311.0,834.0,106.0,0.0,4119.0,0.0,0.0,2715.0,2341.0,0.0,0.0,96.0,1542.0,3266.0,3081.0,357.0,357.0,5098666
BOURGOGNE FRANCHE COMTE,2013-10-06 19:30:00,2013,279,19:30:00,279.81,29.0,0.0,26.0,0.0,99.0,14.0,0.0,1970.0,0.0,0.0,301.0,301.0,0.0,0.0,204.0,240.0,480.0,480.0,25.0,25.0,2819783
NORMANDIE,2017-08-03 05:00:00,2017,215,05:00:00,215.21,246.0,4855.0,320.0,0.0,9.0,48.0,0.0,-3409.0,0.0,0.0,785.0,205.0,10640.0,9604.0,637.0,222.0,31.0,31.0,99.0,99.0,3330478
AUVERGNE RHONE ALPES,2018-09-18 09:30:00,2018,261,09:30:00,261.4,37.0,9366.0,103.0,217.0,3450.0,91.0,-18.0,-5831.0,0.0,0.0,1000.0,1000.0,13570.0,12697.0,603.0,1098.0,11262.0,11040.0,180.0,180.0,7994459
BOURGOGNE FRANCHE COMTE,2017-09-26 07:30:00,2017,269,07:30:00,269.31,25.0,0.0,13.0,0.0,132.0,16.0,0.0,2369.0,0.0,0.0,331.0,331.0,0.0,0.0,647.0,271.0,519.0,519.0,34.0,34.0,2811423
CENTRE VAL DE LOIRE,2020-09-30 14:00:00,2020,274,14:00:00,274.58,12.0,6352.0,116.0,118.0,13.0,53.0,0.0,-4631.0,0.0,0.0,229.0,229.0,11630.0,10653.0,1256.0,385.0,92.0,92.0,88.0,88.0,2574863
GRAND EST,2022-01-03 00:00:00,2022,3,00:00:00,3.0,240.0,5977.0,3385.0,0.0,1103.0,159.0,-516.0,-5477.0,0.0,0.0,3590.0,3590.0,10820.0,9956.0,4189.0,967.0,2306.0,2104.0,211.0,211.0,5563889
HAUTS DE FRANCE,2015-04-27 14:30:00,2015,117,14:30:00,117.6,368.0,3606.0,722.0,74.0,2.0,105.0,0.0,1101.0,0.0,0.0,2301.0,1970.0,5460.0,4550.0,2713.0,213.0,5.0,5.0,159.0,159.0,6009976
HAUTS DE FRANCE,2021-07-28 12:30:00,2021,209,12:30:00,209.52,271.0,4356.0,2674.0,131.0,2.0,119.0,0.0,-2227.0,0.0,0.0,2990.0,2990.0,5460.0,4550.0,5477.0,406.0,5.0,5.0,183.0,183.0,5995292
PROVENCE ALPES COTE D AZUR,2018-01-17 11:00:00,2018,17,11:00:00,17.46,1437.0,0.0,32.0,423.0,1172.0,80.0,0.0,2367.0,0.0,0.0,2651.0,2314.0,0.0,0.0,48.0,1218.0,3227.0,3227.0,357.0,357.0,5052832
AUVERGNE RHONE ALPES,2020-12-14 06:00:00,2020,349,06:00:00,349.25,184.0,10718.0,217.0,0.0,2483.0,126.0,-1916.0,-3117.0,0.0,0.0,1047.0,1047.0,13570.0,12670.0,723.0,1359.0,11753.0,11598.0,194.0,194.0,8078652
OCCITANIE,2018-12-28 17:00:00,2018,362,17:00:00,362.71,88.0,2587.0,857.0,20.0,1510.0,88.0,-9.0,78.0,0.0,0.0,307.0,307.0,2620.0,2620.0,1485.0,1983.0,5485.0,5357.0,146.0,146.0,5885496
ILE DE FRANCE,2021-03-06 10:00:00,2021,65,10:00:00,65.42,394.0,0.0,46.0,45.0,8.0,129.0,0.0,9199.0,0.0,0.0,2171.0,2171.0,0.0,0.0,125.0,171.0,20.0,20.0,314.0,314.0,12317279
BOURGOGNE FRANCHE COMTE,2021-04-07 16:00:00,2021,97,16:00:00,97.67,64.0,0.0,177.0,208.0,45.0,29.0,0.0,2203.0,0.0,0.0,401.0,401.0,0.0,0.0,955.0,415.0,523.0,523.0,71.0,71.0,2800194
BRETAGNE,2016-03-01 07:00:00,2016,61,07:00:00,61.29,151.0,0.0,283.0,0.0,64.0,31.0,-1.0,2923.0,0.0,0.0,771.0,771.0,0.0,0.0,829.0,225.0,275.0,275.0,56.0,56.0,3306529
GRAND EST,2014-10-26 05:00:00,2014,299,05:00:00,299.21,58.0,10380.0,3.0,0.0,937.0,64.0,-532.0,-7184.0,0.0,0.0,3398.0,3198.0,10820.0,10820.0,2257.0,517.0,2283.0,2283.0,107.0,107.0,5554645
BOURGOGNE FRANCHE COMTE,2022-08-31 19:30:00,2022,243,19:30:00,243.81,0.0,0.0,81.0,29.0,82.0,34.0,0.0,1952.0,0.0,0.0,401.0,401.0,0.0,0.0,1067.0,595.0,524.0,524.0,75.0,75.0,2797366
PROVENCE ALPES COTE D AZUR,2013-04-27 07:00:00,2013,117,07:00:00,117.29,190.0,0.0,0.0,0.0,2195.0,39.0,-2.0,1166.0,0.0,0.0,2590.0,2528.0,0.0,0.0,45.0,689.0,3158.0,3158.0,151.0,151.0,4953675
BOURGOGNE FRANCHE COMTE,2020-07-23 10:00:00,2020,205,10:00:00,205.42,23.0,0.0,0.0,145.0,19.0,51.0,0.0,2104.0,0.0,0.0,401.0,401.0,0.0,0.0,877.0,354.0,521.0,367.0,70.0,70.0,2801695
AUVERGNE RHONE ALPES,2016-07-31 00:00:00,2016,213,00:00:00,213.0,50.0,7029.0,44.0,0.0,4094.0,89.0,-17.0,-5502.0,0.0,0.0,959.0,959.0,13570.0,12639.0,399.0,923.0,11219.0,11060.0,170.0,170.0,7916889
PROVENCE ALPES COTE D AZUR,2014-07-02 17:00:00,2014,183,17:00:00,183.71,110.0,0.0,1.0,334.0,1206.0,66.0,0.0,2898.0,0.0,0.0,2592.0,2268.0,0.0,0.0,45.0,838.0,3165.0,3165.0,170.0,170.0,4983438
BOURGOGNE FRANCHE COMTE,2018-12-18 11:30:00,2018,352,11:30:00,352.48,166.0,0.0,342.0,63.0,85.0,33.0,-1.0,2723.0,0.0,0.0,401.0,401.0,0.0,0.0,746.0,329.0,520.0,443.0,65.0,65.0,2807807
BRETAGNE,2014-06-06 14:30:00,2014,157,14:30:00,157.6,1.0,0.0,259.0,108.0,5.0,26.0,-27.0,2171.0,0.0,0.0,688.0,688.0,0.0,0.0,763.0,211.0,272.0,272.0,51.0,51.0,3276543
OCCITANIE,2014-12-17 00:30:00,2014,351,00:30:00,351.02,64.0,2269.0,520.0,0.0,1407.0,87.0,-13.0,602.0,0.0,0.0,255.0,0.0,2620.0,2300.0,943.0,1342.0,5431.0,5431.0,132.0,132.0,5730753
ILE DE FRANCE,2022-01-27 19:00:00,2022,27,19:00:00,27.79,590.0,0.0,43.0,0.0,9.0,154.0,0.0,11969.0,0.0,0.0,2171.0,2062.0,0.0,0.0,148.0,197.0,20.0,20.0,314.0,314.0,12354286
OCCITANIE,2015-12-22 09:00:00,2015,356,09:00:00,356.38,63.0,2481.0,259.0,14.0,986.0,89.0,0.0,1177.0,0.0,0.0,266.0,0.0,2620.0,2620.0,1086.0,1480.0,5459.0,5232.0,137.0,137.0,5774185
NORMANDIE,2013-01-03 21:30:00,2013,3,21:30:00,3.9,425.0,10020.0,96.0,0.0,15.0,56.0,0.0,-6572.0,0.0,0.0,761.0,181.0,10640.0,10640.0,423.0,206.0,22.0,22.0,88.0,88.0,3328364
PAYS DE LA LOIRE,2022-06-15 03:30:00,2022,166,03:30:00,166.15,0.0,0.0,314.0,0.0,1.0,58.0,0.0,1699.0,0.0,0.0,2068.0,1609.0,0.0,0.0,1644.0,853.0,10.0,10.0,80.0,80.0,3878839
CENTRE VAL DE LOIRE,2021-07-28 16:30:00,2021,209,16:30:00,209.69,11.0,6964.0,520.0,217.0,3.0,62.0,0.0,-5892.0,0.0,0.0,229.0,229.0,11630.0,10740.0,1350.0,579.0,92.0,92.0,89.0,89.0,2573303
ILE DE FRANCE,2021-11-11 14:30:00,2021,315,14:30:00,315.6,462.0,0.0,1.0,59.0,9.0,146.0,0.0,8817.0,0.0,0.0,2171.0,2171.0,0.0,0.0,148.0,193.0,20.0,20.0,314.0,314.0,12317279
PROVENCE ALPES COTE D AZUR,2020-07-27 15:00:00,2020,209,15:00:00,209.62,1208.0,0.0,11.0,978.0,789.0,77.0,0.0,2059.0,0.0,0.0,2710.0,2290.0,0.0,0.0,48.0,1483.0,3261.0,3131.0,357.0,207.0,5098666
CENTRE VAL DE LOIRE,2016-05-24 07:00:00,2016,145,07:00:00,145.29,0.0,7341.0,71.0,6.0,24.0,39.0,0.0,-5537.0,0.0,0.0,170.0,170.0,11630.0,10654.0,874.0,249.0,91.0,91.0,71.0,71.0,2577866
HAUTS DE FRANCE,2013-04-27 12:00:00,2013,117,12:00:00,117.5,304.0,3474.0,152.0,51.0,1.0,51.0,0.0,1827.0,0.0,0.0,2268.0,2268.0,5460.0,5460.0,2114.0,210.0,5.0,5.0,139.0,139.0,5987883
GRAND EST,2021-12-03 12:00:00,2021,337,12:00:00,337.5,2074.0,9373.0,1834.0,151.0,729.0,158.0,0.0,-7096.0,0.0,0.0,3590.0,3590.0,10820.0,10076.0,4144.0,957.0,2305.0,2103.0,210.0,210.0,5561287
NORMANDIE,2014-06-02 03:30:00,2014,153,03:30:00,153.15,222.0,7994.0,9.0,0.0,17.0,64.0,0.0,-6119.0,0.0,0.0,761.0,181.0,10640.0,10640.0,473.0,212.0,24.0,24.0,89.0,89.0,3335645
BRETAGNE,2018-07-02 23:30:00,2018,183,23:30:00,183.98,1.0,0.0,13.0,0.0,0.0,46.0,-42.0,2193.0,0.0,0.0,904.0,786.0,0.0,0.0,969.0,253.0,270.0,270.0,68.0,68.0,3335414
PROVENCE ALPES COTE D AZUR,2015-12-02 09:30:00,2015,336,09:30:00,336.4,2203.0,0.0,0.0,193.0,1498.0,83.0,0.0,1986.0,0.0,0.0,2612.0,2147.0,0.0,0.0,48.0,968.0,3177.0,3177.0,183.0,183.0,5007977
NOUVELLE AQUITAINE,2017-12-16 02:00:00,2017,350,02:00:00,350.08,220.0,6763.0,278.0,-1.0,602.0,167.0,0.0,-1959.0,0.0,0.0,478.0,478.0,6630.0,6630.0,882.0,2218.0,1780.0,1780.0,307.0,307.0,5956978
NORMANDIE,2018-06-16 23:00:00,2018,167,23:00:00,167.96,539.0,5243.0,72.0,0.0,14.0,48.0,0.0,-3169.0,0.0,0.0,813.0,813.0,10640.0,9375.0,712.0,240.0,31.0,31.0,103.0,103.0,3327477
BRETAGNE,2020-03-26 00:30:00,2020,86,00:30:00,86.02,249.0,0.0,264.0,0.0,209.0,50.0,-1.0,2143.0,0.0,0.0,978.0,893.0,0.0,0.0,1028.0,280.0,272.0,272.0,79.0,79.0,3373835
GRAND EST,2020-12-27 08:00:00,2020,362,08:00:00,362.33,289.0,6762.0,3276.0,0.0,912.0,122.0,-336.0,-5938.0,0.0,0.0,3585.0,3172.0,10820.0,9616.0,3849.0,691.0,2305.0,2103.0,193.0,193.0,5562651
PAYS DE LA LOIRE,2014-10-18 11:30:00,2014,291,11:30:00,291.48,3.0,0.0,29.0,153.0,2.0,47.0,0.0,2145.0,0.0,0.0,1864.0,1429.0,0.0,0.0,518.0,429.0,7.0,7.0,58.0,58.0,3690833
BOURGOGNE FRANCHE COMTE,2013-11-04 00:30:00,2013,308,00:30:00,308.02,124.0,0.0,141.0,0.0,84.0,15.0,0.0,1660.0,0.0,0.0,313.0,313.0,0.0,0.0,204.0,240.0,490.0,490.0,25.0,25.0,2819783
OCCITANIE,2014-04-26 18:30:00,2014,116,18:30:00,116.77,-4.0,1171.0,164.0,73.0,1692.0,79.0,-421.0,831.0,0.0,0.0,251.0,251.0,2620.0,2620.0,906.0,1224.0,5408.0,5408.0,128.0,128.0,5730753
AUVERGNE RHONE ALPES,2015-05-03 23:30:00,2015,123,23:30:00,123.98,53.0,9290.0,38.0,0.0,4289.0,102.0,-1147.0,-6028.0,0.0,0.0,944.0,944.0,13570.0,12515.0,372.0,875.0,11181.0,10844.0,141.0,141.0,7877698
CENTRE VAL DE LOIRE,2019-03-05 00:30:00,2019,64,00:30:00,64.02,91.0,9611.0,779.0,0.0,5.0,52.0,0.0,-7811.0,0.0,0.0,228.0,228.0,11630.0,10740.0,1127.0,307.0,91.0,91.0,84.0,84.0,2573180
OCCITANIE,2016-06-01 18:00:00,2016,153,18:00:00,153.75,-2.0,1143.0,585.0,152.0,1643.0,69.0,-31.0,148.0,0.0,0.0,266.0,266.0,2620.0,1310.0,1098.0,1581.0,5462.0,5235.0,139.0,139.0,5808435
OCCITANIE,2020-10-07 11:30:00,2020,281,11:30:00,281.48,3.0,1265.0,774.0,760.0,1632.0,79.0,0.0,-89.0,0.0,0.0,314.0,314.0,2620.0,1310.0,1593.0,2291.0,5496.0,5168.0,172.0,172.0,5973969
ILE DE FRANCE,2013-08-30 23:00:00,2013,242,23:00:00,242.96,228.0,0.0,1.0,0.0,6.0,136.0,0.0,6720.0,0.0,0.0,2121.0,1536.0,0.0,0.0,37.0,109.0,19.0,19.0,282.0,282.0,11959807
GRAND EST,2020-12-04 20:00:00,2020,339,20:00:00,339.83,1202.0,10634.0,827.0,0.0,797.0,117.0,0.0,-7095.0,0.0,0.0,3585.0,3172.0,10820.0,9671.0,3849.0,673.0,2305.0,2103.0,192.0,192.0,5562651
AUVERGNE RHONE ALPES,2016-06-20 15:30:00,2016,172,15:30:00,172.65,32.0,7400.0,51.0,368.0,4067.0,94.0,-8.0,-4799.0,0.0,0.0,959.0,959.0,13570.0,12649.0,398.0,917.0,11211.0,11027.0,170.0,170.0,7916889
NOUVELLE AQUITAINE,2021-02-24 13:00:00,2021,55,13:00:00,55.54,201.0,5069.0,273.0,1744.0,440.0,189.0,0.0,-2488.0,0.0,0.0,578.0,578.0,6630.0,6630.0,1206.0,2967.0,1783.0,1783.0,353.0,353.0,6069352
ILE DE FRANCE,2018-11-24 21:30:00,2018,328,21:30:00,328.9,435.0,0.0,7.0,0.0,6.0,157.0,0.0,9245.0,0.0,0.0,2169.0,2169.0,0.0,0.0,88.0,124.0,20.0,20.0,306.0,306.0,12213447
BRETAGNE,2018-03-03 15:30:00,2018,62,15:30:00,62.65,229.0,0.0,455.0,62.0,125.0,44.0,-1.0,1922.0,0.0,0.0,904.0,904.0,0.0,0.0,951.0,251.0,270.0,270.0,68.0,68.0,3335414
AUVERGNE RHONE ALPES,2013-08-06 05:00:00,2013,218,05:00:00,218.21,42.0,9070.0,8.0,0.0,2483.0,58.0,-1482.0,-5221.0,0.0,0.0,919.0,919.0,13570.0,13570.0,335.0,725.0,11122.0,11122.0,106.0,106.0,7757595
NOUVELLE AQUITAINE,2014-04-03 19:30:00,2014,93,19:30:00,93.81,28.0,5677.0,21.0,6.0,742.0,137.0,0.0,-1309.0,0.0,0.0,421.0,421.0,6630.0,6630.0,417.0,1076.0,1761.0,1761.0,220.0,220.0,5879144
GRAND EST,2019-09-13 09:30:00,2019,256,09:30:00,256.4,1637.0,6845.0,59.0,207.0,910.0,104.0,0.0,-4645.0,0.0,0.0,3531.0,3531.0,10820.0,9713.0,3462.0,602.0,2303.0,2018.0,172.0,172.0,5556219
OCCITANIE,2014-03-03 12:30:00,2014,62,12:30:00,62.52,60.0,2579.0,424.0,337.0,3067.0,83.0,-16.0,-826.0,0.0,0.0,251.0,251.0,2620.0,2620.0,889.0,1214.0,5399.0,5399.0,127.0,127.0,5730753
OCCITANIE,2020-03-27 08:30:00,2020,87,08:30:00,87.35,74.0,2524.0,280.0,338.0,2999.0,89.0,0.0,-1761.0,0.0,0.0,314.0,314.0,2620.0,2620.0,1579.0,2199.0,5491.0,5167.0,171.0,171.0,5973969
PAYS DE LA LOIRE,2021-04-06 20:00:00,2021,96,20:00:00,96.83,409.0,0.0,286.0,23.0,3.0,45.0,0.0,2831.0,0.0,0.0,2055.0,2055.0,0.0,0.0,1088.0,707.0,10.0,10.0,78.0,78.0,3853999
AUVERGNE RHONE ALPES,2019-06-03 11:30:00,2019,154,11:30:00,154.48,392.0,8806.0,26.0,459.0,4284.0,106.0,-8.0,-6560.0,0.0,0.0,1027.0,1027.0,13570.0,12719.0,635.0,1154.0,11247.0,11068.0,189.0,189.0,8042936
AUVERGNE RHONE ALPES,2021-10-27 11:30:00,2021,300,11:30:00,300.48,444.0,11671.0,31.0,512.0,2015.0,109.0,-13.0,-6155.0,0.0,0.0,1048.0,1048.0,13570.0,12669.0,723.0,1559.0,11776.0,11650.0,208.0,208.0,8114361
PAYS DE LA LOIRE,2021-05-21 04:00:00,2021,141,04:00:00,141.17,0.0,0.0,400.0,0.0,3.0,56.0,0.0,1753.0,0.0,0.0,2056.0,2056.0,0.0,0.0,1097.0,740.0,10.0,10.0,78.0,78.0,3853999
NOUVELLE AQUITAINE,2021-09-29 17:30:00,2021,272,17:30:00,272.73,70.0,4185.0,121.0,837.0,226.0,178.0,0.0,-1341.0,0.0,0.0,578.0,578.0,6630.0,5135.0,1342.0,3276.0,1784.0,1784.0,354.0,354.0,6069352
BOURGOGNE FRANCHE COMTE,2013-11-19 19:00:00,2013,323,19:00:00,323.79,125.0,0.0,70.0,0.0,206.0,18.0,0.0,3149.0,0.0,0.0,313.0,313.0,0.0,0.0,204.0,240.0,490.0,490.0,25.0,25.0,2819783
CENTRE VAL DE LOIRE,2016-05-30 14:30:00,2016,151,14:30:00,151.6,0.0,8388.0,451.0,26.0,43.0,47.0,0.0,-6888.0,0.0,0.0,170.0,170.0,11630.0,10816.0,874.0,249.0,91.0,91.0,71.0,71.0,2577866
ILE DE FRANCE,2016-08-12 08:00:00,2016,225,08:00:00,225.33,-3.0,0.0,1.0,3.0,8.0,139.0,0.0,5537.0,0.0,0.0,2149.0,1619.0,0.0,0.0,61.0,115.0,19.0,19.0,300.0,300.0,12117132
NOUVELLE AQUITAINE,2015-06-22 20:30:00,2015,173,20:30:00,173.85,15.0,2226.0,113.0,101.0,342.0,163.0,0.0,1206.0,0.0,0.0,427.0,427.0,6630.0,5574.0,504.0,1517.0,1775.0,1661.0,239.0,239.0,5911482
HAUTS DE FRANCE,2021-09-14 13:00:00,2021,257,13:00:00,257.54,1206.0,2594.0,242.0,86.0,1.0,98.0,0.0,1429.0,0.0,0.0,2990.0,2990.0,5460.0,4550.0,5531.0,407.0,5.0,5.0,183.0,183.0,5995292
PROVENCE ALPES COTE D AZUR,2016-04-24 08:30:00,2016,115,08:30:00,115.35,40.0,0.0,45.0,154.0,945.0,104.0,0.0,2417.0,0.0,0.0,2614.0,2296.0,0.0,0.0,48.0,1015.0,3178.0,3055.0,354.0,354.0,5021928
BRETAGNE,2013-12-12 01:00:00,2013,346,01:00:00,346.04,78.0,0.0,208.0,0.0,0.0,25.0,0.0,2984.0,0.0,0.0,680.0,680.0,0.0,0.0,747.0,207.0,251.0,251.0,49.0,49.0,3258707
CENTRE VAL DE LOIRE,2015-08-17 13:00:00,2015,229,13:00:00,229.54,1.0,7450.0,69.0,84.0,0.0,43.0,0.0,-5866.0,0.0,0.0,166.0,166.0,11630.0,10912.0,832.0,238.0,91.0,91.0,71.0,71.0,2578592
PAYS DE LA LOIRE,2021-03-12 02:00:00,2021,71,02:00:00,71.08,174.0,0.0,412.0,0.0,5.0,48.0,0.0,2935.0,0.0,0.0,2055.0,2055.0,0.0,0.0,1065.0,701.0,10.0,10.0,78.0,78.0,3853999
HAUTS DE FRANCE,2022-10-22 11:00:00,2022,295,11:00:00,295.46,1191.0,4544.0,941.0,151.0,1.0,99.0,0.0,-1895.0,0.0,0.0,2998.0,2875.0,5460.0,4665.0,5966.0,460.0,6.0,6.0,197.0,197.0,5990765
PROVENCE ALPES COTE D AZUR,2019-11-20 21:30:00,2019,324,21:30:00,324.9,1952.0,0.0,8.0,0.0,1282.0,100.0,0.0,2449.0,0.0,0.0,2678.0,2256.0,0.0,0.0,48.0,1412.0,3247.0,3123.0,357.0,207.0,5081101
PAYS DE LA LOIRE,2014-12-16 13:00:00,2014,350,13:00:00,350.54,1488.0,0.0,28.0,61.0,4.0,47.0,0.0,2743.0,0.0,0.0,1864.0,1864.0,0.0,0.0,537.0,437.0,7.0,7.0,58.0,58.0,3690833
CENTRE VAL DE LOIRE,2021-03-25 23:00:00,2021,84,23:00:00,84.96,86.0,8571.0,17.0,0.0,44.0,61.0,0.0,-6687.0,0.0,0.0,229.0,229.0,11630.0,11630.0,1288.0,486.0,92.0,92.0,88.0,88.0,2573303
PROVENCE ALPES COTE D AZUR,2017-04-08 05:30:00,2017,98,05:30:00,98.23,1261.0,0.0,4.0,0.0,486.0,92.0,-2.0,1701.0,0.0,0.0,2630.0,2284.0,0.0,0.0,48.0,1062.0,3193.0,3193.0,354.0,354.0,5030890
BRETAGNE,2013-07-08 06:30:00,2013,189,06:30:00,189.27,0.0,0.0,178.0,0.0,0.0,21.0,0.0,1499.0,0.0,0.0,665.0,665.0,0.0,0.0,722.0,205.0,11.0,11.0,47.0,47.0,3258707
OCCITANIE,2022-04-07 02:30:00,2022,97,02:30:00,97.1,9.0,1272.0,824.0,0.0,1240.0,97.0,-792.0,1749.0,0.0,0.0,326.0,326.0,2620.0,1310.0,1593.0,2883.0,5503.0,5374.0,174.0,174.0,6067101
BOURGOGNE FRANCHE COMTE,2015-03-09 23:00:00,2015,68,23:00:00,68.96,135.0,0.0,10.0,0.0,209.0,24.0,0.0,2362.0,0.0,0.0,325.0,80.0,0.0,0.0,344.0,253.0,510.0,510.0,29.0,29.0,2820940
BRETAGNE,2021-04-26 00:00:00,2021,116,00:00:00,116.0,3.0,0.0,594.0,0.0,216.0,47.0,-1.0,1536.0,0.0,0.0,982.0,982.0,0.0,0.0,1077.0,317.0,272.0,272.0,81.0,81.0,3394567
GRAND EST,2015-01-08 15:00:00,2015,8,15:00:00,8.62,2121.0,11684.0,2019.0,9.0,1014.0,81.0,-538.0,-9284.0,0.0,0.0,3400.0,3200.0,10820.0,10510.0,2340.0,522.0,2284.0,2284.0,107.0,107.0,5559051
ILE DE FRANCE,2014-09-04 05:00:00,2014,247,05:00:00,247.21,-4.0,0.0,3.0,0.0,6.0,122.0,0.0,4851.0,0.0,0.0,2122.0,2122.0,0.0,0.0,37.0,111.0,19.0,19.0,282.0,282.0,12027565
NOUVELLE AQUITAINE,2017-07-18 03:30:00,2017,199,03:30:00,199.15,39.0,4082.0,156.0,-1.0,66.0,152.0,0.0,-736.0,0.0,0.0,465.0,465.0,6630.0,5369.0,752.0,1974.0,1780.0,1669.0,306.0,306.0,5956978
AUVERGNE RHONE ALPES,2022-12-03 04:30:00,2022,337,04:30:00,337.19,550.0,9885.0,71.0,0.0,1198.0,127.0,-2336.0,-1934.0,0.0,0.0,1050.0,1050.0,13570.0,12764.0,723.0,1843.0,11791.0,11673.0,208.0,208.0,8155762
CENTRE VAL DE LOIRE,2017-07-15 00:00:00,2017,196,00:00:00,196.0,0.0,6324.0,337.0,0.0,0.0,66.0,0.0,-4880.0,0.0,0.0,198.0,198.0,11630.0,10656.0,947.0,270.0,91.0,91.0,76.0,76.0,2576252
ILE DE FRANCE,2021-08-13 23:00:00,2021,225,23:00:00,225.96,0.0,0.0,25.0,0.0,9.0,140.0,0.0,5932.0,0.0,0.0,2171.0,2171.0,0.0,0.0,148.0,175.0,20.0,20.0,314.0,314.0,12317279
AUVERGNE RHONE ALPES,2015-01-04 08:30:00,2015,4,08:30:00,4.35,199.0,10671.0,96.0,0.0,1732.0,96.0,-1853.0,-3642.0,0.0,0.0,940.0,940.0,13570.0,12940.0,357.0,855.0,11165.0,10901.0,141.0,141.0,7877698
NORMANDIE,2017-06-24 03:00:00,2017,175,03:00:00,175.12,235.0,4706.0,167.0,0.0,7.0,35.0,0.0,-2923.0,0.0,0.0,785.0,205.0,10640.0,9423.0,622.0,222.0,31.0,31.0,99.0,99.0,3330478
GRAND EST,2014-05-29 12:30:00,2014,149,12:30:00,149.52,44.0,8996.0,18.0,191.0,1301.0,57.0,0.0,-6095.0,0.0,0.0,3398.0,3198.0,10820.0,10820.0,2050.0,515.0,2283.0,2283.0,96.0,96.0,5554645
NOUVELLE AQUITAINE,2014-01-22 05:30:00,2014,22,05:30:00,22.23,135.0,5784.0,143.0,0.0,499.0,128.0,0.0,-644.0,0.0,0.0,421.0,421.0,6630.0,6630.0,381.0,1026.0,1760.0,1760.0,215.0,215.0,5879144
PAYS DE LA LOIRE,2014-11-20 14:00:00,2014,324,14:00:00,324.58,1560.0,0.0,67.0,60.0,5.0,47.0,0.0,2065.0,0.0,0.0,1864.0,1864.0,0.0,0.0,527.0,435.0,7.0,7.0,58.0,58.0,3690833
PROVENCE ALPES COTE D AZUR,2017-12-14 19:30:00,2017,348,19:30:00,348.81,1513.0,0.0,8.0,0.0,1760.0,92.0,0.0,3157.0,0.0,0.0,2651.0,2255.0,0.0,0.0,48.0,1196.0,3227.0,3227.0,357.0,357.0,5030890
CENTRE VAL DE LOIRE,2021-06-05 23:00:00,2021,156,23:00:00,156.96,0.0,6389.0,126.0,0.0,32.0,68.0,0.0,-5179.0,0.0,0.0,229.0,229.0,11630.0,11630.0,1333.0,546.0,92.0,92.0,89.0,89.0,2573303
PROVENCE ALPES COTE D AZUR,2016-10-06 03:30:00,2016,280,03:30:00,280.15,896.0,0.0,18.0,0.0,340.0,97.0,0.0,1824.0,0.0,0.0,2614.0,2308.0,0.0,0.0,48.0,1047.0,3192.0,3192.0,354.0,354.0,5021928
GRAND EST,2013-03-21 18:00:00,2013,80,18:00:00,80.75,2821.0,8639.0,48.0,16.0,827.0,64.0,0.0,-6153.0,0.0,0.0,3398.0,2993.0,10820.0,10820.0,1835.0,501.0,2280.0,2280.0,86.0,86.0,5552388
NOUVELLE AQUITAINE,2016-11-19 04:30:00,2016,324,04:30:00,324.19,178.0,4941.0,194.0,-1.0,157.0,186.0,0.0,-1058.0,0.0,0.0,441.0,441.0,6630.0,5135.0,660.0,1914.0,1779.0,1779.0,284.0,284.0,5935603
CENTRE VAL DE LOIRE,2014-11-14 11:00:00,2014,318,11:00:00,318.46,69.0,10544.0,216.0,6.0,14.0,56.0,0.0,-8125.0,0.0,0.0,162.0,162.0,11630.0,11630.0,801.0,222.0,91.0,91.0,71.0,71.0,2577435
HAUTS DE FRANCE,2015-09-02 18:30:00,2015,245,18:30:00,245.77,768.0,4368.0,173.0,15.0,1.0,95.0,0.0,63.0,0.0,0.0,2301.0,1970.0,5460.0,4949.0,2759.0,213.0,5.0,5.0,160.0,160.0,6009976
PROVENCE ALPES COTE D AZUR,2013-06-15 15:30:00,2013,166,15:30:00,166.65,169.0,0.0,3.0,369.0,1494.0,34.0,0.0,2212.0,0.0,0.0,2590.0,2316.0,0.0,0.0,45.0,695.0,3158.0,3158.0,151.0,151.0,4953675
BRETAGNE,2018-04-14 18:30:00,2018,104,18:30:00,104.77,1.0,0.0,146.0,51.0,51.0,43.0,-1.0,1683.0,0.0,0.0,904.0,904.0,0.0,0.0,951.0,252.0,270.0,270.0,68.0,68.0,3335414
NORMANDIE,2015-06-29 05:00:00,2015,180,05:00:00,180.21,217.0,4330.0,32.0,0.0,13.0,45.0,0.0,-2531.0,0.0,0.0,761.0,181.0,10640.0,9310.0,522.0,215.0,24.0,24.0,94.0,94.0,3339131
NORMANDIE,2017-05-29 15:00:00,2017,149,15:00:00,149.62,235.0,4928.0,73.0,49.0,11.0,45.0,0.0,-2423.0,0.0,0.0,785.0,205.0,10640.0,9442.0,622.0,222.0,31.0,31.0,98.0,98.0,3330478
AUVERGNE RHONE ALPES,2019-06-25 08:00:00,2019,176,08:00:00,176.33,387.0,11219.0,255.0,135.0,3944.0,97.0,-7.0,-8936.0,0.0,0.0,1027.0,1027.0,13570.0,12740.0,635.0,1156.0,11247.0,11078.0,189.0,189.0,8042936
BRETAGNE,2017-07-15 11:00:00,2017,196,11:00:00,196.46,1.0,0.0,1.0,96.0,0.0,49.0,-1.0,1748.0,0.0,0.0,848.0,763.0,0.0,0.0,916.0,238.0,275.0,275.0,66.0,66.0,3318904
HAUTS DE FRANCE,2019-05-10 06:30:00,2019,130,06:30:00,130.27,953.0,3567.0,933.0,0.0,5.0,120.0,0.0,-4.0,0.0,0.0,2969.0,2712.0,5460.0,4550.0,4467.0,236.0,5.0,5.0,178.0,178.0,6004947
GRAND EST,2018-04-22 13:30:00,2018,112,13:30:00,112.56,32.0,6312.0,663.0,512.0,1001.0,88.0,-352.0,-3931.0,0.0,0.0,3471.0,3471.0,10820.0,9666.0,3068.0,554.0,2300.0,1978.0,155.0,155.0,5550389
BRETAGNE,2016-04-18 03:30:00,2016,109,03:30:00,109.15,0.0,0.0,15.0,0.0,8.0,29.0,-1.0,2371.0,0.0,0.0,771.0,637.0,0.0,0.0,829.0,225.0,275.0,275.0,56.0,56.0,3306529
HAUTS DE FRANCE,2020-05-29 13:30:00,2020,150,13:30:00,150.56,903.0,4356.0,521.0,100.0,2.0,106.0,0.0,-955.0,0.0,0.0,2970.0,2490.0,5460.0,4550.0,5048.0,242.0,5.0,5.0,181.0,181.0,5997734
HAUTS DE FRANCE,2018-01-19 04:30:00,2018,19,04:30:00,19.19,609.0,5380.0,1294.0,0.0,2.0,119.0,0.0,-658.0,0.0,0.0,2913.0,2542.0,5460.0,5460.0,3799.0,217.0,5.0,5.0,170.0,170.0,6004108
CENTRE VAL DE LOIRE,2016-05-11 10:00:00,2016,132,10:00:00,132.42,0.0,8229.0,70.0,35.0,14.0,59.0,0.0,-6368.0,0.0,0.0,170.0,170.0,11630.0,10734.0,874.0,249.0,91.0,91.0,71.0,71.0,2577866
BOURGOGNE FRANCHE COMTE,2022-01-13 00:00:00,2022,13,00:00:00,13.0,154.0,0.0,480.0,0.0,92.0,51.0,0.0,2384.0,0.0,0.0,401.0,401.0,0.0,0.0,992.0,495.0,524.0,524.0,74.0,74.0,2797366
BOURGOGNE FRANCHE COMTE,2022-11-04 00:30:00,2022,308,00:30:00,308.02,113.0,0.0,578.0,0.0,52.0,48.0,0.0,1188.0,0.0,0.0,401.0,401.0,0.0,0.0,1067.0,625.0,524.0,524.0,75.0,75.0,2797366
NORMANDIE,2014-04-13 18:30:00,2014,103,18:30:00,103.77,241.0,7312.0,56.0,26.0,22.0,36.0,0.0,-5218.0,0.0,0.0,761.0,181.0,10640.0,10640.0,463.0,211.0,24.0,24.0,89.0,89.0,3335645
CENTRE VAL DE LOIRE,2020-08-11 17:00:00,2020,224,17:00:00,224.71,13.0,6071.0,109.0,143.0,1.0,65.0,0.0,-4569.0,0.0,0.0,229.0,229.0,11630.0,10683.0,1256.0,377.0,92.0,92.0,88.0,88.0,2574863
OCCITANIE,2021-01-06 20:00:00,2021,6,20:00:00,6.83,92.0,2607.0,270.0,1.0,3200.0,85.0,0.0,1457.0,0.0,0.0,318.0,318.0,2620.0,1310.0,1593.0,2372.0,5498.0,5264.0,172.0,172.0,6022176
ILE DE FRANCE,2015-01-07 00:30:00,2015,7,00:30:00,7.02,825.0,0.0,2.0,0.0,5.0,124.0,0.0,10183.0,0.0,0.0,2128.0,1543.0,0.0,0.0,37.0,112.0,19.0,19.0,286.0,286.0,12082144
NORMANDIE,2020-09-14 04:30:00,2020,258,04:30:00,258.19,630.0,3655.0,86.0,0.0,9.0,53.0,0.0,-2477.0,0.0,0.0,838.0,838.0,10640.0,9310.0,819.0,267.0,31.0,31.0,113.0,113.0,3325522
NOUVELLE AQUITAINE,2017-07-04 19:30:00,2017,185,19:30:00,185.81,38.0,4157.0,44.0,479.0,586.0,139.0,0.0,-858.0,0.0,0.0,465.0,465.0,6630.0,5281.0,742.0,1973.0,1780.0,1669.0,306.0,306.0,5956978
CENTRE VAL DE LOIRE,2016-04-15 02:00:00,2016,106,02:00:00,106.08,0.0,8348.0,315.0,0.0,40.0,52.0,0.0,-6774.0,0.0,0.0,170.0,170.0,11630.0,10637.0,862.0,248.0,91.0,91.0,71.0,71.0,2577866
BRETAGNE,2019-12-08 03:00:00,2019,342,03:00:00,342.12,233.0,0.0,683.0,0.0,9.0,51.0,-1.0,1515.0,0.0,0.0,978.0,978.0,0.0,0.0,1021.0,272.0,272.0,272.0,76.0,76.0,3354854
CENTRE VAL DE LOIRE,2015-12-29 15:00:00,2015,363,15:00:00,363.62,72.0,11021.0,317.0,29.0,1.0,44.0,0.0,-9223.0,0.0,0.0,168.0,168.0,11630.0,11630.0,842.0,242.0,91.0,91.0,71.0,71.0,2578592
AUVERGNE RHONE ALPES,2016-05-03 22:30:00,2016,124,22:30:00,124.94,380.0,8578.0,220.0,0.0,3715.0,115.0,-6.0,-5547.0,0.0,0.0,959.0,959.0,13570.0,12720.0,384.0,916.0,11209.0,10978.0,170.0,170.0,7916889
NORMANDIE,2017-06-11 00:00:00,2017,162,00:00:00,162.0,302.0,4972.0,50.0,0.0,15.0,56.0,0.0,-2604.0,0.0,0.0,785.0,205.0,10640.0,9310.0,622.0,222.0,31.0,31.0,98.0,98.0,3330478
ILE DE FRANCE,2019-01-30 10:00:00,2019,30,10:00:00,30.42,576.0,0.0,38.0,1.0,6.0,132.0,0.0,12413.0,0.0,0.0,2169.0,2169.0,0.0,0.0,88.0,124.0,20.0,20.0,306.0,306.0,12262544
ILE DE FRANCE,2014-03-13 17:00:00,2014,72,17:00:00,72.71,233.0,0.0,0.0,12.0,5.0,166.0,0.0,8031.0,0.0,0.0,2122.0,2122.0,0.0,0.0,37.0,110.0,19.0,19.0,282.0,282.0,12027565
BRETAGNE,2021-02-27 23:00:00,2021,58,23:00:00,58.96,244.0,0.0,445.0,1.0,133.0,51.0,-1.0,2155.0,0.0,0.0,982.0,982.0,0.0,0.0,1052.0,300.0,272.0,272.0,81.0,81.0,3394567
OCCITANIE,2018-01-18 18:30:00,2018,18,18:30:00,18.77,82.0,2482.0,410.0,0.0,3006.0,85.0,-17.0,-14.0,0.0,0.0,291.0,291.0,2620.0,2620.0,1365.0,1812.0,5481.0,5293.0,145.0,145.0,5885496
NORMANDIE,2021-04-28 18:30:00,2021,118,18:30:00,118.77,234.0,5031.0,107.0,48.0,8.0,83.0,0.0,-2719.0,0.0,0.0,852.0,852.0,10640.0,9797.0,872.0,280.0,31.0,31.0,146.0,146.0,3327966
BRETAGNE,2014-07-08 10:00:00,2014,189,10:00:00,189.42,1.0,0.0,13.0,50.0,126.0,23.0,-1.0,2254.0,0.0,0.0,688.0,688.0,0.0,0.0,763.0,213.0,272.0,272.0,51.0,51.0,3276543
CENTRE VAL DE LOIRE,2021-08-14 12:00:00,2021,226,12:00:00,226.5,0.0,6769.0,84.0,357.0,0.0,57.0,0.0,-5574.0,0.0,0.0,229.0,229.0,11630.0,10740.0,1360.0,581.0,92.0,92.0,89.0,89.0,2573303
BOURGOGNE FRANCHE COMTE,2016-05-19 01:00:00,2016,140,01:00:00,140.04,30.0,0.0,218.0,0.0,92.0,19.0,0.0,1625.0,0.0,0.0,329.0,329.0,0.0,0.0,426.0,264.0,513.0,513.0,30.0,30.0,2818338
BRETAGNE,2021-05-18 11:00:00,2021,138,11:00:00,138.46,201.0,0.0,40.0,101.0,4.0,46.0,-1.0,2345.0,0.0,0.0,982.0,982.0,0.0,0.0,1086.0,320.0,272.0,272.0,81.0,81.0,3394567
ILE DE FRANCE,2017-02-13 15:30:00,2017,44,15:30:00,44.65,514.0,0.0,16.0,23.0,12.0,150.0,0.0,9898.0,0.0,0.0,2149.0,1576.0,0.0,0.0,61.0,116.0,19.0,19.0,301.0,301.0,12174880
GRAND EST,2016-05-19 10:30:00,2016,140,10:30:00,140.44,839.0,8632.0,753.0,83.0,1436.0,90.0,0.0,-6150.0,0.0,0.0,3424.0,2946.0,10820.0,9524.0,2601.0,527.0,2286.0,2084.0,121.0,121.0,5555186
HAUTS DE FRANCE,2021-01-31 02:00:00,2021,31,02:00:00,31.08,534.0,4512.0,2239.0,0.0,1.0,124.0,0.0,-1347.0,0.0,0.0,2990.0,2990.0,5460.0,4550.0,5338.0,300.0,5.0,5.0,181.0,181.0,5995292
NOUVELLE AQUITAINE,2014-12-04 16:30:00,2014,338,16:30:00,338.69,118.0,5807.0,5.0,44.0,814.0,151.0,0.0,-443.0,0.0,0.0,427.0,427.0,6630.0,5720.0,469.0,1329.0,1774.0,1669.0,225.0,225.0,5879144
ILE DE FRANCE,2015-03-08 18:00:00,2015,67,18:00:00,67.75,333.0,0.0,0.0,4.0,4.0,128.0,0.0,7045.0,0.0,0.0,2144.0,1894.0,0.0,0.0,37.0,112.0,19.0,19.0,286.0,286.0,12082144
HAUTS DE FRANCE,2018-03-13 16:30:00,2018,72,16:30:00,72.69,742.0,4576.0,382.0,17.0,2.0,124.0,0.0,632.0,0.0,0.0,2922.0,2691.0,5460.0,4550.0,3819.0,218.0,5.0,5.0,170.0,170.0,6004108
AUVERGNE RHONE ALPES,2014-06-20 04:00:00,2014,171,04:00:00,171.17,19.0,8454.0,47.0,0.0,1547.0,59.0,-1062.0,-3521.0,0.0,0.0,938.0,938.0,13570.0,12690.0,347.0,817.0,11141.0,10989.0,140.0,140.0,7820966
CENTRE VAL DE LOIRE,2021-05-13 03:00:00,2021,133,03:00:00,133.12,0.0,5904.0,845.0,0.0,5.0,66.0,0.0,-5185.0,0.0,0.0,229.0,229.0,11630.0,11630.0,1316.0,524.0,92.0,92.0,89.0,89.0,2573303
NORMANDIE,2014-03-04 06:00:00,2014,63,06:00:00,63.25,1003.0,6479.0,121.0,0.0,18.0,55.0,0.0,-3874.0,0.0,0.0,761.0,761.0,10640.0,10640.0,444.0,211.0,24.0,24.0,89.0,89.0,3335645
CENTRE VAL DE LOIRE,2022-09-14 13:00:00,2022,257,13:00:00,257.54,28.0,5446.0,250.0,281.0,1.0,61.0,0.0,-4273.0,0.0,0.0,229.0,229.0,11630.0,10625.0,1482.0,783.0,92.0,92.0,90.0,90.0,2572916
GRAND EST,2021-11-29 05:30:00,2021,333,05:30:00,333.23,2298.0,7974.0,327.0,1.0,370.0,147.0,-510.0,-4837.0,0.0,0.0,3589.0,3589.0,10820.0,10076.0,4104.0,954.0,2305.0,2103.0,210.0,210.0,5561287
ILE DE FRANCE,2018-09-14 15:00:00,2018,257,15:00:00,257.62,-1.0,0.0,0.0,49.0,5.0,134.0,0.0,7144.0,0.0,0.0,2157.0,2095.0,0.0,0.0,88.0,123.0,20.0,20.0,306.0,306.0,12213447
BRETAGNE,2018-11-06 22:30:00,2018,310,22:30:00,310.94,162.0,0.0,757.0,0.0,163.0,39.0,-1.0,1610.0,0.0,0.0,944.0,834.0,0.0,0.0,988.0,255.0,270.0,270.0,70.0,70.0,3335414
AUVERGNE RHONE ALPES,2016-05-08 03:30:00,2016,129,03:30:00,129.15,35.0,7595.0,185.0,0.0,2036.0,98.0,-1492.0,-3243.0,0.0,0.0,959.0,959.0,13570.0,12658.0,384.0,916.0,11209.0,10973.0,170.0,170.0,7916889
NORMANDIE,2014-03-13 16:30:00,2014,72,16:30:00,72.69,326.0,6358.0,1.0,33.0,21.0,67.0,0.0,-3681.0,0.0,0.0,761.0,181.0,10640.0,10640.0,444.0,211.0,24.0,24.0,89.0,89.0,3335645
GRAND EST,2020-12-05 13:00:00,2020,340,13:00:00,340.54,1197.0,10648.0,537.0,206.0,861.0,120.0,0.0,-7328.0,0.0,0.0,3585.0,3172.0,10820.0,9697.0,3849.0,673.0,2305.0,2103.0,192.0,192.0,5562651
AUVERGNE RHONE ALPES,2019-06-15 11:30:00,2019,166,11:30:00,166.48,18.0,9229.0,24.0,343.0,4555.0,105.0,-7.0,-7882.0,0.0,0.0,1027.0,1027.0,13570.0,12686.0,635.0,1155.0,11247.0,11073.0,189.0,189.0,8042936
BOURGOGNE FRANCHE COMTE,2020-07-01 08:00:00,2020,183,08:00:00,183.33,59.0,0.0,74.0,39.0,37.0,45.0,0.0,1834.0,0.0,0.0,401.0,401.0,0.0,0.0,877.0,352.0,521.0,367.0,69.0,69.0,2801695
NORMANDIE,2018-01-30 00:00:00,2018,30,00:00:00,30.0,951.0,7835.0,52.0,0.0,17.0,47.0,0.0,-5130.0,0.0,0.0,813.0,813.0,10640.0,9310.0,705.0,233.0,31.0,31.0,102.0,102.0,3327477
BOURGOGNE FRANCHE COMTE,2015-10-21 02:00:00,2015,294,02:00:00,294.08,60.0,0.0,56.0,0.0,9.0,18.0,0.0,2320.0,0.0,0.0,325.0,80.0,0.0,0.0,408.0,262.0,513.0,513.0,29.0,29.0,2820940
AUVERGNE RHONE ALPES,2013-08-04 01:00:00,2013,216,01:00:00,216.04,41.0,7697.0,23.0,0.0,2801.0,67.0,-29.0,-5490.0,0.0,0.0,919.0,919.0,13570.0,13570.0,335.0,725.0,11122.0,11122.0,106.0,106.0,7757595
NORMANDIE,2016-03-25 07:00:00,2016,85,07:00:00,85.29,929.0,7632.0,219.0,0.0,18.0,56.0,0.0,-5014.0,0.0,0.0,773.0,773.0,10640.0,9596.0,553.0,217.0,31.0,31.0,95.0,95.0,3335929
PROVENCE ALPES COTE D AZUR,2020-12-11 16:30:00,2020,346,16:30:00,346.69,1655.0,0.0,13.0,4.0,1128.0,107.0,0.0,3264.0,0.0,0.0,2714.0,2465.0,0.0,0.0,96.0,1541.0,3262.0,3231.0,357.0,357.0,5098666
CENTRE VAL DE LOIRE,2023-01-19 15:30:00,2023,19,15:30:00,19.65,104.0,9892.0,54.0,47.0,20.0,51.0,0.0,-7091.0,0.0,0.0,229.0,229.0,11630.0,10969.0,1599.0,807.0,93.0,93.0,91.0,91.0,2572278
HAUTS DE FRANCE,2017-08-10 06:30:00,2017,222,06:30:00,222.27,943.0,3935.0,66.0,0.0,0.0,118.0,0.0,-1002.0,0.0,0.0,2910.0,2498.0,5460.0,4628.0,3557.0,215.0,5.0,5.0,165.0,165.0,6003815
NORMANDIE,2013-03-01 07:30:00,2013,60,07:30:00,60.31,1761.0,9004.0,27.0,0.0,18.0,46.0,0.0,-5918.0,0.0,0.0,761.0,761.0,10640.0,10640.0,423.0,207.0,22.0,22.0,88.0,88.0,3328364
HAUTS DE FRANCE,2019-08-02 22:30:00,2019,214,22:30:00,214.94,872.0,3917.0,694.0,0.0,0.0,140.0,0.0,-1169.0,0.0,0.0,2969.0,2648.0,5460.0,4686.0,4531.0,237.0,5.0,5.0,178.0,178.0,6004947
BRETAGNE,2017-09-22 15:30:00,2017,265,15:30:00,265.65,1.0,0.0,64.0,116.0,212.0,41.0,-1.0,1841.0,0.0,0.0,848.0,848.0,0.0,0.0,926.0,241.0,270.0,270.0,66.0,66.0,3318904
GRAND EST,2016-09-15 20:00:00,2016,259,20:00:00,259.83,1928.0,9668.0,122.0,0.0,874.0,73.0,0.0,-7390.0,0.0,0.0,3424.0,3424.0,10820.0,9914.0,2652.0,528.0,2295.0,2093.0,124.0,124.0,5555186
PAYS DE LA LOIRE,2017-01-26 10:30:00,2017,26,10:30:00,26.44,2509.0,0.0,196.0,97.0,1.0,47.0,0.0,2939.0,0.0,0.0,1905.0,1605.0,0.0,0.0,697.0,492.0,8.0,8.0,63.0,63.0,3757600
GRAND EST,2014-02-01 23:00:00,2014,32,23:00:00,32.96,207.0,10990.0,317.0,0.0,1168.0,84.0,0.0,-6868.0,0.0,0.0,3398.0,3283.0,10820.0,10820.0,1999.0,508.0,2283.0,2283.0,94.0,94.0,5554645
CENTRE VAL DE LOIRE,2018-08-24 06:30:00,2018,236,06:30:00,236.27,0.0,7604.0,169.0,0.0,0.0,68.0,0.0,-6146.0,0.0,0.0,216.0,216.0,11630.0,10775.0,1036.0,298.0,91.0,91.0,76.0,76.0,2572853
OCCITANIE,2014-12-01 11:30:00,2014,335,11:30:00,335.48,60.0,1249.0,321.0,79.0,1835.0,78.0,-16.0,1421.0,0.0,0.0,254.0,0.0,2620.0,2620.0,943.0,1317.0,5430.0,5430.0,132.0,132.0,5730753
PROVENCE ALPES COTE D AZUR,2020-01-18 08:30:00,2020,18,08:30:00,18.35,1894.0,0.0,10.0,14.0,1178.0,98.0,0.0,2126.0,0.0,0.0,2703.0,2374.0,0.0,0.0,48.0,1434.0,3249.0,3249.0,357.0,207.0,5098666
BOURGOGNE FRANCHE COMTE,2013-10-04 22:00:00,2013,277,22:00:00,277.92,29.0,0.0,8.0,0.0,84.0,14.0,0.0,2182.0,0.0,0.0,301.0,301.0,0.0,0.0,204.0,240.0,480.0,480.0,25.0,25.0,2819783
PROVENCE ALPES COTE D AZUR,2022-07-17 21:30:00,2022,198,21:30:00,198.9,1160.0,0.0,3.0,0.0,764.0,89.0,0.0,2785.0,0.0,0.0,2724.0,2407.0,0.0,0.0,96.0,1856.0,3267.0,3202.0,357.0,357.0,5150362
ILE DE FRANCE,2021-10-13 20:00:00,2021,286,20:00:00,286.83,0.0,0.0,1.0,0.0,6.0,155.0,0.0,9199.0,0.0,0.0,2171.0,2171.0,0.0,0.0,148.0,193.0,20.0,20.0,314.0,314.0,12317279
HAUTS DE FRANCE,2017-03-17 06:00:00,2017,76,06:00:00,76.25,1483.0,3556.0,243.0,0.0,2.0,133.0,0.0,255.0,0.0,0.0,2900.0,2900.0,5460.0,4550.0,3351.0,214.0,5.0,5.0,164.0,164.0,6003815
ILE DE FRANCE,2016-09-05 11:00:00,2016,249,11:00:00,249.46,-3.0,0.0,1.0,6.0,6.0,112.0,0.0,7798.0,0.0,0.0,2149.0,1686.0,0.0,0.0,61.0,115.0,19.0,19.0,300.0,300.0,12117132
GRAND EST,2014-07-18 17:00:00,2014,199,17:00:00,199.71,308.0,11652.0,82.0,232.0,1277.0,52.0,0.0,-8480.0,0.0,0.0,3398.0,3198.0,10820.0,10820.0,2112.0,515.0,2283.0,2283.0,97.0,97.0,5554645
BRETAGNE,2016-06-13 17:30:00,2016,165,17:30:00,165.73,3.0,0.0,301.0,46.0,1.0,19.0,-1.0,1826.0,0.0,0.0,771.0,686.0,0.0,0.0,853.0,227.0,275.0,275.0,56.0,56.0,3306529
PAYS DE LA LOIRE,2023-01-26 07:30:00,2023,26,07:30:00,26.31,1545.0,0.0,319.0,0.0,5.0,55.0,0.0,3113.0,0.0,0.0,2068.0,1938.0,0.0,0.0,1707.0,941.0,10.0,10.0,80.0,80.0,3907426
CENTRE VAL DE LOIRE,2019-08-02 03:00:00,2019,214,03:00:00,214.12,1.0,8229.0,174.0,0.0,0.0,65.0,0.0,-6953.0,0.0,0.0,229.0,229.0,11630.0,10614.0,1168.0,324.0,91.0,91.0,85.0,85.0,2573180
ILE DE FRANCE,2022-11-26 15:00:00,2022,330,15:00:00,330.62,487.0,0.0,17.0,15.0,7.0,129.0,0.0,8244.0,0.0,0.0,2171.0,2171.0,0.0,0.0,148.0,256.0,20.0,20.0,320.0,320.0,12354286
CENTRE VAL DE LOIRE,2016-06-24 07:30:00,2016,176,07:30:00,176.31,0.0,6344.0,61.0,9.0,28.0,48.0,0.0,-4722.0,0.0,0.0,170.0,170.0,11630.0,10769.0,874.0,250.0,91.0,91.0,71.0,71.0,2577866
HAUTS DE FRANCE,2013-06-20 17:30:00,2013,171,17:30:00,171.73,497.0,3553.0,126.0,31.0,1.0,40.0,0.0,1218.0,0.0,0.0,2268.0,2268.0,5460.0,5460.0,2126.0,210.0,5.0,5.0,139.0,139.0,5987883
NORMANDIE,2013-07-12 04:30:00,2013,193,04:30:00,193.19,656.0,7514.0,76.0,0.0,14.0,21.0,0.0,-5899.0,0.0,0.0,761.0,761.0,10640.0,10640.0,444.0,209.0,23.0,23.0,88.0,88.0,3328364
BOURGOGNE FRANCHE COMTE,2020-03-25 23:30:00,2020,85,23:30:00,85.98,149.0,0.0,395.0,0.0,54.0,49.0,0.0,1625.0,0.0,0.0,401.0,401.0,0.0,0.0,877.0,347.0,521.0,521.0,69.0,69.0,2801695
PAYS DE LA LOIRE,2015-08-24 19:00:00,2015,236,19:00:00,236.79,372.0,0.0,449.0,72.0,1.0,27.0,0.0,1706.0,0.0,0.0,1867.0,1271.0,0.0,0.0,560.0,455.0,7.0,7.0,61.0,61.0,3718512
BRETAGNE,2017-08-25 15:00:00,2017,237,15:00:00,237.62,1.0,0.0,11.0,103.0,179.0,46.0,-1.0,1979.0,0.0,0.0,848.0,747.0,0.0,0.0,916.0,240.0,270.0,270.0,66.0,66.0,3318904
BOURGOGNE FRANCHE COMTE,2023-01-30 17:30:00,2023,30,17:30:00,30.73,170.0,0.0,186.0,1.0,263.0,42.0,0.0,2613.0,0.0,0.0,401.0,401.0,0.0,0.0,1067.0,643.0,524.0,524.0,76.0,76.0,2786296
PAYS DE LA LOIRE,2018-11-30 08:30:00,2018,334,08:30:00,334.35,592.0,0.0,199.0,0.0,2.0,41.0,0.0,3331.0,0.0,0.0,2017.0,1951.0,0.0,0.0,869.0,559.0,8.0,8.0,70.0,70.0,3781423
HAUTS DE FRANCE,2020-01-07 21:00:00,2020,7,21:00:00,7.88,2078.0,4573.0,2019.0,0.0,3.0,128.0,0.0,-1903.0,0.0,0.0,2970.0,2970.0,5460.0,4550.0,4895.0,240.0,5.0,5.0,180.0,180.0,5997734
NORMANDIE,2013-11-23 18:30:00,2013,327,18:30:00,327.77,957.0,9519.0,97.0,0.0,16.0,58.0,0.0,-6365.0,0.0,0.0,761.0,761.0,10640.0,10640.0,444.0,210.0,24.0,24.0,88.0,88.0,3328364
BRETAGNE,2014-08-05 19:30:00,2014,217,19:30:00,217.81,1.0,0.0,213.0,19.0,108.0,33.0,-1.0,1772.0,0.0,0.0,688.0,688.0,0.0,0.0,763.0,214.0,272.0,272.0,52.0,52.0,3276543
ILE DE FRANCE,2014-04-14 03:00:00,2014,104,03:00:00,104.12,-7.0,0.0,6.0,0.0,6.0,146.0,0.0,5717.0,0.0,0.0,2122.0,2122.0,0.0,0.0,37.0,111.0,19.0,19.0,282.0,282.0,12027565
PAYS DE LA LOIRE,2013-03-17 19:30:00,2013,76,19:30:00,76.81,1199.0,0.0,101.0,0.0,3.0,38.0,0.0,2144.0,0.0,0.0,1837.0,1837.0,0.0,0.0,466.0,388.0,5.0,5.0,57.0,57.0,3660852
OCCITANIE,2019-07-29 04:30:00,2019,210,04:30:00,210.19,0.0,1226.0,192.0,0.0,393.0,101.0,-654.0,1430.0,0.0,0.0,307.0,307.0,2620.0,1405.0,1559.0,2096.0,5489.0,5299.0,146.0,146.0,5933185
NORMANDIE,2020-08-31 12:30:00,2020,244,12:30:00,244.52,823.0,3822.0,34.0,97.0,12.0,62.0,0.0,-1874.0,0.0,0.0,838.0,258.0,10640.0,9310.0,819.0,266.0,31.0,31.0,112.0,112.0,3325522
OCCITANIE,2013-07-07 23:30:00,2013,188,23:30:00,188.98,0.0,1202.0,111.0,0.0,1590.0,81.0,-28.0,821.0,0.0,0.0,246.0,246.0,2620.0,2620.0,866.0,1071.0,5380.0,5380.0,126.0,126.0,5683878
GRAND EST,2018-09-02 00:30:00,2018,245,00:30:00,245.02,371.0,5321.0,701.0,0.0,915.0,100.0,0.0,-3521.0,0.0,0.0,3490.0,2986.0,10820.0,9470.0,3155.0,557.0,2301.0,1978.0,158.0,158.0,5550389
NOUVELLE AQUITAINE,2015-12-10 23:30:00,2015,344,23:30:00,344.98,146.0,6566.0,109.0,-1.0,275.0,187.0,0.0,-1060.0,0.0,0.0,429.0,429.0,6630.0,6630.0,547.0,1777.0,1778.0,1778.0,258.0,258.0,5911482
PAYS DE LA LOIRE,2020-01-22 06:30:00,2020,22,06:30:00,22.27,1080.0,0.0,459.0,0.0,5.0,53.0,0.0,3299.0,0.0,0.0,2050.0,1857.0,0.0,0.0,977.0,626.0,10.0,10.0,76.0,76.0,3832120
ILE DE FRANCE,2020-07-09 16:00:00,2020,191,16:00:00,191.67,130.0,0.0,35.0,70.0,4.0,146.0,0.0,6946.0,0.0,0.0,2170.0,2040.0,0.0,0.0,108.0,152.0,20.0,20.0,314.0,314.0,12271794
OCCITANIE,2015-09-30 02:00:00,2015,273,02:00:00,273.08,-3.0,1216.0,496.0,0.0,371.0,76.0,-36.0,860.0,0.0,0.0,266.0,0.0,2620.0,2230.0,1039.0,1459.0,5455.0,4886.0,137.0,137.0,5774185
GRAND EST,2018-07-01 16:30:00,2018,182,16:30:00,182.69,37.0,7297.0,712.0,439.0,570.0,94.0,-497.0,-4565.0,0.0,0.0,3471.0,3021.0,10820.0,9723.0,3124.0,556.0,2300.0,1992.0,157.0,157.0,5550389
BOURGOGNE FRANCHE COMTE,2021-04-10 04:00:00,2021,100,04:00:00,100.17,64.0,0.0,598.0,0.0,34.0,47.0,0.0,1271.0,0.0,0.0,401.0,401.0,0.0,0.0,955.0,415.0,523.0,523.0,71.0,71.0,2800194
NORMANDIE,2017-10-23 11:00:00,2017,296,11:00:00,296.46,360.0,5571.0,206.0,11.0,16.0,43.0,0.0,-2726.0,0.0,0.0,802.0,222.0,10640.0,9560.0,701.0,223.0,31.0,31.0,100.0,100.0,3330478
PROVENCE ALPES COTE D AZUR,2021-10-11 17:00:00,2021,284,17:00:00,284.71,807.0,0.0,29.0,558.0,258.0,62.0,0.0,2187.0,0.0,0.0,2715.0,2452.0,0.0,0.0,96.0,1668.0,3266.0,3222.0,357.0,357.0,5127840
BRETAGNE,2014-09-30 16:00:00,2014,273,16:00:00,273.67,0.0,0.0,43.0,78.0,153.0,17.0,-1.0,2080.0,0.0,0.0,688.0,688.0,0.0,0.0,781.0,216.0,272.0,272.0,52.0,52.0,3276543
OCCITANIE,2017-03-26 19:00:00,2017,85,19:00:00,85.79,63.0,1249.0,106.0,207.0,1522.0,97.0,0.0,350.0,0.0,0.0,282.0,282.0,2620.0,1310.0,1194.0,1702.0,5475.0,4906.0,140.0,140.0,5845102
AUVERGNE RHONE ALPES,2016-04-11 13:00:00,2016,102,13:00:00,102.54,34.0,9734.0,203.0,247.0,3496.0,99.0,-4.0,-5406.0,0.0,0.0,959.0,558.0,13570.0,12700.0,384.0,910.0,11205.0,11031.0,170.0,170.0,7916889
ILE DE FRANCE,2019-01-23 07:30:00,2019,23,07:30:00,23.31,884.0,0.0,17.0,0.0,9.0,159.0,0.0,11196.0,0.0,0.0,2169.0,2169.0,0.0,0.0,88.0,124.0,20.0,20.0,306.0,306.0,12262544
HAUTS DE FRANCE,2018-06-22 23:00:00,2018,173,23:00:00,173.96,130.0,3411.0,597.0,0.0,2.0,123.0,0.0,717.0,0.0,0.0,2922.0,2719.0,5460.0,4550.0,3912.0,220.0,5.0,5.0,170.0,170.0,6004108
AUVERGNE RHONE ALPES,2013-09-24 20:30:00,2013,267,20:30:00,267.85,47.0,9160.0,57.0,0.0,4156.0,64.0,-19.0,-6252.0,0.0,0.0,919.0,919.0,13570.0,13570.0,335.0,730.0,11122.0,11122.0,108.0,108.0,7757595
PAYS DE LA LOIRE,2020-09-05 06:30:00,2020,249,06:30:00,249.27,0.0,0.0,91.0,0.0,0.0,61.0,0.0,1679.0,0.0,0.0,2050.0,1731.0,0.0,0.0,1012.0,658.0,10.0,10.0,77.0,77.0,3832120
PROVENCE ALPES COTE D AZUR,2014-03-17 05:00:00,2014,76,05:00:00,76.21,228.0,0.0,13.0,0.0,997.0,72.0,0.0,2513.0,0.0,0.0,2592.0,2318.0,0.0,0.0,45.0,813.0,3160.0,3160.0,164.0,164.0,4983438
OCCITANIE,2013-11-24 08:30:00,2013,328,08:30:00,328.35,56.0,2322.0,406.0,0.0,1026.0,81.0,-841.0,1872.0,0.0,0.0,251.0,251.0,2620.0,2620.0,889.0,1175.0,5391.0,5391.0,126.0,126.0,5683878
OCCITANIE,2018-08-02 02:30:00,2018,214,02:30:00,214.1,0.0,1156.0,170.0,0.0,626.0,65.0,-869.0,2441.0,0.0,0.0,295.0,295.0,2620.0,1310.0,1425.0,1937.0,5485.0,5259.0,146.0,146.0,5885496
NOUVELLE AQUITAINE,2021-03-12 23:30:00,2021,71,23:30:00,71.98,188.0,4986.0,803.0,0.0,372.0,184.0,0.0,-924.0,0.0,0.0,578.0,578.0,6630.0,6630.0,1212.0,2998.0,1783.0,1783.0,353.0,353.0,6069352
GRAND EST,2014-05-14 17:00:00,2014,134,17:00:00,134.71,331.0,8372.0,354.0,175.0,1078.0,56.0,-535.0,-4715.0,0.0,0.0,3398.0,3198.0,10820.0,10820.0,2042.0,515.0,2283.0,2283.0,96.0,96.0,5554645
HAUTS DE FRANCE,2020-09-06 14:30:00,2020,250,14:30:00,250.6,986.0,3545.0,90.0,93.0,0.0,120.0,0.0,-432.0,0.0,0.0,2983.0,2398.0,5460.0,4550.0,5127.0,251.0,5.0,5.0,181.0,181.0,5997734
BOURGOGNE FRANCHE COMTE,2015-04-03 21:00:00,2015,93,21:00:00,93.88,25.0,0.0,20.0,0.0,155.0,19.0,0.0,2624.0,0.0,0.0,325.0,80.0,0.0,0.0,344.0,254.0,510.0,510.0,29.0,29.0,2820940
NORMANDIE,2014-06-05 21:00:00,2014,156,21:00:00,156.88,223.0,9816.0,11.0,4.0,22.0,52.0,0.0,-7465.0,0.0,0.0,761.0,181.0,10640.0,10640.0,473.0,212.0,24.0,24.0,90.0,90.0,3335645
ILE DE FRANCE,2014-01-10 14:30:00,2014,10,14:30:00,10.6,250.0,0.0,0.0,4.0,3.0,145.0,0.0,10888.0,0.0,0.0,2122.0,2122.0,0.0,0.0,37.0,110.0,19.0,19.0,282.0,282.0,12027565
GRAND EST,2019-12-06 16:30:00,2019,340,16:30:00,340.69,2547.0,12466.0,2215.0,1.0,695.0,129.0,0.0,-10224.0,0.0,0.0,3532.0,3257.0,10820.0,9940.0,3517.0,607.0,2303.0,2089.0,176.0,176.0,5556219
BRETAGNE,2015-07-06 09:00:00,2015,187,09:00:00,187.38,0.0,0.0,32.0,40.0,2.0,35.0,-1.0,2149.0,0.0,0.0,724.0,590.0,0.0,0.0,801.0,221.0,272.0,272.0,55.0,55.0,3293850
PROVENCE ALPES COTE D AZUR,2021-01-17 05:30:00,2021,17,05:30:00,17.23,200.0,0.0,46.0,0.0,655.0,84.0,-51.0,4723.0,0.0,0.0,2715.0,2386.0,0.0,0.0,96.0,1544.0,3266.0,3235.0,357.0,357.0,5127840
OCCITANIE,2020-03-29 08:00:00,2020,89,08:00:00,89.33,73.0,1611.0,640.0,18.0,804.0,90.0,-662.0,687.0,0.0,0.0,314.0,314.0,2620.0,2620.0,1579.0,2199.0,5491.0,5167.0,171.0,171.0,5973969
GRAND EST,2013-01-06 11:00:00,2013,6,11:00:00,6.46,340.0,8031.0,117.0,19.0,1140.0,62.0,-5.0,-4513.0,0.0,0.0,3398.0,3398.0,10820.0,10277.0,1803.0,498.0,2280.0,2280.0,79.0,79.0,5552388
ILE DE FRANCE,2014-02-13 06:30:00,2014,44,06:30:00,44.27,254.0,0.0,11.0,0.0,2.0,170.0,0.0,9314.0,0.0,0.0,2122.0,1937.0,0.0,0.0,37.0,110.0,19.0,19.0,282.0,282.0,12027565
NORMANDIE,2016-12-09 04:00:00,2016,344,04:00:00,344.17,747.0,8434.0,112.0,0.0,13.0,59.0,0.0,-5926.0,0.0,0.0,785.0,485.0,10640.0,9310.0,616.0,220.0,31.0,31.0,96.0,96.0,3335929
NOUVELLE AQUITAINE,2021-12-18 13:30:00,2021,352,13:30:00,352.56,190.0,2673.0,462.0,1530.0,564.0,202.0,0.0,881.0,0.0,0.0,578.0,578.0,6630.0,5135.0,1368.0,3433.0,1784.0,1784.0,356.0,356.0,6069352
NOUVELLE AQUITAINE,2015-06-12 20:00:00,2015,163,20:00:00,163.83,14.0,3197.0,7.0,146.0,351.0,177.0,0.0,18.0,0.0,0.0,427.0,427.0,6630.0,5525.0,488.0,1516.0,1775.0,1670.0,239.0,239.0,5911482
OCCITANIE,2014-02-19 07:30:00,2014,50,07:30:00,50.31,63.0,2593.0,498.0,0.0,3079.0,88.0,-16.0,-900.0,0.0,0.0,251.0,251.0,2620.0,2620.0,889.0,1214.0,5398.0,5398.0,127.0,127.0,5730753
BRETAGNE,2017-02-26 05:00:00,2017,57,05:00:00,57.21,195.0,0.0,200.0,0.0,32.0,42.0,-1.0,1709.0,0.0,0.0,848.0,763.0,0.0,0.0,877.0,233.0,275.0,275.0,60.0,60.0,3318904
CENTRE VAL DE LOIRE,2015-04-21 03:00:00,2015,111,03:00:00,111.12,0.0,7979.0,383.0,0.0,3.0,35.0,0.0,-6718.0,0.0,0.0,166.0,166.0,11630.0,10820.0,818.0,235.0,91.0,91.0,71.0,71.0,2578592
BRETAGNE,2014-11-18 23:30:00,2014,322,23:30:00,322.98,74.0,0.0,132.0,0.0,122.0,35.0,-1.0,2528.0,0.0,0.0,711.0,711.0,0.0,0.0,781.0,217.0,272.0,272.0,52.0,52.0,3276543
NORMANDIE,2013-09-25 07:30:00,2013,268,07:30:00,268.31,251.0,7579.0,7.0,0.0,14.0,39.0,0.0,-4886.0,0.0,0.0,761.0,761.0,10640.0,10640.0,444.0,210.0,23.0,23.0,88.0,88.0,3328364
BRETAGNE,2014-04-29 01:00:00,2014,119,01:00:00,119.04,1.0,0.0,5.0,0.0,144.0,25.0,-1.0,2229.0,0.0,0.0,688.0,688.0,0.0,0.0,747.0,211.0,251.0,251.0,51.0,51.0,3276543
ILE DE FRANCE,2014-10-12 18:00:00,2014,285,18:00:00,285.75,-5.0,0.0,1.0,2.0,10.0,142.0,0.0,6899.0,0.0,0.0,2122.0,2122.0,0.0,0.0,37.0,112.0,19.0,19.0,282.0,282.0,12027565
NOUVELLE AQUITAINE,2014-04-03 17:00:00,2014,93,17:00:00,93.71,28.0,5729.0,20.0,59.0,471.0,139.0,0.0,-1336.0,0.0,0.0,421.0,421.0,6630.0,6630.0,417.0,1076.0,1761.0,1761.0,220.0,220.0,5879144
PAYS DE LA LOIRE,2017-05-12 10:00:00,2017,132,10:00:00,132.42,1161.0,0.0,166.0,99.0,1.0,34.0,0.0,1861.0,0.0,0.0,1921.0,1307.0,0.0,0.0,713.0,497.0,8.0,8.0,65.0,65.0,3757600
ILE DE FRANCE,2022-08-25 14:00:00,2022,237,14:00:00,237.58,0.0,0.0,5.0,119.0,5.0,137.0,0.0,7117.0,0.0,0.0,2171.0,2034.0,0.0,0.0,148.0,234.0,20.0,20.0,314.0,314.0,12354286
OCCITANIE,2016-03-01 00:30:00,2016,61,00:30:00,61.02,62.0,2467.0,451.0,0.0,2338.0,94.0,-13.0,379.0,0.0,0.0,266.0,0.0,2620.0,2620.0,1098.0,1525.0,5462.0,5235.0,137.0,137.0,5808435
BOURGOGNE FRANCHE COMTE,2015-03-06 21:30:00,2015,65,21:30:00,65.9,150.0,0.0,34.0,0.0,144.0,20.0,0.0,2742.0,0.0,0.0,325.0,80.0,0.0,0.0,344.0,253.0,510.0,510.0,29.0,29.0,2820940
BRETAGNE,2015-11-06 20:30:00,2015,310,20:30:00,310.85,73.0,0.0,175.0,0.0,95.0,38.0,-1.0,2155.0,0.0,0.0,727.0,727.0,0.0,0.0,813.0,223.0,275.0,275.0,56.0,56.0,3293850
PROVENCE ALPES COTE D AZUR,2017-11-23 13:30:00,2017,327,13:30:00,327.56,1622.0,0.0,10.0,288.0,537.0,95.0,0.0,2615.0,0.0,0.0,2643.0,2265.0,0.0,0.0,48.0,1180.0,3227.0,3227.0,357.0,357.0,5030890
ILE DE FRANCE,2016-09-20 00:00:00,2016,264,00:00:00,264.0,-4.0,0.0,4.0,0.0,8.0,153.0,0.0,6363.0,0.0,0.0,2149.0,1685.0,0.0,0.0,61.0,115.0,19.0,19.0,300.0,300.0,12117132
PROVENCE ALPES COTE D AZUR,2015-06-05 10:30:00,2015,156,10:30:00,156.44,445.0,0.0,0.0,436.0,1500.0,80.0,0.0,2124.0,0.0,0.0,2610.0,2265.0,0.0,0.0,45.0,917.0,3168.0,3168.0,183.0,183.0,5007977
ILE DE FRANCE,2020-07-07 21:00:00,2020,189,21:00:00,189.88,251.0,0.0,2.0,3.0,4.0,151.0,0.0,6076.0,0.0,0.0,2170.0,2040.0,0.0,0.0,108.0,152.0,20.0,20.0,314.0,314.0,12271794
NORMANDIE,2018-03-10 21:30:00,2018,69,21:30:00,69.9,404.0,6374.0,28.0,0.0,20.0,61.0,0.0,-3505.0,0.0,0.0,813.0,307.0,10640.0,9398.0,712.0,234.0,31.0,31.0,103.0,103.0,3327477
PROVENCE ALPES COTE D AZUR,2015-10-08 11:30:00,2015,281,11:30:00,281.48,1402.0,0.0,17.0,454.0,1765.0,46.0,0.0,733.0,0.0,0.0,2610.0,2080.0,0.0,0.0,48.0,962.0,3171.0,3171.0,183.0,183.0,5007977
BRETAGNE,2019-11-25 20:30:00,2019,329,20:30:00,329.85,217.0,0.0,200.0,0.0,14.0,49.0,-1.0,2626.0,0.0,0.0,978.0,978.0,0.0,0.0,1021.0,271.0,272.0,272.0,76.0,76.0,3354854
PROVENCE ALPES COTE D AZUR,2021-03-09 09:30:00,2021,68,09:30:00,68.4,1914.0,0.0,22.0,499.0,1386.0,100.0,0.0,1424.0,0.0,0.0,2715.0,2386.0,0.0,0.0,96.0,1566.0,3266.0,3235.0,357.0,357.0,5127840
OCCITANIE,2022-10-05 17:00:00,2022,278,17:00:00,278.71,5.0,1241.0,379.0,968.0,204.0,91.0,-415.0,1249.0,0.0,0.0,326.0,326.0,2620.0,1310.0,1621.0,3048.0,5504.0,5368.0,175.0,175.0,6067101
PROVENCE ALPES COTE D AZUR,2019-12-14 03:30:00,2019,348,03:30:00,348.15,148.0,0.0,0.0,0.0,1637.0,105.0,-51.0,3294.0,0.0,0.0,2679.0,2273.0,0.0,0.0,48.0,1425.0,3249.0,3125.0,357.0,207.0,5081101
OCCITANIE,2018-03-15 10:30:00,2018,74,10:30:00,74.44,77.0,2571.0,212.0,640.0,3028.0,79.0,0.0,-1639.0,0.0,0.0,291.0,291.0,2620.0,2620.0,1365.0,1851.0,5482.0,5266.0,145.0,145.0,5885496
NORMANDIE,2014-07-06 10:30:00,2014,187,10:30:00,187.44,227.0,8601.0,57.0,12.0,21.0,55.0,0.0,-6685.0,0.0,0.0,761.0,181.0,10640.0,10640.0,489.0,212.0,24.0,24.0,90.0,90.0,3335645
CENTRE VAL DE LOIRE,2018-09-16 03:00:00,2018,259,03:00:00,259.12,13.0,7634.0,273.0,0.0,0.0,70.0,0.0,-6714.0,0.0,0.0,218.0,218.0,11630.0,10748.0,1060.0,299.0,91.0,91.0,76.0,76.0,2572853
PAYS DE LA LOIRE,2014-08-29 11:00:00,2014,241,11:00:00,241.46,968.0,0.0,7.0,154.0,3.0,27.0,0.0,1854.0,0.0,0.0,1864.0,1429.0,0.0,0.0,518.0,420.0,7.0,7.0,58.0,58.0,3690833
PAYS DE LA LOIRE,2020-12-21 06:00:00,2020,356,06:00:00,356.25,165.0,0.0,873.0,0.0,5.0,48.0,0.0,1988.0,0.0,0.0,2054.0,1898.0,0.0,0.0,1046.0,682.0,10.0,10.0,77.0,77.0,3832120
HAUTS DE FRANCE,2014-07-27 08:30:00,2014,208,08:30:00,208.35,259.0,4158.0,85.0,18.0,1.0,92.0,0.0,-632.0,0.0,0.0,2289.0,2289.0,5460.0,5460.0,2351.0,212.0,5.0,5.0,139.0,139.0,6006156
BOURGOGNE FRANCHE COMTE,2018-06-20 01:00:00,2018,171,01:00:00,171.04,28.0,0.0,185.0,0.0,44.0,34.0,0.0,1594.0,0.0,0.0,386.0,386.0,0.0,0.0,688.0,307.0,520.0,443.0,37.0,37.0,2807807
PAYS DE LA LOIRE,2018-07-25 01:30:00,2018,206,01:30:00,206.06,1049.0,0.0,95.0,0.0,1.0,42.0,0.0,1262.0,0.0,0.0,1976.0,1730.0,0.0,0.0,804.0,547.0,8.0,8.0,69.0,69.0,3781423
NORMANDIE,2022-03-24 18:00:00,2022,83,18:00:00,83.75,280.0,5597.0,148.0,29.0,21.0,86.0,0.0,-3305.0,0.0,0.0,852.0,852.0,10640.0,9496.0,920.0,309.0,31.0,31.0,148.0,148.0,3327604
PROVENCE ALPES COTE D AZUR,2017-04-04 12:30:00,2017,94,12:30:00,94.52,1502.0,0.0,42.0,713.0,922.0,91.0,0.0,1379.0,0.0,0.0,2630.0,2324.0,0.0,0.0,48.0,1061.0,3193.0,3193.0,354.0,354.0,5030890
NOUVELLE AQUITAINE,2021-05-07 02:00:00,2021,127,02:00:00,127.08,17.0,3270.0,458.0,0.0,390.0,199.0,0.0,74.0,0.0,0.0,578.0,578.0,6630.0,6630.0,1301.0,3059.0,1784.0,1784.0,353.0,353.0,6069352
AUVERGNE RHONE ALPES,2013-08-20 23:30:00,2013,232,23:30:00,232.98,41.0,8856.0,127.0,0.0,2496.0,55.0,-20.0,-5473.0,0.0,0.0,919.0,919.0,13570.0,13570.0,335.0,726.0,11122.0,11122.0,106.0,106.0,7757595
AUVERGNE RHONE ALPES,2019-02-05 16:30:00,2019,36,16:30:00,36.69,714.0,11743.0,80.0,162.0,3560.0,116.0,-11.0,-6526.0,0.0,0.0,1027.0,1027.0,13570.0,12813.0,607.0,1126.0,11277.0,11138.0,189.0,189.0,8042936
AUVERGNE RHONE ALPES,2019-08-15 17:30:00,2019,227,17:30:00,227.73,11.0,9431.0,118.0,366.0,1402.0,124.0,-1632.0,-4658.0,0.0,0.0,1027.0,1027.0,13570.0,12654.0,635.0,1176.0,11631.0,11431.0,190.0,190.0,8042936
CENTRE VAL DE LOIRE,2021-02-14 13:30:00,2021,45,13:30:00,45.56,104.0,10517.0,279.0,180.0,52.0,61.0,0.0,-7922.0,0.0,0.0,229.0,229.0,11630.0,10452.0,1278.0,458.0,92.0,92.0,88.0,88.0,2573303
OCCITANIE,2019-11-10 15:30:00,2019,314,15:30:00,314.65,63.0,1274.0,730.0,518.0,1469.0,95.0,-52.0,228.0,0.0,0.0,307.0,307.0,2620.0,1310.0,1570.0,2148.0,5489.0,5312.0,146.0,146.0,5933185
PROVENCE ALPES COTE D AZUR,2021-11-04 18:00:00,2021,308,18:00:00,308.75,1342.0,0.0,33.0,0.0,973.0,74.0,0.0,2809.0,0.0,0.0,2724.0,2460.0,0.0,0.0,96.0,1703.0,3266.0,3222.0,357.0,357.0,5127840
NORMANDIE,2016-08-30 08:30:00,2016,243,08:30:00,243.35,625.0,4817.0,6.0,7.0,13.0,54.0,0.0,-2722.0,0.0,0.0,773.0,333.0,10640.0,9349.0,598.0,219.0,31.0,31.0,96.0,96.0,3335929
NOUVELLE AQUITAINE,2022-07-05 12:00:00,2022,186,12:00:00,186.5,35.0,2553.0,54.0,2497.0,167.0,156.0,0.0,-616.0,0.0,0.0,579.0,579.0,6630.0,5583.0,1518.0,3721.0,1786.0,1660.0,356.0,356.0,6098051
NORMANDIE,2017-11-11 09:00:00,2017,315,09:00:00,315.38,511.0,6251.0,606.0,0.0,15.0,60.0,0.0,-4297.0,0.0,0.0,813.0,303.0,10640.0,9310.0,705.0,232.0,31.0,31.0,100.0,100.0,3330478
NORMANDIE,2022-02-05 15:30:00,2022,36,15:30:00,36.65,315.0,7468.0,492.0,58.0,16.0,98.0,0.0,-5015.0,0.0,0.0,852.0,852.0,10640.0,9460.0,920.0,306.0,31.0,31.0,148.0,148.0,3327604
BRETAGNE,2021-02-03 01:00:00,2021,34,01:00:00,34.04,248.0,0.0,229.0,1.0,23.0,52.0,-1.0,2250.0,0.0,0.0,982.0,982.0,0.0,0.0,1052.0,298.0,272.0,272.0,81.0,81.0,3394567
CENTRE VAL DE LOIRE,2013-08-15 15:30:00,2013,227,15:30:00,227.65,6.0,5768.0,6.0,115.0,0.0,35.0,0.0,-4470.0,0.0,0.0,162.0,162.0,11630.0,11630.0,707.0,211.0,91.0,91.0,56.0,56.0,2570548
OCCITANIE,2021-03-19 08:00:00,2021,78,08:00:00,78.33,77.0,2603.0,391.0,63.0,3102.0,90.0,0.0,-588.0,0.0,0.0,318.0,318.0,2620.0,2620.0,1593.0,2492.0,5499.0,5266.0,172.0,172.0,6022176
CENTRE VAL DE LOIRE,2017-03-31 08:30:00,2017,90,08:30:00,90.35,89.0,10134.0,428.0,6.0,21.0,67.0,0.0,-8618.0,0.0,0.0,198.0,198.0,11630.0,10809.0,937.0,266.0,91.0,91.0,76.0,76.0,2576252
CENTRE VAL DE LOIRE,2017-03-31 13:30:00,2017,90,13:30:00,90.56,67.0,9914.0,315.0,87.0,3.0,69.0,0.0,-8396.0,0.0,0.0,198.0,198.0,11630.0,10320.0,937.0,266.0,91.0,91.0,76.0,76.0,2576252
BOURGOGNE FRANCHE COMTE,2018-09-13 17:00:00,2018,256,17:00:00,256.71,59.0,0.0,61.0,61.0,119.0,27.0,0.0,2006.0,0.0,0.0,386.0,386.0,0.0,0.0,708.0,310.0,520.0,443.0,57.0,57.0,2807807
AUVERGNE RHONE ALPES,2021-10-21 13:30:00,2021,294,13:30:00,294.56,58.0,11478.0,109.0,643.0,1316.0,99.0,-493.0,-5543.0,0.0,0.0,1048.0,1048.0,13570.0,12669.0,723.0,1554.0,11776.0,11649.0,208.0,208.0,8114361
PAYS DE LA LOIRE,2015-10-15 10:00:00,2015,288,10:00:00,288.42,987.0,0.0,85.0,48.0,0.0,38.0,0.0,2704.0,0.0,0.0,1867.0,1234.0,0.0,0.0,560.0,455.0,7.0,7.0,61.0,61.0,3718512
NOUVELLE AQUITAINE,2019-10-06 16:30:00,2019,279,16:30:00,279.69,63.0,5673.0,347.0,857.0,25.0,153.0,0.0,-3504.0,0.0,0.0,538.0,538.0,6630.0,5720.0,1029.0,2586.0,1782.0,1677.0,320.0,320.0,6010289
HAUTS DE FRANCE,2022-04-15 16:00:00,2022,105,16:00:00,105.67,556.0,4219.0,135.0,221.0,2.0,112.0,0.0,-241.0,0.0,0.0,2993.0,2644.0,5460.0,4646.0,5748.0,441.0,6.0,6.0,190.0,190.0,5990765
GRAND EST,2016-10-18 17:30:00,2016,292,17:30:00,292.73,1624.0,7488.0,961.0,43.0,453.0,84.0,-354.0,-4874.0,0.0,0.0,3433.0,2901.0,10820.0,9660.0,2674.0,529.0,2295.0,2093.0,137.0,137.0,5555186
NORMANDIE,2019-12-06 01:00:00,2019,340,01:00:00,340.04,943.0,3692.0,383.0,0.0,22.0,39.0,0.0,-955.0,0.0,0.0,833.0,833.0,10640.0,9310.0,806.0,261.0,31.0,31.0,109.0,109.0,3325032
NOUVELLE AQUITAINE,2015-04-30 07:30:00,2015,120,07:30:00,120.31,60.0,3191.0,105.0,22.0,659.0,144.0,0.0,316.0,0.0,0.0,427.0,427.0,6630.0,5525.0,479.0,1487.0,1774.0,1669.0,239.0,239.0,5911482
PAYS DE LA LOIRE,2017-01-30 21:30:00,2017,30,21:30:00,30.9,1289.0,0.0,125.0,0.0,1.0,46.0,0.0,2091.0,0.0,0.0,1905.0,1507.0,0.0,0.0,697.0,492.0,8.0,8.0,63.0,63.0,3757600
PROVENCE ALPES COTE D AZUR,2016-10-11 13:00:00,2016,285,13:00:00,285.54,2285.0,0.0,43.0,665.0,836.0,95.0,0.0,862.0,0.0,0.0,2614.0,2369.0,0.0,0.0,48.0,1048.0,3192.0,3192.0,354.0,354.0,5021928
OCCITANIE,2013-09-23 23:30:00,2013,266,23:30:00,266.98,-4.0,2350.0,210.0,0.0,422.0,56.0,0.0,635.0,0.0,0.0,246.0,246.0,2620.0,2620.0,889.0,1154.0,5387.0,5387.0,126.0,126.0,5683878
AUVERGNE RHONE ALPES,2015-03-04 22:30:00,2015,63,22:30:00,63.94,257.0,10745.0,274.0,0.0,5523.0,104.0,-3.0,-7405.0,0.0,0.0,944.0,944.0,13570.0,12657.0,372.0,860.0,11180.0,10831.0,141.0,141.0,7877698
OCCITANIE,2022-03-02 14:00:00,2022,61,14:00:00,61.58,82.0,1269.0,213.0,439.0,1388.0,97.0,-9.0,2097.0,0.0,0.0,326.0,326.0,2620.0,1310.0,1593.0,2832.0,5502.0,5467.0,174.0,174.0,6067101
PAYS DE LA LOIRE,2021-11-29 11:00:00,2021,333,11:00:00,333.46,1318.0,0.0,27.0,182.0,2.0,55.0,0.0,3486.0,0.0,0.0,2065.0,2065.0,0.0,0.0,1124.0,781.0,10.0,10.0,79.0,79.0,3853999
OCCITANIE,2021-01-20 12:00:00,2021,20,12:00:00,20.5,83.0,2574.0,800.0,397.0,1713.0,65.0,-9.0,1034.0,0.0,0.0,318.0,318.0,2620.0,1310.0,1593.0,2391.0,5498.0,5264.0,172.0,172.0,6022176
GRAND EST,2014-08-31 16:00:00,2014,243,16:00:00,243.67,35.0,9374.0,593.0,104.0,1159.0,60.0,-350.0,-7382.0,0.0,0.0,3398.0,3198.0,10820.0,10820.0,2112.0,516.0,2283.0,2283.0,99.0,99.0,5554645
PROVENCE ALPES COTE D AZUR,2018-07-30 00:00:00,2018,211,00:00:00,211.0,33.0,0.0,0.0,0.0,1371.0,89.0,0.0,3038.0,0.0,0.0,2666.0,2243.0,0.0,0.0,48.0,1284.0,3233.0,3086.0,357.0,207.0,5052832
PROVENCE ALPES COTE D AZUR,2018-04-28 20:30:00,2018,118,20:30:00,118.85,30.0,0.0,10.0,2.0,2216.0,173.0,0.0,1336.0,0.0,0.0,2666.0,2275.0,0.0,0.0,48.0,1245.0,3233.0,3067.0,357.0,357.0,5052832
BRETAGNE,2018-06-30 08:00:00,2018,181,08:00:00,181.33,1.0,0.0,146.0,14.0,5.0,46.0,-1.0,1441.0,0.0,0.0,904.0,786.0,0.0,0.0,969.0,253.0,270.0,270.0,68.0,68.0,3335414
CENTRE VAL DE LOIRE,2018-02-17 18:00:00,2018,48,18:00:00,48.75,115.0,9909.0,35.0,2.0,64.0,53.0,0.0,-7728.0,0.0,0.0,216.0,216.0,11630.0,10806.0,996.0,284.0,91.0,91.0,76.0,76.0,2572853
PAYS DE LA LOIRE,2017-04-15 09:00:00,2017,105,09:00:00,105.38,-5.0,0.0,33.0,20.0,1.0,47.0,0.0,2650.0,0.0,0.0,1921.0,1286.0,0.0,0.0,713.0,495.0,8.0,8.0,65.0,65.0,3757600
CENTRE VAL DE LOIRE,2016-11-20 15:00:00,2016,325,15:00:00,325.62,70.0,8147.0,577.0,24.0,2.0,44.0,0.0,-6800.0,0.0,0.0,198.0,198.0,11630.0,10718.0,896.0,261.0,91.0,91.0,71.0,71.0,2577866
HAUTS DE FRANCE,2017-05-01 00:30:00,2017,121,00:30:00,121.02,331.0,3007.0,992.0,0.0,1.0,131.0,0.0,899.0,0.0,0.0,2900.0,2406.0,5460.0,4625.0,3405.0,214.0,5.0,5.0,165.0,165.0,6003815
ILE DE FRANCE,2017-02-28 11:00:00,2017,59,11:00:00,59.46,657.0,0.0,27.0,4.0,11.0,133.0,0.0,10909.0,0.0,0.0,2149.0,1806.0,0.0,0.0,73.0,116.0,19.0,19.0,301.0,301.0,12174880
BRETAGNE,2021-09-04 03:30:00,2021,247,03:30:00,247.15,1.0,0.0,36.0,0.0,0.0,57.0,0.0,1368.0,0.0,0.0,1428.0,1428.0,0.0,0.0,1106.0,344.0,272.0,272.0,82.0,82.0,3394567
OCCITANIE,2014-03-16 18:30:00,2014,75,18:30:00,75.77,56.0,2356.0,531.0,36.0,1781.0,89.0,-414.0,-1137.0,0.0,0.0,251.0,251.0,2620.0,2620.0,889.0,1215.0,5399.0,5399.0,127.0,127.0,5730753
AUVERGNE RHONE ALPES,2015-07-09 04:30:00,2015,190,04:30:00,190.19,48.0,11037.0,121.0,0.0,1796.0,109.0,-1314.0,-5834.0,0.0,0.0,944.0,944.0,13570.0,12927.0,372.0,883.0,11183.0,10946.0,141.0,141.0,7877698
AUVERGNE RHONE ALPES,2018-12-01 17:30:00,2018,335,17:30:00,335.73,260.0,9342.0,165.0,0.0,2084.0,144.0,-6.0,-3552.0,0.0,0.0,1025.0,1025.0,13570.0,12586.0,607.0,1112.0,11268.0,11076.0,189.0,189.0,7994459
PROVENCE ALPES COTE D AZUR,2015-01-27 07:30:00,2015,27,07:30:00,27.31,1771.0,0.0,24.0,0.0,1486.0,56.0,0.0,3336.0,0.0,0.0,2600.0,2355.0,0.0,0.0,45.0,882.0,3168.0,3168.0,183.0,183.0,5007977
PROVENCE ALPES COTE D AZUR,2021-12-22 02:30:00,2021,356,02:30:00,356.1,1493.0,0.0,1.0,0.0,489.0,59.0,0.0,4099.0,0.0,0.0,2724.0,2460.0,0.0,0.0,96.0,1748.0,3266.0,3222.0,357.0,357.0,5127840
GRAND EST,2015-08-18 17:30:00,2015,230,17:30:00,230.73,18.0,11221.0,33.0,122.0,991.0,63.0,0.0,-8128.0,0.0,0.0,3420.0,3199.0,10820.0,10315.0,2450.0,525.0,2284.0,2284.0,119.0,119.0,5559051
BRETAGNE,2020-11-21 20:00:00,2020,326,20:00:00,326.83,212.0,0.0,58.0,1.0,47.0,48.0,-1.0,2439.0,0.0,0.0,980.0,980.0,0.0,0.0,1041.0,291.0,272.0,272.0,81.0,81.0,3373835
NORMANDIE,2018-09-05 21:30:00,2018,248,21:30:00,248.9,178.0,7577.0,94.0,0.0,16.0,56.0,0.0,-5022.0,0.0,0.0,817.0,237.0,10640.0,9451.0,736.0,250.0,31.0,31.0,104.0,104.0,3327477
HAUTS DE FRANCE,2020-09-26 23:30:00,2020,270,23:30:00,270.98,837.0,2151.0,3119.0,0.0,0.0,134.0,0.0,-1160.0,0.0,0.0,2983.0,2815.0,5460.0,4570.0,5175.0,258.0,5.0,5.0,181.0,181.0,5997734
CENTRE VAL DE LOIRE,2021-10-14 00:00:00,2021,287,00:00:00,287.0,0.0,7951.0,134.0,0.0,1.0,60.0,0.0,-6142.0,0.0,0.0,229.0,229.0,11630.0,10732.0,1360.0,605.0,92.0,92.0,90.0,90.0,2573303
BRETAGNE,2020-02-20 15:00:00,2020,51,15:00:00,51.62,259.0,0.0,780.0,35.0,23.0,49.0,-1.0,2194.0,0.0,0.0,978.0,921.0,0.0,0.0,1021.0,279.0,272.0,272.0,78.0,78.0,3373835
NORMANDIE,2015-10-08 00:00:00,2015,281,00:00:00,281.0,227.0,7108.0,74.0,0.0,11.0,50.0,0.0,-4347.0,0.0,0.0,773.0,486.0,10640.0,9310.0,538.0,216.0,24.0,24.0,95.0,95.0,3339131
AUVERGNE RHONE ALPES,2017-01-30 20:00:00,2017,30,20:00:00,30.83,585.0,11763.0,124.0,0.0,3001.0,112.0,-167.0,-4857.0,0.0,0.0,984.0,984.0,13570.0,12660.0,425.0,937.0,11235.0,11045.0,177.0,177.0,7948287
NORMANDIE,2015-01-02 10:30:00,2015,2,10:30:00,2.44,358.0,10437.0,216.0,4.0,18.0,52.0,0.0,-7123.0,0.0,0.0,761.0,181.0,10640.0,10640.0,496.0,214.0,24.0,24.0,91.0,91.0,3339131
NOUVELLE AQUITAINE,2017-10-11 20:00:00,2017,284,20:00:00,284.83,79.0,6622.0,241.0,-1.0,561.0,178.0,0.0,-2737.0,0.0,0.0,465.0,465.0,6630.0,6630.0,842.0,2043.0,1780.0,1668.0,307.0,307.0,5956978
PROVENCE ALPES COTE D AZUR,2020-03-05 12:00:00,2020,65,12:00:00,65.5,1270.0,0.0,27.0,186.0,1412.0,106.0,0.0,3051.0,0.0,0.0,2710.0,2382.0,0.0,0.0,48.0,1453.0,3256.0,3256.0,357.0,207.0,5098666
OCCITANIE,2015-01-06 02:30:00,2015,6,02:30:00,6.1,65.0,2535.0,41.0,0.0,964.0,74.0,-886.0,2589.0,0.0,0.0,266.0,266.0,2620.0,2620.0,943.0,1350.0,5434.0,5434.0,133.0,133.0,5774185
GRAND EST,2020-06-11 18:00:00,2020,163,18:00:00,163.75,1204.0,5721.0,612.0,204.0,1118.0,130.0,0.0,-4364.0,0.0,0.0,3535.0,3031.0,10820.0,9544.0,3606.0,622.0,2304.0,1909.0,184.0,184.0,5562651
CENTRE VAL DE LOIRE,2021-05-23 06:00:00,2021,143,06:00:00,143.25,0.0,4901.0,534.0,0.0,2.0,63.0,0.0,-3956.0,0.0,0.0,229.0,229.0,11630.0,11630.0,1316.0,529.0,92.0,92.0,89.0,89.0,2573303
NORMANDIE,2017-06-14 05:30:00,2017,165,05:30:00,165.23,284.0,4096.0,96.0,0.0,7.0,53.0,0.0,-2215.0,0.0,0.0,785.0,205.0,10640.0,9310.0,622.0,222.0,31.0,31.0,98.0,98.0,3330478
PROVENCE ALPES COTE D AZUR,2014-09-28 15:00:00,2014,271,15:00:00,271.62,109.0,0.0,21.0,494.0,394.0,52.0,0.0,2871.0,0.0,0.0,2593.0,2201.0,0.0,0.0,45.0,873.0,3168.0,3168.0,170.0,170.0,4983438
PAYS DE LA LOIRE,2018-12-25 07:00:00,2018,359,07:00:00,359.29,167.0,0.0,102.0,0.0,3.0,44.0,0.0,2220.0,0.0,0.0,2017.0,1897.0,0.0,0.0,876.0,559.0,8.0,8.0,70.0,70.0,3781423
PROVENCE ALPES COTE D AZUR,2013-03-14 17:00:00,2013,73,17:00:00,73.71,1628.0,0.0,31.0,119.0,1569.0,42.0,0.0,2594.0,0.0,0.0,2590.0,2528.0,0.0,0.0,45.0,671.0,3158.0,3158.0,149.0,149.0,4953675
PAYS DE LA LOIRE,2020-05-30 09:00:00,2020,151,09:00:00,151.38,290.0,0.0,110.0,152.0,1.0,57.0,0.0,1519.0,0.0,0.0,2050.0,1760.0,0.0,0.0,989.0,638.0,10.0,10.0,77.0,77.0,3832120
BRETAGNE,2013-09-10 13:30:00,2013,253,13:30:00,253.56,0.0,0.0,133.0,77.0,7.0,26.0,0.0,2194.0,0.0,0.0,665.0,665.0,0.0,0.0,722.0,206.0,11.0,11.0,48.0,48.0,3258707
OCCITANIE,2018-08-11 13:00:00,2018,223,13:00:00,223.54,0.0,228.0,66.0,1299.0,492.0,76.0,-869.0,2844.0,0.0,0.0,295.0,295.0,2620.0,1402.0,1425.0,1937.0,5485.0,5251.0,146.0,146.0,5885496
BRETAGNE,2022-03-23 18:30:00,2022,82,18:30:00,82.77,594.0,0.0,36.0,25.0,148.0,48.0,-1.0,1563.0,0.0,0.0,1432.0,1257.0,0.0,0.0,1149.0,363.0,272.0,272.0,82.0,82.0,3414637
HAUTS DE FRANCE,2019-01-27 14:30:00,2019,27,14:30:00,27.6,909.0,5201.0,2999.0,17.0,2.0,125.0,0.0,-2563.0,0.0,0.0,2969.0,2969.0,5460.0,5460.0,4359.0,235.0,5.0,5.0,177.0,177.0,6004947
CENTRE VAL DE LOIRE,2021-02-01 05:00:00,2021,32,05:00:00,32.21,103.0,9827.0,470.0,0.0,60.0,63.0,0.0,-8260.0,0.0,0.0,229.0,229.0,11630.0,10520.0,1278.0,448.0,92.0,92.0,88.0,88.0,2573303
PROVENCE ALPES COTE D AZUR,2018-03-27 05:00:00,2018,86,05:00:00,86.21,1635.0,0.0,23.0,0.0,1188.0,197.0,0.0,1636.0,0.0,0.0,2666.0,2356.0,0.0,0.0,48.0,1241.0,3233.0,3233.0,357.0,357.0,5052832
PAYS DE LA LOIRE,2014-04-09 18:30:00,2014,99,18:30:00,99.77,739.0,0.0,23.0,96.0,4.0,35.0,0.0,2046.0,0.0,0.0,1864.0,1429.0,0.0,0.0,518.0,409.0,6.0,6.0,58.0,58.0,3690833
BRETAGNE,2014-11-28 09:00:00,2014,332,09:00:00,332.38,80.0,0.0,445.0,0.0,16.0,36.0,-1.0,2712.0,0.0,0.0,712.0,712.0,0.0,0.0,781.0,217.0,272.0,272.0,52.0,52.0,3276543
BRETAGNE,2019-07-20 05:00:00,2019,201,05:00:00,201.21,1.0,0.0,249.0,0.0,209.0,52.0,-1.0,979.0,0.0,0.0,960.0,960.0,0.0,0.0,1021.0,267.0,270.0,270.0,73.0,73.0,3354854
NORMANDIE,2022-04-13 20:00:00,2022,103,20:00:00,103.83,260.0,5071.0,18.0,10.0,19.0,81.0,0.0,-2483.0,0.0,0.0,852.0,852.0,10640.0,9396.0,920.0,309.0,31.0,31.0,148.0,148.0,3327604
ILE DE FRANCE,2016-10-20 22:30:00,2016,294,22:30:00,294.94,118.0,0.0,7.0,0.0,4.0,134.0,0.0,8084.0,0.0,0.0,2149.0,1746.0,0.0,0.0,61.0,115.0,19.0,19.0,300.0,300.0,12117132
PAYS DE LA LOIRE,2015-10-26 14:00:00,2015,299,14:00:00,299.58,894.0,0.0,109.0,175.0,0.0,42.0,0.0,1988.0,0.0,0.0,1867.0,1287.0,0.0,0.0,560.0,456.0,7.0,7.0,61.0,61.0,3718512
ILE DE FRANCE,2020-11-21 08:30:00,2020,326,08:30:00,326.35,384.0,0.0,13.0,1.0,6.0,107.0,0.0,7472.0,0.0,0.0,2171.0,2129.0,0.0,0.0,125.0,169.0,20.0,20.0,314.0,314.0,12271794
GRAND EST,2021-09-11 20:30:00,2021,254,20:30:00,254.85,1536.0,6550.0,54.0,0.0,1126.0,147.0,0.0,-5173.0,0.0,0.0,3585.0,3585.0,10820.0,10314.0,3939.0,929.0,2305.0,2103.0,209.0,209.0,5561287
NORMANDIE,2021-04-19 16:30:00,2021,109,16:30:00,109.69,236.0,4966.0,39.0,107.0,11.0,74.0,0.0,-2569.0,0.0,0.0,852.0,852.0,10640.0,9797.0,872.0,280.0,31.0,31.0,146.0,146.0,3327966
ILE DE FRANCE,2014-08-31 00:30:00,2014,243,00:30:00,243.02,-4.0,0.0,2.0,0.0,7.0,119.0,0.0,5898.0,0.0,0.0,2122.0,1872.0,0.0,0.0,37.0,111.0,19.0,19.0,282.0,282.0,12027565
ILE DE FRANCE,2015-04-05 09:30:00,2015,95,09:30:00,95.4,-14.0,0.0,4.0,18.0,5.0,113.0,0.0,8402.0,0.0,0.0,2144.0,1929.0,0.0,0.0,37.0,112.0,19.0,19.0,286.0,286.0,12082144
PAYS DE LA LOIRE,2018-11-02 04:30:00,2018,306,04:30:00,306.19,133.0,0.0,55.0,0.0,0.0,46.0,0.0,2452.0,0.0,0.0,1985.0,1898.0,0.0,0.0,849.0,556.0,8.0,8.0,70.0,70.0,3781423
GRAND EST,2013-05-31 17:00:00,2013,151,17:00:00,151.71,762.0,9840.0,1080.0,41.0,1259.0,39.0,0.0,-7533.0,0.0,0.0,3398.0,3163.0,10820.0,10820.0,1884.0,503.0,2280.0,2280.0,86.0,86.0,5552388
CENTRE VAL DE LOIRE,2020-12-05 05:30:00,2020,340,05:30:00,340.23,93.0,9293.0,454.0,0.0,6.0,62.0,0.0,-7552.0,0.0,0.0,229.0,229.0,11630.0,10609.0,1278.0,414.0,92.0,92.0,88.0,88.0,2574863
NOUVELLE AQUITAINE,2013-08-17 20:30:00,2013,229,20:30:00,229.85,26.0,4649.0,48.0,15.0,84.0,125.0,0.0,-891.0,0.0,0.0,421.0,421.0,6630.0,6630.0,356.0,982.0,1760.0,1760.0,210.0,210.0,5844177
CENTRE VAL DE LOIRE,2014-07-24 08:30:00,2014,205,08:30:00,205.35,2.0,7960.0,17.0,24.0,1.0,42.0,0.0,-6193.0,0.0,0.0,162.0,162.0,11630.0,11630.0,801.0,218.0,91.0,91.0,57.0,57.0,2577435
ILE DE FRANCE,2020-05-16 08:00:00,2020,137,08:00:00,137.33,0.0,0.0,19.0,12.0,8.0,135.0,0.0,5254.0,0.0,0.0,2170.0,2067.0,0.0,0.0,108.0,144.0,20.0,20.0,314.0,314.0,12271794
GRAND EST,2017-07-25 03:30:00,2017,206,03:30:00,206.15,763.0,10198.0,493.0,0.0,573.0,85.0,-525.0,-7698.0,0.0,0.0,3453.0,2942.0,10820.0,10085.0,2975.0,548.0,2298.0,1987.0,141.0,141.0,5549586
NOUVELLE AQUITAINE,2020-05-10 01:00:00,2020,131,01:00:00,131.04,15.0,3035.0,234.0,0.0,760.0,170.0,0.0,-829.0,0.0,0.0,571.0,571.0,6630.0,5443.0,1089.0,2647.0,1783.0,1678.0,341.0,341.0,6033952
PAYS DE LA LOIRE,2022-05-03 23:30:00,2022,123,23:30:00,123.98,308.0,0.0,207.0,0.0,2.0,60.0,0.0,2312.0,0.0,0.0,2068.0,1674.0,0.0,0.0,1137.0,841.0,10.0,10.0,80.0,80.0,3878839
AUVERGNE RHONE ALPES,2021-01-07 13:00:00,2021,7,13:00:00,7.54,702.0,10828.0,66.0,202.0,5434.0,110.0,-3.0,-6436.0,0.0,0.0,1047.0,1047.0,13570.0,12674.0,723.0,1375.0,11753.0,11596.0,198.0,198.0,8114361
AUVERGNE RHONE ALPES,2013-09-26 17:30:00,2013,269,17:30:00,269.73,396.0,9105.0,9.0,92.0,2640.0,66.0,-19.0,-5357.0,0.0,0.0,919.0,919.0,13570.0,13570.0,335.0,730.0,11122.0,11122.0,108.0,108.0,7757595
NOUVELLE AQUITAINE,2015-06-06 11:30:00,2015,157,11:30:00,157.48,15.0,3160.0,45.0,731.0,260.0,175.0,0.0,-287.0,0.0,0.0,427.0,427.0,6630.0,5525.0,488.0,1504.0,1775.0,1670.0,239.0,239.0,5911482
OCCITANIE,2018-09-06 02:00:00,2018,249,02:00:00,249.08,0.0,2462.0,258.0,0.0,526.0,71.0,-416.0,220.0,0.0,0.0,295.0,295.0,2620.0,2490.0,1425.0,1957.0,5485.0,5254.0,146.0,146.0,5885496
CENTRE VAL DE LOIRE,2022-11-02 02:00:00,2022,306,02:00:00,306.08,32.0,4217.0,668.0,0.0,1.0,57.0,0.0,-3475.0,0.0,0.0,229.0,229.0,11630.0,10704.0,1551.0,789.0,93.0,93.0,91.0,91.0,2572916
CENTRE VAL DE LOIRE,2021-08-21 06:00:00,2021,233,06:00:00,233.25,12.0,7674.0,171.0,0.0,0.0,58.0,0.0,-6555.0,0.0,0.0,229.0,229.0,11630.0,10740.0,1360.0,592.0,92.0,92.0,89.0,89.0,2573303
BRETAGNE,2019-08-30 10:00:00,2019,242,10:00:00,242.42,6.0,0.0,15.0,69.0,3.0,50.0,-1.0,2312.0,0.0,0.0,960.0,859.0,0.0,0.0,1021.0,268.0,270.0,270.0,74.0,74.0,3354854
NORMANDIE,2015-05-27 09:30:00,2015,147,09:30:00,147.4,230.0,7747.0,2.0,37.0,14.0,68.0,0.0,-4914.0,0.0,0.0,761.0,181.0,10640.0,9310.0,522.0,215.0,24.0,24.0,94.0,94.0,3339131
PAYS DE LA LOIRE,2014-11-04 04:00:00,2014,308,04:00:00,308.17,798.0,0.0,47.0,0.0,3.0,48.0,0.0,1533.0,0.0,0.0,1864.0,1429.0,0.0,0.0,527.0,430.0,7.0,7.0,58.0,58.0,3690833
NOUVELLE AQUITAINE,2013-06-23 01:30:00,2013,174,01:30:00,174.06,29.0,4043.0,113.0,0.0,503.0,133.0,0.0,-938.0,0.0,0.0,421.0,421.0,6630.0,6630.0,356.0,977.0,1760.0,1760.0,210.0,210.0,5844177
NORMANDIE,2020-08-04 11:00:00,2020,217,11:00:00,217.46,196.0,3702.0,25.0,103.0,9.0,53.0,0.0,-1575.0,0.0,0.0,838.0,258.0,10640.0,9310.0,819.0,266.0,31.0,31.0,112.0,112.0,3325522
PROVENCE ALPES COTE D AZUR,2017-02-11 08:30:00,2017,42,08:30:00,42.35,1387.0,0.0,5.0,22.0,778.0,118.0,0.0,3261.0,0.0,0.0,2630.0,2252.0,0.0,0.0,48.0,1058.0,3193.0,3193.0,354.0,354.0,5030890
PROVENCE ALPES COTE D AZUR,2021-05-28 03:00:00,2021,148,03:00:00,148.12,398.0,0.0,13.0,0.0,1920.0,67.0,-51.0,1185.0,0.0,0.0,2715.0,2341.0,0.0,0.0,96.0,1598.0,3266.0,3235.0,357.0,357.0,5127840
HAUTS DE FRANCE,2019-03-02 08:30:00,2019,61,08:30:00,61.35,622.0,3631.0,1289.0,3.0,2.0,120.0,0.0,359.0,0.0,0.0,2969.0,2384.0,5460.0,4550.0,4414.0,235.0,5.0,5.0,177.0,177.0,6004947
AUVERGNE RHONE ALPES,2022-08-23 14:30:00,2022,235,14:30:00,235.6,380.0,6084.0,142.0,1067.0,1537.0,110.0,-13.0,-2429.0,0.0,0.0,1048.0,1048.0,13570.0,12643.0,723.0,1758.0,11788.0,11657.0,208.0,208.0,8155762
BOURGOGNE FRANCHE COMTE,2014-01-30 05:30:00,2014,30,05:30:00,30.23,120.0,0.0,19.0,0.0,73.0,19.0,0.0,2559.0,0.0,0.0,313.0,68.0,0.0,0.0,230.0,242.0,507.0,507.0,25.0,25.0,2820623
BOURGOGNE FRANCHE COMTE,2016-04-17 11:30:00,2016,108,11:30:00,108.48,26.0,0.0,19.0,30.0,103.0,21.0,0.0,1928.0,0.0,0.0,329.0,329.0,0.0,0.0,414.0,264.0,513.0,513.0,30.0,30.0,2818338
CENTRE VAL DE LOIRE,2016-09-23 07:00:00,2016,267,07:00:00,267.29,0.0,7443.0,33.0,0.0,3.0,45.0,0.0,-5718.0,0.0,0.0,170.0,170.0,11630.0,10678.0,896.0,259.0,91.0,91.0,71.0,71.0,2577866
BOURGOGNE FRANCHE COMTE,2018-11-08 13:00:00,2018,312,13:00:00,312.54,148.0,0.0,23.0,169.0,12.0,25.0,-1.0,2467.0,0.0,0.0,395.0,395.0,0.0,0.0,719.0,318.0,520.0,443.0,57.0,57.0,2807807
HAUTS DE FRANCE,2014-11-01 03:00:00,2014,305,03:00:00,305.12,462.0,4390.0,597.0,0.0,2.0,89.0,0.0,-661.0,0.0,0.0,2301.0,2301.0,5460.0,5460.0,2500.0,212.0,5.0,5.0,142.0,142.0,6006156
NOUVELLE AQUITAINE,2020-03-08 17:00:00,2020,68,17:00:00,68.71,203.0,6186.0,611.0,217.0,995.0,216.0,0.0,-3378.0,0.0,0.0,571.0,571.0,6630.0,5822.0,1089.0,2636.0,1783.0,1678.0,340.0,340.0,6033952
HAUTS DE FRANCE,2016-09-13 04:30:00,2016,257,04:30:00,257.19,1138.0,3477.0,348.0,0.0,1.0,114.0,0.0,-741.0,0.0,0.0,2864.0,2746.0,5460.0,4708.0,3098.0,213.0,5.0,5.0,163.0,163.0,6006870
PAYS DE LA LOIRE,2019-10-06 23:30:00,2019,279,23:30:00,279.98,213.0,0.0,214.0,0.0,0.0,55.0,0.0,2062.0,0.0,0.0,2037.0,2037.0,0.0,0.0,926.0,600.0,10.0,10.0,75.0,75.0,3806461
NOUVELLE AQUITAINE,2017-07-30 13:30:00,2017,211,13:30:00,211.56,41.0,3995.0,72.0,826.0,55.0,192.0,0.0,-1071.0,0.0,0.0,465.0,465.0,6630.0,5486.0,752.0,1976.0,1780.0,1669.0,306.0,306.0,5956978
BOURGOGNE FRANCHE COMTE,2021-08-22 10:00:00,2021,234,10:00:00,234.42,24.0,0.0,175.0,62.0,37.0,29.0,-65.0,1426.0,0.0,0.0,401.0,401.0,0.0,0.0,969.0,461.0,524.0,524.0,72.0,72.0,2800194
HAUTS DE FRANCE,2016-12-14 16:30:00,2016,349,16:30:00,349.69,1750.0,3581.0,291.0,3.0,1.0,97.0,0.0,1082.0,0.0,0.0,2882.0,2745.0,5460.0,4550.0,3292.0,214.0,5.0,5.0,164.0,164.0,6006870
AUVERGNE RHONE ALPES,2013-01-05 03:00:00,2013,5,03:00:00,5.12,273.0,12453.0,144.0,0.0,2364.0,68.0,-1773.0,-5557.0,0.0,0.0,914.0,914.0,13570.0,13570.0,335.0,705.0,11113.0,11113.0,105.0,105.0,7757595
BRETAGNE,2021-08-19 16:30:00,2021,231,16:30:00,231.69,10.0,0.0,61.0,69.0,0.0,60.0,-1.0,1989.0,0.0,0.0,1428.0,1428.0,0.0,0.0,1106.0,331.0,272.0,272.0,82.0,82.0,3394567
PAYS DE LA LOIRE,2019-04-13 05:30:00,2019,103,05:30:00,103.23,417.0,0.0,278.0,0.0,3.0,47.0,0.0,2009.0,0.0,0.0,2037.0,1892.0,0.0,0.0,909.0,572.0,8.0,8.0,70.0,70.0,3806461
CENTRE VAL DE LOIRE,2013-11-28 05:00:00,2013,332,05:00:00,332.21,74.0,8776.0,3.0,0.0,6.0,32.0,0.0,-6038.0,0.0,0.0,162.0,162.0,11630.0,11630.0,739.0,214.0,91.0,91.0,56.0,56.0,2570548
CENTRE VAL DE LOIRE,2020-01-22 22:00:00,2020,22,22:00:00,22.92,118.0,9710.0,383.0,0.0,46.0,61.0,0.0,-7159.0,0.0,0.0,229.0,229.0,11630.0,10912.0,1238.0,350.0,91.0,91.0,86.0,86.0,2574863
CENTRE VAL DE LOIRE,2015-09-28 03:00:00,2015,271,03:00:00,271.12,1.0,7481.0,525.0,0.0,0.0,59.0,0.0,-6611.0,0.0,0.0,166.0,166.0,11630.0,10766.0,842.0,240.0,91.0,91.0,71.0,71.0,2578592
AUVERGNE RHONE ALPES,2014-11-06 12:30:00,2014,310,12:30:00,310.52,600.0,10629.0,94.0,266.0,3066.0,120.0,-6.0,-6149.0,0.0,0.0,940.0,940.0,13570.0,12655.0,347.0,835.0,11153.0,11001.0,141.0,141.0,7820966
BRETAGNE,2018-06-24 00:00:00,2018,175,00:00:00,175.0,1.0,0.0,238.0,0.0,120.0,43.0,-1.0,1789.0,0.0,0.0,904.0,786.0,0.0,0.0,957.0,253.0,270.0,270.0,68.0,68.0,3335414
CENTRE VAL DE LOIRE,2022-01-13 21:30:00,2022,13,21:30:00,13.9,97.0,10659.0,216.0,0.0,6.0,58.0,0.0,-7876.0,0.0,0.0,229.0,229.0,11630.0,10872.0,1381.0,696.0,92.0,92.0,90.0,90.0,2572916
HAUTS DE FRANCE,2021-10-30 11:30:00,2021,303,11:30:00,303.48,874.0,3550.0,2960.0,28.0,1.0,109.0,0.0,-1937.0,0.0,0.0,2990.0,2990.0,5460.0,4550.0,5579.0,422.0,5.0,5.0,183.0,183.0,5995292
NOUVELLE AQUITAINE,2020-07-22 09:00:00,2020,204,09:00:00,204.38,46.0,3258.0,121.0,322.0,108.0,186.0,0.0,733.0,0.0,0.0,571.0,571.0,6630.0,5549.0,1166.0,2695.0,1783.0,1672.0,341.0,341.0,6033952
OCCITANIE,2013-11-27 18:30:00,2013,331,18:30:00,331.77,56.0,2601.0,41.0,0.0,2573.0,76.0,0.0,1872.0,0.0,0.0,251.0,251.0,2620.0,2620.0,889.0,1180.0,5391.0,5391.0,126.0,126.0,5683878
GRAND EST,2014-05-18 05:30:00,2014,138,05:30:00,138.23,40.0,6908.0,136.0,0.0,884.0,55.0,-535.0,-3945.0,0.0,0.0,3398.0,3198.0,10820.0,10820.0,2042.0,515.0,2283.0,2283.0,96.0,96.0,5554645
NOUVELLE AQUITAINE,2020-07-11 22:30:00,2020,193,22:30:00,193.94,44.0,2194.0,314.0,0.0,143.0,187.0,0.0,1151.0,0.0,0.0,571.0,571.0,6630.0,5549.0,1166.0,2692.0,1783.0,1678.0,341.0,341.0,6033952
GRAND EST,2014-09-10 11:30:00,2014,253,11:30:00,253.48,767.0,10707.0,320.0,257.0,1258.0,53.0,0.0,-7908.0,0.0,0.0,3398.0,3198.0,10820.0,10820.0,2115.0,516.0,2283.0,2283.0,100.0,100.0,5554645
NOUVELLE AQUITAINE,2020-01-04 09:30:00,2020,4,09:30:00,4.4,200.0,4147.0,162.0,53.0,671.0,166.0,0.0,378.0,0.0,0.0,571.0,571.0,6630.0,5428.0,1075.0,2615.0,1783.0,1678.0,340.0,340.0,6033952
PAYS DE LA LOIRE,2016-08-06 20:30:00,2016,219,20:30:00,219.85,7.0,0.0,51.0,20.0,0.0,38.0,0.0,1949.0,0.0,0.0,1880.0,1337.0,0.0,0.0,665.0,478.0,8.0,8.0,63.0,63.0,3737632
PAYS DE LA LOIRE,2021-01-27 17:00:00,2021,27,17:00:00,27.71,1097.0,0.0,201.0,5.0,6.0,46.0,0.0,2999.0,0.0,0.0,2055.0,2055.0,0.0,0.0,1046.0,690.0,10.0,10.0,78.0,78.0,3853999
NOUVELLE AQUITAINE,2019-07-06 17:00:00,2019,187,17:00:00,187.71,20.0,4415.0,126.0,1483.0,67.0,160.0,0.0,-1779.0,0.0,0.0,538.0,538.0,6630.0,5392.0,1017.0,2501.0,1782.0,1670.0,319.0,319.0,6010289
BRETAGNE,2018-11-29 11:30:00,2018,333,11:30:00,333.48,198.0,0.0,678.0,35.0,4.0,39.0,-4.0,2343.0,0.0,0.0,954.0,820.0,0.0,0.0,988.0,257.0,270.0,270.0,70.0,70.0,3335414
BOURGOGNE FRANCHE COMTE,2017-09-07 13:00:00,2017,250,13:00:00,250.54,22.0,0.0,40.0,64.0,197.0,25.0,0.0,2115.0,0.0,0.0,331.0,331.0,0.0,0.0,624.0,271.0,519.0,519.0,34.0,34.0,2811423
BOURGOGNE FRANCHE COMTE,2017-03-31 04:30:00,2017,90,04:30:00,90.19,100.0,0.0,311.0,0.0,41.0,23.0,-69.0,1598.0,0.0,0.0,331.0,331.0,0.0,0.0,594.0,267.0,518.0,518.0,31.0,31.0,2811423
BOURGOGNE FRANCHE COMTE,2021-07-31 18:30:00,2021,212,18:30:00,212.77,24.0,0.0,23.0,33.0,49.0,50.0,0.0,1618.0,0.0,0.0,401.0,401.0,0.0,0.0,969.0,459.0,524.0,524.0,72.0,72.0,2800194
PAYS DE LA LOIRE,2016-06-24 00:30:00,2016,176,00:30:00,176.02,18.0,0.0,80.0,0.0,4.0,39.0,0.0,2625.0,0.0,0.0,1880.0,1337.0,0.0,0.0,649.0,467.0,8.0,8.0,62.0,62.0,3737632
PROVENCE ALPES COTE D AZUR,2021-02-05 21:00:00,2021,36,21:00:00,36.88,1487.0,0.0,51.0,0.0,1004.0,101.0,0.0,2463.0,0.0,0.0,2715.0,2386.0,0.0,0.0,96.0,1558.0,3266.0,3235.0,357.0,357.0,5127840
AUVERGNE RHONE ALPES,2019-04-26 22:00:00,2019,116,22:00:00,116.92,21.0,9564.0,221.0,0.0,3902.0,137.0,-3.0,-6895.0,0.0,0.0,1027.0,1027.0,13570.0,12656.0,607.0,1149.0,11247.0,11092.0,189.0,189.0,8042936
GRAND EST,2023-01-13 01:30:00,2023,13,01:30:00,13.06,204.0,4629.0,3794.0,0.0,1016.0,146.0,-521.0,-4253.0,0.0,0.0,3615.0,3615.0,10820.0,9726.0,4536.0,1133.0,2308.0,2106.0,237.0,237.0,5562262
NOUVELLE AQUITAINE,2017-09-06 05:00:00,2017,249,05:00:00,249.21,42.0,4154.0,91.0,-1.0,39.0,181.0,0.0,-1139.0,0.0,0.0,465.0,465.0,6630.0,5574.0,790.0,2011.0,1780.0,1669.0,306.0,306.0,5956978
PROVENCE ALPES COTE D AZUR,2014-05-11 06:30:00,2014,131,06:30:00,131.27,165.0,0.0,3.0,0.0,778.0,51.0,-51.0,2032.0,0.0,0.0,2592.0,2318.0,0.0,0.0,45.0,830.0,3160.0,3160.0,170.0,170.0,4983438
BRETAGNE,2017-04-20 06:00:00,2017,110,06:00:00,110.25,1.0,0.0,228.0,0.0,1.0,39.0,-3.0,2132.0,0.0,0.0,848.0,763.0,0.0,0.0,896.0,234.0,275.0,275.0,61.0,61.0,3318904
NOUVELLE AQUITAINE,2018-08-16 00:00:00,2018,228,00:00:00,228.0,23.0,5517.0,235.0,-1.0,55.0,192.0,0.0,-1794.0,0.0,0.0,485.0,485.0,6630.0,6090.0,947.0,2384.0,1781.0,1667.0,316.0,316.0,5979778
NOUVELLE AQUITAINE,2017-05-20 09:00:00,2017,140,09:00:00,140.38,47.0,4143.0,42.0,411.0,496.0,189.0,0.0,-1321.0,0.0,0.0,465.0,465.0,6630.0,5428.0,742.0,1960.0,1780.0,1670.0,306.0,306.0,5956978
HAUTS DE FRANCE,2013-07-25 15:00:00,2013,206,15:00:00,206.62,468.0,4405.0,127.0,50.0,1.0,63.0,0.0,543.0,0.0,0.0,2268.0,2268.0,5460.0,5460.0,2193.0,210.0,5.0,5.0,139.0,139.0,5987883
HAUTS DE FRANCE,2015-10-24 11:30:00,2015,297,11:30:00,297.48,340.0,4479.0,113.0,26.0,0.0,101.0,0.0,750.0,0.0,0.0,2301.0,2051.0,5460.0,4550.0,2786.0,213.0,5.0,5.0,160.0,160.0,6009976
BOURGOGNE FRANCHE COMTE,2014-06-13 20:30:00,2014,164,20:30:00,164.85,16.0,0.0,57.0,6.0,17.0,14.0,0.0,1958.0,0.0,0.0,313.0,68.0,0.0,0.0,254.0,247.0,508.0,508.0,26.0,26.0,2820623
NORMANDIE,2016-05-12 08:30:00,2016,133,08:30:00,133.35,751.0,6400.0,13.0,5.0,21.0,43.0,0.0,-4227.0,0.0,0.0,773.0,773.0,10640.0,9556.0,563.0,218.0,31.0,31.0,95.0,95.0,3335929
PAYS DE LA LOIRE,2022-02-06 02:00:00,2022,37,02:00:00,37.08,166.0,0.0,562.0,0.0,4.0,60.0,0.0,2607.0,0.0,0.0,2068.0,1778.0,0.0,0.0,1133.0,812.0,10.0,10.0,80.0,80.0,3878839
AUVERGNE RHONE ALPES,2022-05-12 02:00:00,2022,132,02:00:00,132.08,52.0,6972.0,251.0,0.0,2105.0,115.0,-974.0,-2887.0,0.0,0.0,1048.0,647.0,13570.0,12679.0,723.0,1684.0,11781.0,11617.0,208.0,208.0,8155762
NOUVELLE AQUITAINE,2014-08-17 00:00:00,2014,229,00:00:00,229.0,24.0,2445.0,45.0,0.0,251.0,131.0,0.0,965.0,0.0,0.0,421.0,421.0,6630.0,5720.0,447.0,1201.0,1772.0,1772.0,220.0,220.0,5879144
OCCITANIE,2019-01-04 13:00:00,2019,4,13:00:00,4.54,91.0,2625.0,325.0,741.0,1436.0,91.0,0.0,1740.0,0.0,0.0,307.0,307.0,2620.0,2620.0,1485.0,1984.0,5485.0,5324.0,146.0,146.0,5933185
NOUVELLE AQUITAINE,2016-01-04 15:00:00,2016,4,15:00:00,4.62,163.0,6613.0,201.0,93.0,407.0,179.0,0.0,-1396.0,0.0,0.0,429.0,429.0,6630.0,6630.0,547.0,1789.0,1778.0,1778.0,264.0,264.0,5935603
OCCITANIE,2014-05-06 17:00:00,2014,126,17:00:00,126.71,-5.0,1153.0,128.0,180.0,2279.0,63.0,0.0,-202.0,0.0,0.0,251.0,251.0,2620.0,2620.0,906.0,1225.0,5409.0,5169.0,128.0,128.0,5730753
NOUVELLE AQUITAINE,2016-12-09 21:00:00,2016,344,21:00:00,344.88,243.0,5226.0,139.0,-1.0,241.0,150.0,0.0,173.0,0.0,0.0,450.0,450.0,6630.0,5135.0,696.0,1919.0,1779.0,1779.0,293.0,293.0,5935603
GRAND EST,2021-08-05 13:30:00,2021,217,13:30:00,217.56,36.0,7558.0,452.0,294.0,1265.0,140.0,0.0,-5440.0,0.0,0.0,3585.0,3585.0,10820.0,9940.0,3939.0,910.0,2305.0,2103.0,208.0,208.0,5561287
GRAND EST,2015-05-28 16:00:00,2015,148,16:00:00,148.67,37.0,9431.0,753.0,218.0,1140.0,72.0,0.0,-6439.0,0.0,0.0,3420.0,3132.0,10820.0,9877.0,2386.0,524.0,2284.0,2082.0,115.0,115.0,5559051
NORMANDIE,2021-11-30 00:30:00,2021,334,00:30:00,334.02,393.0,7647.0,373.0,0.0,11.0,90.0,0.0,-4444.0,0.0,0.0,852.0,852.0,10640.0,9443.0,893.0,303.0,31.0,31.0,148.0,148.0,3327966
CENTRE VAL DE LOIRE,2016-05-26 20:30:00,2016,147,20:30:00,147.85,0.0,6147.0,15.0,6.0,16.0,49.0,0.0,-4525.0,0.0,0.0,170.0,170.0,11630.0,10929.0,874.0,249.0,91.0,91.0,71.0,71.0,2577866
NORMANDIE,2019-03-23 11:00:00,2019,82,11:00:00,82.46,362.0,7509.0,23.0,60.0,17.0,56.0,0.0,-4678.0,0.0,0.0,833.0,833.0,10640.0,9310.0,801.0,254.0,31.0,31.0,105.0,105.0,3325032
GRAND EST,2017-05-26 00:00:00,2017,146,00:00:00,146.0,40.0,7039.0,1563.0,0.0,1203.0,94.0,0.0,-5647.0,0.0,0.0,3453.0,2949.0,10820.0,9549.0,2891.0,537.0,2298.0,2029.0,140.0,140.0,5549586
AUVERGNE RHONE ALPES,2022-12-26 15:00:00,2022,360,15:00:00,360.62,149.0,8877.0,189.0,159.0,2683.0,115.0,-1856.0,-3861.0,0.0,0.0,1050.0,1050.0,13570.0,12760.0,723.0,1851.0,11791.0,11661.0,208.0,208.0,8155762
CENTRE VAL DE LOIRE,2021-11-22 20:00:00,2021,326,20:00:00,326.83,73.0,7014.0,986.0,0.0,10.0,61.0,0.0,-5287.0,0.0,0.0,229.0,229.0,11630.0,10735.0,1360.0,664.0,92.0,92.0,90.0,90.0,2573303
PAYS DE LA LOIRE,2022-11-02 16:00:00,2022,306,16:00:00,306.67,438.0,0.0,831.0,143.0,0.0,60.0,0.0,1361.0,0.0,0.0,2068.0,1778.0,0.0,0.0,1684.0,929.0,10.0,10.0,80.0,80.0,3878839
PAYS DE LA LOIRE,2016-02-15 02:30:00,2016,46,02:30:00,46.1,260.0,0.0,269.0,0.0,3.0,36.0,0.0,2972.0,0.0,0.0,1880.0,1488.0,0.0,0.0,612.0,458.0,8.0,8.0,61.0,61.0,3737632
PROVENCE ALPES COTE D AZUR,2016-02-22 19:30:00,2016,53,19:30:00,53.81,981.0,0.0,0.0,0.0,1732.0,122.0,0.0,3478.0,0.0,0.0,2614.0,2350.0,0.0,0.0,48.0,990.0,3178.0,3056.0,204.0,204.0,5021928
BOURGOGNE FRANCHE COMTE,2014-01-30 07:30:00,2014,30,07:30:00,30.31,119.0,0.0,12.0,0.0,173.0,19.0,0.0,3094.0,0.0,0.0,313.0,68.0,0.0,0.0,230.0,242.0,507.0,507.0,25.0,25.0,2820623
NOUVELLE AQUITAINE,2016-07-19 05:00:00,2016,201,05:00:00,201.21,35.0,4671.0,122.0,-1.0,78.0,153.0,0.0,-1354.0,0.0,0.0,429.0,429.0,6630.0,5720.0,579.0,1876.0,1779.0,1661.0,280.0,280.0,5935603
PAYS DE LA LOIRE,2022-07-23 14:30:00,2022,204,14:30:00,204.6,0.0,0.0,20.0,586.0,0.0,62.0,0.0,1601.0,0.0,0.0,2068.0,1592.0,0.0,0.0,1662.0,864.0,10.0,10.0,80.0,80.0,3878839
CENTRE VAL DE LOIRE,2018-10-30 21:00:00,2018,303,21:00:00,303.88,14.0,7052.0,346.0,0.0,0.0,64.0,0.0,-4920.0,0.0,0.0,222.0,222.0,11630.0,10672.0,1060.0,302.0,91.0,91.0,84.0,84.0,2572853
HAUTS DE FRANCE,2016-10-19 06:00:00,2016,293,06:00:00,293.25,1516.0,2752.0,733.0,0.0,1.0,98.0,0.0,394.0,0.0,0.0,2875.0,2592.0,5460.0,4550.0,3189.0,214.0,5.0,5.0,164.0,164.0,6006870
AUVERGNE RHONE ALPES,2016-12-02 04:30:00,2016,337,04:30:00,337.19,775.0,8642.0,125.0,0.0,1525.0,140.0,-1456.0,-669.0,0.0,0.0,982.0,982.0,13570.0,12678.0,411.0,935.0,11231.0,10968.0,177.0,177.0,7916889
AUVERGNE RHONE ALPES,2022-01-13 22:30:00,2022,13,22:30:00,13.94,638.0,12554.0,61.0,0.0,3273.0,122.0,-81.0,-5814.0,0.0,0.0,1048.0,1048.0,13570.0,12818.0,723.0,1626.0,11779.0,11646.0,208.0,208.0,8155762
PAYS DE LA LOIRE,2023-01-04 20:30:00,2023,4,20:30:00,4.85,169.0,0.0,1166.0,0.0,6.0,58.0,0.0,2089.0,0.0,0.0,2068.0,1730.0,0.0,0.0,1707.0,941.0,10.0,10.0,80.0,80.0,3907426
NOUVELLE AQUITAINE,2013-01-12 23:00:00,2013,12,23:00:00,12.96,254.0,6594.0,37.0,0.0,470.0,138.0,0.0,-1133.0,0.0,0.0,418.0,418.0,6630.0,6630.0,356.0,943.0,1757.0,1757.0,208.0,208.0,5844177
OCCITANIE,2021-10-08 16:30:00,2021,281,16:30:00,281.69,9.0,1231.0,133.0,1123.0,743.0,82.0,0.0,116.0,0.0,0.0,325.0,325.0,2620.0,2620.0,1593.0,2691.0,5499.0,5464.0,173.0,173.0,6022176
GRAND EST,2017-02-25 16:30:00,2017,56,16:30:00,56.69,1828.0,8687.0,292.0,115.0,495.0,109.0,-543.0,-5700.0,0.0,0.0,3453.0,2858.0,10820.0,9495.0,2864.0,535.0,2297.0,2083.0,140.0,140.0,5549586
NORMANDIE,2017-05-06 06:30:00,2017,126,06:30:00,126.27,276.0,5495.0,135.0,0.0,15.0,57.0,0.0,-3394.0,0.0,0.0,785.0,205.0,10640.0,9454.0,622.0,222.0,31.0,31.0,98.0,98.0,3330478
PROVENCE ALPES COTE D AZUR,2017-07-10 10:30:00,2017,191,10:30:00,191.44,1341.0,0.0,1.0,566.0,974.0,166.0,0.0,1778.0,0.0,0.0,2630.0,2237.0,0.0,0.0,48.0,1149.0,3220.0,3096.0,354.0,354.0,5030890
PROVENCE ALPES COTE D AZUR,2017-08-06 01:30:00,2017,218,01:30:00,218.06,9.0,0.0,20.0,0.0,784.0,153.0,0.0,3229.0,0.0,0.0,2630.0,2207.0,0.0,0.0,48.0,1152.0,3220.0,3094.0,354.0,354.0,5030890
PAYS DE LA LOIRE,2014-01-06 03:00:00,2014,6,03:00:00,6.12,122.0,0.0,462.0,0.0,3.0,44.0,0.0,2398.0,0.0,0.0,1864.0,1284.0,0.0,0.0,518.0,400.0,6.0,6.0,58.0,58.0,3690833
ILE DE FRANCE,2016-01-09 23:00:00,2016,9,23:00:00,9.96,408.0,0.0,17.0,0.0,13.0,139.0,0.0,9398.0,0.0,0.0,2149.0,1764.0,0.0,0.0,61.0,114.0,19.0,19.0,300.0,300.0,12117132
GRAND EST,2015-06-21 18:00:00,2015,172,18:00:00,172.75,33.0,8534.0,755.0,114.0,1266.0,69.0,0.0,-7166.0,0.0,0.0,3420.0,3132.0,10820.0,9767.0,2386.0,524.0,2284.0,2082.0,119.0,119.0,5559051
BRETAGNE,2021-10-10 23:30:00,2021,283,23:30:00,283.98,6.0,0.0,184.0,0.0,0.0,39.0,-40.0,1682.0,0.0,0.0,1428.0,1428.0,0.0,0.0,1106.0,346.0,272.0,272.0,82.0,82.0,3394567
HAUTS DE FRANCE,2018-03-15 01:00:00,2018,74,01:00:00,74.04,382.0,4562.0,2441.0,0.0,2.0,118.0,0.0,-1435.0,0.0,0.0,2922.0,2691.0,5460.0,4550.0,3819.0,218.0,5.0,5.0,170.0,170.0,6004108
GRAND EST,2015-06-14 10:00:00,2015,165,10:00:00,165.42,32.0,7839.0,175.0,172.0,1148.0,63.0,-511.0,-5158.0,0.0,0.0,3420.0,3132.0,10820.0,9517.0,2386.0,524.0,2284.0,2284.0,115.0,115.0,5559051
NORMANDIE,2016-02-25 04:30:00,2016,56,04:30:00,56.19,648.0,7733.0,46.0,0.0,16.0,56.0,0.0,-4737.0,0.0,0.0,773.0,773.0,10640.0,9310.0,538.0,217.0,31.0,31.0,95.0,95.0,3335929
OCCITANIE,2019-07-22 05:30:00,2019,203,05:30:00,203.23,0.0,1964.0,52.0,0.0,373.0,98.0,-431.0,1113.0,0.0,0.0,307.0,307.0,2620.0,2620.0,1559.0,2080.0,5489.0,5299.0,146.0,146.0,5933185
CENTRE VAL DE LOIRE,2021-03-04 22:30:00,2021,63,22:30:00,63.94,88.0,8839.0,265.0,0.0,20.0,57.0,0.0,-7131.0,0.0,0.0,229.0,229.0,11630.0,10320.0,1278.0,482.0,92.0,92.0,88.0,88.0,2573303
NOUVELLE AQUITAINE,2015-10-26 13:00:00,2015,299,13:00:00,299.54,61.0,5570.0,197.0,917.0,128.0,139.0,0.0,-1718.0,0.0,0.0,427.0,427.0,6630.0,5720.0,534.0,1771.0,1777.0,1777.0,239.0,239.0,5911482
CENTRE VAL DE LOIRE,2020-08-02 18:30:00,2020,215,18:30:00,215.77,11.0,5672.0,152.0,97.0,1.0,64.0,0.0,-4550.0,0.0,0.0,229.0,229.0,11630.0,10705.0,1256.0,377.0,92.0,92.0,88.0,88.0,2574863
AUVERGNE RHONE ALPES,2021-12-05 19:30:00,2021,339,19:30:00,339.81,598.0,11690.0,233.0,0.0,3985.0,120.0,-5.0,-6971.0,0.0,0.0,1048.0,1048.0,13570.0,12669.0,723.0,1586.0,11779.0,11651.0,208.0,208.0,8114361
NOUVELLE AQUITAINE,2013-06-02 15:00:00,2013,153,15:00:00,153.62,29.0,2490.0,96.0,384.0,764.0,132.0,0.0,-159.0,0.0,0.0,421.0,421.0,6630.0,6630.0,356.0,970.0,1759.0,1759.0,210.0,210.0,5844177
GRAND EST,2022-04-19 12:30:00,2022,109,12:30:00,109.52,920.0,5050.0,47.0,663.0,714.0,151.0,-341.0,-1840.0,0.0,0.0,3590.0,3163.0,10820.0,9709.0,4254.0,1004.0,2306.0,2104.0,235.0,235.0,5563889
PAYS DE LA LOIRE,2020-09-01 06:00:00,2020,245,06:00:00,245.25,551.0,0.0,69.0,0.0,0.0,61.0,0.0,1536.0,0.0,0.0,2050.0,1731.0,0.0,0.0,1012.0,658.0,10.0,10.0,77.0,77.0,3832120
OCCITANIE,2018-05-14 05:30:00,2018,134,05:30:00,134.23,0.0,2395.0,928.0,0.0,1640.0,89.0,-715.0,-919.0,0.0,0.0,291.0,291.0,2620.0,1310.0,1389.0,1891.0,5482.0,5295.0,146.0,146.0,5885496
BRETAGNE,2014-11-26 22:30:00,2014,330,22:30:00,330.94,88.0,0.0,8.0,0.0,13.0,41.0,-36.0,2588.0,0.0,0.0,712.0,712.0,0.0,0.0,781.0,217.0,272.0,272.0,52.0,52.0,3276543
BRETAGNE,2017-02-13 15:00:00,2017,44,15:00:00,44.62,201.0,0.0,498.0,37.0,233.0,38.0,-1.0,2426.0,0.0,0.0,848.0,848.0,0.0,0.0,877.0,233.0,275.0,275.0,58.0,58.0,3318904
CENTRE VAL DE LOIRE,2019-07-22 16:00:00,2019,203,16:00:00,203.67,4.0,8074.0,5.0,180.0,0.0,46.0,0.0,-6248.0,0.0,0.0,229.0,229.0,11630.0,10653.0,1168.0,321.0,91.0,91.0,85.0,85.0,2573180
PAYS DE LA LOIRE,2016-05-29 11:00:00,2016,150,11:00:00,150.46,14.0,0.0,22.0,52.0,3.0,31.0,0.0,1997.0,0.0,0.0,1880.0,1337.0,0.0,0.0,649.0,466.0,8.0,8.0,62.0,62.0,3737632
NORMANDIE,2018-04-02 06:00:00,2018,92,06:00:00,92.25,235.0,6929.0,420.0,0.0,17.0,35.0,0.0,-4527.0,0.0,0.0,813.0,813.0,10640.0,9564.0,712.0,234.0,31.0,31.0,103.0,103.0,3327477
PROVENCE ALPES COTE D AZUR,2013-12-26 08:30:00,2013,360,08:30:00,360.35,316.0,0.0,16.0,1.0,1022.0,61.0,-2.0,3730.0,0.0,0.0,2592.0,2211.0,0.0,0.0,45.0,782.0,3160.0,3160.0,151.0,151.0,4953675
BRETAGNE,2015-05-29 14:00:00,2015,149,14:00:00,149.58,0.0,0.0,430.0,72.0,3.0,36.0,-2.0,1860.0,0.0,0.0,724.0,639.0,0.0,0.0,801.0,220.0,272.0,272.0,55.0,55.0,3293850
OCCITANIE,2017-11-25 13:00:00,2017,329,13:00:00,329.54,71.0,2471.0,917.0,529.0,424.0,100.0,-826.0,1248.0,0.0,0.0,282.0,282.0,2620.0,2620.0,1285.0,1778.0,5477.0,5250.0,145.0,145.0,5845102
HAUTS DE FRANCE,2014-09-10 05:30:00,2014,253,05:30:00,253.23,254.0,4505.0,264.0,0.0,1.0,81.0,0.0,-412.0,0.0,0.0,2289.0,2289.0,5460.0,5460.0,2399.0,212.0,5.0,5.0,139.0,139.0,6006156
BOURGOGNE FRANCHE COMTE,2022-11-21 15:00:00,2022,325,15:00:00,325.62,127.0,0.0,420.0,28.0,280.0,54.0,0.0,1872.0,0.0,0.0,401.0,401.0,0.0,0.0,1067.0,629.0,524.0,524.0,75.0,75.0,2797366
GRAND EST,2018-02-24 14:00:00,2018,55,14:00:00,55.58,1299.0,9621.0,2384.0,668.0,932.0,102.0,0.0,-8139.0,0.0,0.0,3471.0,2876.0,10820.0,9868.0,3053.0,552.0,2300.0,2072.0,146.0,146.0,5550389
OCCITANIE,2016-08-30 02:30:00,2016,243,02:30:00,243.1,0.0,2513.0,367.0,0.0,384.0,94.0,-621.0,408.0,0.0,0.0,266.0,266.0,2620.0,2620.0,1142.0,1624.0,5463.0,5206.0,139.0,139.0,5808435
ILE DE FRANCE,2014-05-16 19:30:00,2014,136,19:30:00,136.81,-3.0,0.0,7.0,8.0,8.0,142.0,0.0,7716.0,0.0,0.0,2122.0,2122.0,0.0,0.0,37.0,111.0,19.0,19.0,282.0,282.0,12027565
AUVERGNE RHONE ALPES,2022-01-23 14:30:00,2022,23,14:30:00,23.6,671.0,12525.0,76.0,390.0,1623.0,122.0,-1302.0,-4658.0,0.0,0.0,1048.0,1048.0,13570.0,12772.0,723.0,1628.0,11780.0,11655.0,208.0,208.0,8155762
BOURGOGNE FRANCHE COMTE,2016-05-05 19:30:00,2016,126,19:30:00,126.81,29.0,0.0,64.0,23.0,101.0,18.0,0.0,1627.0,0.0,0.0,329.0,329.0,0.0,0.0,426.0,264.0,513.0,513.0,30.0,30.0,2818338
AUVERGNE RHONE ALPES,2013-06-12 23:30:00,2013,163,23:30:00,163.98,50.0,9926.0,22.0,0.0,5919.0,62.0,-7.0,-9136.0,0.0,0.0,919.0,919.0,13570.0,13570.0,335.0,718.0,11116.0,11116.0,106.0,106.0,7757595
BOURGOGNE FRANCHE COMTE,2014-06-13 04:00:00,2014,164,04:00:00,164.17,16.0,0.0,31.0,0.0,14.0,13.0,0.0,1598.0,0.0,0.0,313.0,68.0,0.0,0.0,254.0,247.0,508.0,508.0,26.0,26.0,2820623
ILE DE FRANCE,2017-03-13 16:30:00,2017,72,16:30:00,72.69,378.0,0.0,9.0,13.0,5.0,115.0,0.0,8065.0,0.0,0.0,2149.0,1640.0,0.0,0.0,73.0,116.0,19.0,19.0,301.0,301.0,12174880
CENTRE VAL DE LOIRE,2022-03-26 23:00:00,2022,85,23:00:00,85.96,26.0,5502.0,781.0,0.0,10.0,52.0,0.0,-4606.0,0.0,0.0,229.0,229.0,11630.0,10697.0,1381.0,708.0,92.0,92.0,90.0,90.0,2572916
HAUTS DE FRANCE,2014-01-28 11:30:00,2014,28,11:30:00,28.48,544.0,5471.0,1151.0,8.0,2.0,95.0,0.0,980.0,0.0,0.0,2278.0,2278.0,5460.0,5460.0,2245.0,211.0,5.0,5.0,139.0,139.0,6006156
NORMANDIE,2014-09-10 13:00:00,2014,253,13:00:00,253.54,237.0,7531.0,83.0,66.0,13.0,69.0,0.0,-5000.0,0.0,0.0,761.0,181.0,10640.0,10640.0,489.0,213.0,24.0,24.0,91.0,91.0,3335645
PROVENCE ALPES COTE D AZUR,2017-03-22 10:30:00,2017,81,10:30:00,81.44,1865.0,0.0,1.0,546.0,1214.0,118.0,0.0,714.0,0.0,0.0,2630.0,2268.0,0.0,0.0,48.0,1060.0,3193.0,2979.0,354.0,354.0,5030890
PAYS DE LA LOIRE,2019-05-02 09:30:00,2019,122,09:30:00,122.4,447.0,0.0,83.0,112.0,2.0,48.0,0.0,2692.0,0.0,0.0,2037.0,1783.0,0.0,0.0,909.0,574.0,8.0,8.0,70.0,70.0,3806461
AUVERGNE RHONE ALPES,2013-09-03 14:00:00,2013,246,14:00:00,246.58,47.0,9018.0,8.0,314.0,3150.0,51.0,-19.0,-5081.0,0.0,0.0,919.0,919.0,13570.0,13570.0,335.0,728.0,11122.0,11122.0,108.0,108.0,7757595
BOURGOGNE FRANCHE COMTE,2019-05-03 19:30:00,2019,123,19:30:00,123.81,59.0,0.0,84.0,24.0,88.0,43.0,-1.0,2121.0,0.0,0.0,401.0,401.0,0.0,0.0,821.0,334.0,520.0,520.0,67.0,67.0,2805580
HAUTS DE FRANCE,2014-02-02 17:30:00,2014,33,17:30:00,33.73,572.0,5460.0,275.0,0.0,2.0,85.0,0.0,-314.0,0.0,0.0,2278.0,2278.0,5460.0,5460.0,2245.0,211.0,5.0,5.0,139.0,139.0,6006156
BRETAGNE,2015-10-07 20:30:00,2015,280,20:30:00,280.85,1.0,0.0,26.0,0.0,43.0,34.0,-1.0,2367.0,0.0,0.0,724.0,639.0,0.0,0.0,809.0,222.0,275.0,275.0,55.0,55.0,3293850
HAUTS DE FRANCE,2022-05-27 06:00:00,2022,147,06:00:00,147.25,726.0,3652.0,1126.0,0.0,2.0,123.0,0.0,-1355.0,0.0,0.0,2993.0,2478.0,5460.0,4550.0,5774.0,442.0,6.0,6.0,196.0,196.0,5990765
AUVERGNE RHONE ALPES,2018-04-02 02:00:00,2018,92,02:00:00,92.08,21.0,8413.0,110.0,0.0,2776.0,107.0,-1659.0,-2077.0,0.0,0.0,1000.0,1000.0,13570.0,12545.0,578.0,1026.0,11259.0,11048.0,179.0,179.0,7994459
OCCITANIE,2018-04-30 12:30:00,2018,120,12:30:00,120.52,0.0,1247.0,40.0,928.0,1684.0,79.0,-91.0,510.0,0.0,0.0,291.0,291.0,2620.0,1310.0,1386.0,1890.0,5482.0,5278.0,146.0,146.0,5885496
BRETAGNE,2020-12-30 23:00:00,2020,365,23:00:00,365.96,231.0,0.0,266.0,1.0,122.0,50.0,-1.0,2949.0,0.0,0.0,981.0,981.0,0.0,0.0,1047.0,296.0,272.0,272.0,81.0,81.0,3373835
AUVERGNE RHONE ALPES,2017-06-24 03:30:00,2017,175,03:30:00,175.15,32.0,6338.0,57.0,0.0,2607.0,93.0,-994.0,-2365.0,0.0,0.0,985.0,584.0,13570.0,12653.0,486.0,951.0,11246.0,11059.0,178.0,178.0,7948287
OCCITANIE,2015-10-24 19:30:00,2015,297,19:30:00,297.81,-4.0,2544.0,5.0,0.0,1524.0,86.0,0.0,329.0,0.0,0.0,266.0,0.0,2620.0,2620.0,1039.0,1461.0,5456.0,5169.0,137.0,137.0,5774185
BRETAGNE,2021-10-22 04:00:00,2021,295,04:00:00,295.17,45.0,0.0,49.0,0.0,210.0,53.0,-1.0,1619.0,0.0,0.0,1428.0,1428.0,0.0,0.0,1106.0,348.0,272.0,272.0,82.0,82.0,3394567
CENTRE VAL DE LOIRE,2016-02-12 20:00:00,2016,43,20:00:00,43.83,80.0,11461.0,272.0,0.0,53.0,48.0,0.0,-8913.0,0.0,0.0,170.0,170.0,11630.0,11080.0,844.0,243.0,91.0,91.0,71.0,71.0,2577866
PROVENCE ALPES COTE D AZUR,2017-07-19 00:30:00,2017,200,00:30:00,200.02,1068.0,0.0,4.0,0.0,856.0,111.0,0.0,2167.0,0.0,0.0,2630.0,2257.0,0.0,0.0,48.0,1150.0,3220.0,3094.0,354.0,354.0,5030890
CENTRE VAL DE LOIRE,2016-10-02 06:00:00,2016,276,06:00:00,276.25,3.0,6943.0,287.0,0.0,0.0,53.0,0.0,-6077.0,0.0,0.0,170.0,170.0,11630.0,10737.0,896.0,260.0,91.0,91.0,71.0,71.0,2577866
GRAND EST,2015-01-10 09:30:00,2015,10,09:30:00,10.4,224.0,11678.0,2015.0,7.0,1170.0,83.0,-6.0,-9704.0,0.0,0.0,3400.0,3200.0,10820.0,10510.0,2340.0,522.0,2284.0,2284.0,107.0,107.0,5559051
BRETAGNE,2018-03-30 08:30:00,2018,89,08:30:00,89.35,231.0,0.0,25.0,0.0,22.0,40.0,-2.0,3401.0,0.0,0.0,904.0,904.0,0.0,0.0,951.0,252.0,270.0,270.0,68.0,68.0,3335414
CENTRE VAL DE LOIRE,2019-12-22 18:00:00,2019,356,18:00:00,356.75,107.0,5875.0,702.0,0.0,45.0,58.0,0.0,-4427.0,0.0,0.0,229.0,229.0,11630.0,10703.0,1223.0,348.0,91.0,91.0,86.0,86.0,2573180
OCCITANIE,2020-02-21 16:30:00,2020,52,16:30:00,52.69,94.0,2503.0,755.0,575.0,1514.0,93.0,-47.0,-1054.0,0.0,0.0,308.0,308.0,2620.0,2620.0,1579.0,2173.0,5491.0,5336.0,171.0,171.0,5973969
CENTRE VAL DE LOIRE,2014-06-24 21:30:00,2014,175,21:30:00,175.9,2.0,8447.0,152.0,2.0,10.0,43.0,0.0,-6804.0,0.0,0.0,162.0,162.0,11630.0,11630.0,801.0,216.0,91.0,91.0,56.0,56.0,2577435
ILE DE FRANCE,2015-05-19 10:30:00,2015,139,10:30:00,139.44,446.0,0.0,10.0,28.0,6.0,89.0,0.0,7950.0,0.0,0.0,2144.0,1851.0,0.0,0.0,37.0,113.0,19.0,19.0,286.0,286.0,12082144
NORMANDIE,2020-04-03 12:30:00,2020,94,12:30:00,94.52,183.0,6412.0,24.0,67.0,13.0,61.0,0.0,-3434.0,0.0,0.0,833.0,833.0,10640.0,9310.0,816.0,263.0,31.0,31.0,110.0,110.0,3325522
ILE DE FRANCE,2019-12-08 21:30:00,2019,342,21:30:00,342.9,320.0,0.0,85.0,0.0,10.0,136.0,0.0,8850.0,0.0,0.0,2170.0,2170.0,0.0,0.0,108.0,143.0,20.0,20.0,314.0,314.0,12262544
PROVENCE ALPES COTE D AZUR,2022-07-07 17:30:00,2022,188,17:30:00,188.73,1109.0,0.0,60.0,902.0,599.0,84.0,0.0,2322.0,0.0,0.0,2724.0,2356.0,0.0,0.0,96.0,1850.0,3267.0,3219.0,357.0,357.0,5150362
HAUTS DE FRANCE,2015-06-26 01:30:00,2015,177,01:30:00,177.06,255.0,4433.0,100.0,0.0,1.0,109.0,0.0,147.0,0.0,0.0,2301.0,1970.0,5460.0,4550.0,2734.0,213.0,5.0,5.0,160.0,160.0,6009976
PROVENCE ALPES COTE D AZUR,2014-10-15 20:00:00,2014,288,20:00:00,288.83,624.0,0.0,0.0,0.0,1455.0,51.0,0.0,2520.0,0.0,0.0,2593.0,2319.0,0.0,0.0,45.0,874.0,3168.0,3168.0,170.0,170.0,4983438
BRETAGNE,2013-06-10 18:30:00,2013,161,18:30:00,161.77,1.0,0.0,84.0,48.0,1.0,16.0,-2.0,2069.0,0.0,0.0,660.0,660.0,0.0,0.0,722.0,204.0,11.0,11.0,37.0,37.0,3258707
NOUVELLE AQUITAINE,2017-12-25 07:00:00,2017,359,07:00:00,359.29,161.0,4946.0,50.0,-1.0,398.0,167.0,0.0,-270.0,0.0,0.0,478.0,478.0,6630.0,5455.0,882.0,2219.0,1781.0,1781.0,307.0,307.0,5956978
BOURGOGNE FRANCHE COMTE,2022-08-09 18:30:00,2022,221,18:30:00,221.77,0.0,0.0,468.0,166.0,10.0,54.0,0.0,1139.0,0.0,0.0,401.0,401.0,0.0,0.0,1067.0,594.0,524.0,524.0,75.0,75.0,2797366
OCCITANIE,2021-06-29 10:00:00,2021,180,10:00:00,180.42,0.0,1256.0,498.0,765.0,1369.0,65.0,-22.0,-89.0,0.0,0.0,318.0,318.0,2620.0,2620.0,1593.0,2592.0,5499.0,5332.0,172.0,172.0,6022176
ILE DE FRANCE,2014-04-22 15:30:00,2014,112,15:30:00,112.65,385.0,0.0,1.0,24.0,10.0,123.0,0.0,7388.0,0.0,0.0,2122.0,2122.0,0.0,0.0,37.0,111.0,19.0,19.0,282.0,282.0,12027565
GRAND EST,2021-12-06 08:00:00,2021,340,08:00:00,340.33,2069.0,8082.0,10.0,1.0,1284.0,143.0,0.0,-4736.0,0.0,0.0,3590.0,3590.0,10820.0,10076.0,4144.0,957.0,2305.0,2103.0,210.0,210.0,5561287
OCCITANIE,2013-01-27 19:30:00,2013,27,19:30:00,27.81,80.0,2604.0,20.0,0.0,2951.0,64.0,0.0,585.0,0.0,0.0,245.0,245.0,2620.0,2620.0,861.0,1043.0,5369.0,5369.0,126.0,126.0,5683878
CENTRE VAL DE LOIRE,2019-07-19 23:30:00,2019,200,23:30:00,200.98,0.0,7750.0,4.0,0.0,0.0,64.0,0.0,-5845.0,0.0,0.0,229.0,229.0,11630.0,10657.0,1168.0,321.0,91.0,91.0,85.0,85.0,2573180
HAUTS DE FRANCE,2019-10-13 21:00:00,2019,286,21:00:00,286.88,739.0,2672.0,922.0,0.0,1.0,123.0,0.0,643.0,0.0,0.0,2969.0,2802.0,5460.0,4550.0,4636.0,238.0,5.0,5.0,178.0,178.0,6004947
PROVENCE ALPES COTE D AZUR,2020-11-02 16:30:00,2020,307,16:30:00,307.69,805.0,0.0,2.0,117.0,921.0,106.0,0.0,2322.0,0.0,0.0,2714.0,2386.0,0.0,0.0,48.0,1536.0,3262.0,3231.0,357.0,357.0,5098666
PAYS DE LA LOIRE,2015-04-17 04:00:00,2015,107,04:00:00,107.17,19.0,0.0,63.0,0.0,3.0,37.0,0.0,1987.0,0.0,0.0,1867.0,1234.0,0.0,0.0,545.0,446.0,7.0,7.0,59.0,59.0,3718512
AUVERGNE RHONE ALPES,2013-01-12 14:30:00,2013,12,14:30:00,12.6,276.0,13357.0,44.0,60.0,3173.0,79.0,-325.0,-7494.0,0.0,0.0,914.0,914.0,13570.0,13570.0,335.0,705.0,11114.0,11114.0,105.0,105.0,7757595
NOUVELLE AQUITAINE,2014-07-31 14:30:00,2014,212,14:30:00,212.6,26.0,4027.0,2.0,580.0,267.0,128.0,0.0,163.0,0.0,0.0,421.0,421.0,6630.0,5720.0,447.0,1192.0,1772.0,1772.0,220.0,220.0,5879144
BOURGOGNE FRANCHE COMTE,2022-07-09 13:00:00,2022,190,13:00:00,190.54,0.0,0.0,135.0,355.0,52.0,57.0,0.0,1480.0,0.0,0.0,401.0,401.0,0.0,0.0,1049.0,564.0,524.0,524.0,75.0,75.0,2797366
PAYS DE LA LOIRE,2016-09-13 10:00:00,2016,257,10:00:00,257.42,385.0,0.0,156.0,94.0,0.0,32.0,0.0,2471.0,0.0,0.0,1880.0,1311.0,0.0,0.0,678.0,479.0,8.0,8.0,63.0,63.0,3737632
BOURGOGNE FRANCHE COMTE,2017-04-12 17:00:00,2017,102,17:00:00,102.71,55.0,0.0,49.0,109.0,29.0,18.0,0.0,2152.0,0.0,0.0,331.0,331.0,0.0,0.0,605.0,267.0,519.0,519.0,31.0,31.0,2811423
AUVERGNE RHONE ALPES,2022-05-02 02:00:00,2022,122,02:00:00,122.08,12.0,6225.0,82.0,0.0,2335.0,122.0,-5.0,-3432.0,0.0,0.0,1048.0,647.0,13570.0,12672.0,723.0,1678.0,11781.0,11610.0,208.0,208.0,8155762
GRAND EST,2018-01-27 05:00:00,2018,27,05:00:00,27.21,256.0,11518.0,79.0,0.0,1124.0,99.0,-536.0,-7486.0,0.0,0.0,3471.0,3471.0,10820.0,9940.0,3053.0,552.0,2300.0,2002.0,145.0,145.0,5550389
HAUTS DE FRANCE,2021-12-04 00:30:00,2021,338,00:30:00,338.02,1900.0,3570.0,597.0,0.0,2.0,119.0,0.0,655.0,0.0,0.0,2990.0,2990.0,5460.0,4550.0,5609.0,435.0,5.0,5.0,190.0,190.0,5995292
BRETAGNE,2022-07-13 01:30:00,2022,194,01:30:00,194.06,468.0,0.0,90.0,0.0,207.0,55.0,-1.0,1123.0,0.0,0.0,1432.0,1357.0,0.0,0.0,1191.0,376.0,272.0,272.0,82.0,82.0,3414637
NORMANDIE,2014-03-06 17:00:00,2014,65,17:00:00,65.71,735.0,6470.0,42.0,25.0,19.0,59.0,0.0,-4145.0,0.0,0.0,761.0,761.0,10640.0,10640.0,444.0,211.0,24.0,24.0,89.0,89.0,3335645
PAYS DE LA LOIRE,2019-05-04 14:00:00,2019,124,14:00:00,124.58,22.0,0.0,582.0,175.0,2.0,45.0,0.0,1979.0,0.0,0.0,2037.0,1783.0,0.0,0.0,909.0,574.0,8.0,8.0,70.0,70.0,3806461
GRAND EST,2020-05-19 12:00:00,2020,140,12:00:00,140.5,989.0,5766.0,39.0,379.0,802.0,123.0,0.0,-3233.0,0.0,0.0,3535.0,3057.0,10820.0,9531.0,3606.0,621.0,2303.0,1932.0,183.0,183.0,5562651
BOURGOGNE FRANCHE COMTE,2013-08-17 23:00:00,2013,229,23:00:00,229.96,24.0,0.0,15.0,0.0,137.0,12.0,0.0,1471.0,0.0,0.0,301.0,301.0,0.0,0.0,204.0,240.0,480.0,480.0,25.0,25.0,2819783
NORMANDIE,2014-03-03 20:00:00,2014,62,20:00:00,62.83,955.0,6322.0,9.0,0.0,18.0,57.0,0.0,-3136.0,0.0,0.0,761.0,761.0,10640.0,10640.0,444.0,211.0,24.0,24.0,89.0,89.0,3335645
ILE DE FRANCE,2019-09-16 18:00:00,2019,259,18:00:00,259.75,1.0,0.0,5.0,23.0,5.0,127.0,0.0,7264.0,0.0,0.0,2170.0,2053.0,0.0,0.0,108.0,143.0,20.0,20.0,314.0,314.0,12262544
NOUVELLE AQUITAINE,2022-10-15 16:30:00,2022,288,16:30:00,288.69,73.0,2186.0,433.0,733.0,38.0,196.0,0.0,110.0,0.0,0.0,579.0,579.0,6630.0,5659.0,1592.0,3802.0,1786.0,1668.0,356.0,356.0,6098051
HAUTS DE FRANCE,2015-12-20 21:00:00,2015,354,21:00:00,354.88,462.0,5321.0,1272.0,0.0,2.0,124.0,0.0,-1469.0,0.0,0.0,2301.0,2051.0,5460.0,5460.0,2878.0,213.0,5.0,5.0,160.0,160.0,6009976
GRAND EST,2015-10-04 23:30:00,2015,277,23:30:00,277.98,357.0,8165.0,623.0,0.0,791.0,69.0,0.0,-5778.0,0.0,0.0,3420.0,3199.0,10820.0,9450.0,2504.0,525.0,2285.0,2285.0,119.0,119.0,5559051
GRAND EST,2018-06-04 15:00:00,2018,155,15:00:00,155.62,32.0,8139.0,36.0,482.0,1081.0,98.0,0.0,-4483.0,0.0,0.0,3471.0,3019.0,10820.0,9620.0,3084.0,555.0,2300.0,1982.0,156.0,156.0,5550389
CENTRE VAL DE LOIRE,2016-06-18 10:30:00,2016,170,10:30:00,170.44,0.0,7691.0,34.0,86.0,6.0,52.0,0.0,-6240.0,0.0,0.0,170.0,170.0,11630.0,10884.0,874.0,250.0,91.0,91.0,71.0,71.0,2577866
PROVENCE ALPES COTE D AZUR,2021-12-23 13:00:00,2021,357,13:00:00,357.54,1433.0,0.0,1.0,356.0,864.0,56.0,0.0,3961.0,0.0,0.0,2724.0,2460.0,0.0,0.0,96.0,1748.0,3266.0,3222.0,357.0,357.0,5127840
NORMANDIE,2018-10-16 19:00:00,2018,289,19:00:00,289.79,210.0,7571.0,40.0,0.0,11.0,51.0,0.0,-4862.0,0.0,0.0,821.0,241.0,10640.0,9601.0,736.0,251.0,31.0,31.0,104.0,104.0,3327477
PAYS DE LA LOIRE,2016-09-20 00:30:00,2016,264,00:30:00,264.02,419.0,0.0,70.0,0.0,0.0,40.0,0.0,2098.0,0.0,0.0,1880.0,1289.0,0.0,0.0,687.0,479.0,8.0,8.0,63.0,63.0,3737632
GRAND EST,2022-03-27 21:00:00,2022,86,21:00:00,86.88,1681.0,3714.0,279.0,0.0,560.0,153.0,0.0,-1781.0,0.0,0.0,3590.0,3590.0,10820.0,9756.0,4235.0,1001.0,2306.0,2104.0,212.0,212.0,5563889
NOUVELLE AQUITAINE,2022-04-06 13:00:00,2022,96,13:00:00,96.54,93.0,2758.0,368.0,730.0,681.0,163.0,0.0,1397.0,0.0,0.0,578.0,578.0,6630.0,5369.0,1429.0,3579.0,1784.0,1674.0,356.0,356.0,6098051
PROVENCE ALPES COTE D AZUR,2019-01-13 22:30:00,2019,13,22:30:00,13.94,225.0,0.0,10.0,0.0,552.0,95.0,0.0,4872.0,0.0,0.0,2673.0,2296.0,0.0,0.0,48.0,1325.0,3235.0,3111.0,357.0,207.0,5081101
BOURGOGNE FRANCHE COMTE,2019-02-20 08:30:00,2019,51,08:30:00,51.35,173.0,0.0,21.0,15.0,317.0,31.0,0.0,2823.0,0.0,0.0,401.0,401.0,0.0,0.0,800.0,331.0,520.0,520.0,66.0,66.0,2805580
BOURGOGNE FRANCHE COMTE,2015-01-03 16:30:00,2015,3,16:30:00,3.69,106.0,0.0,267.0,0.0,67.0,22.0,0.0,2307.0,0.0,0.0,325.0,80.0,0.0,0.0,344.0,253.0,510.0,510.0,28.0,28.0,2820940
PAYS DE LA LOIRE,2022-04-17 23:00:00,2022,107,23:00:00,107.96,0.0,0.0,129.0,0.0,4.0,63.0,0.0,2534.0,0.0,0.0,2068.0,1633.0,0.0,0.0,1137.0,833.0,10.0,10.0,80.0,80.0,3878839
OCCITANIE,2021-05-16 03:30:00,2021,136,03:30:00,136.15,0.0,1263.0,11.0,0.0,1201.0,73.0,-477.0,873.0,0.0,0.0,318.0,318.0,2620.0,2620.0,1593.0,2546.0,5499.0,5266.0,172.0,172.0,6022176
HAUTS DE FRANCE,2019-06-26 07:30:00,2019,177,07:30:00,177.31,1123.0,2976.0,686.0,7.0,1.0,119.0,0.0,93.0,0.0,0.0,2969.0,2829.0,5460.0,4596.0,4531.0,237.0,5.0,5.0,178.0,178.0,6004947
BOURGOGNE FRANCHE COMTE,2018-01-28 00:00:00,2018,28,00:00:00,28.0,156.0,0.0,142.0,0.0,168.0,27.0,0.0,2090.0,0.0,0.0,386.0,386.0,0.0,0.0,676.0,305.0,520.0,366.0,35.0,35.0,2807807
GRAND EST,2020-12-07 00:30:00,2020,342,00:30:00,342.02,1150.0,10535.0,90.0,0.0,520.0,117.0,-174.0,-6543.0,0.0,0.0,3585.0,3169.0,10820.0,9697.0,3849.0,673.0,2305.0,2103.0,192.0,192.0,5562651
HAUTS DE FRANCE,2018-05-30 18:00:00,2018,150,18:00:00,150.75,738.0,4478.0,75.0,47.0,2.0,113.0,0.0,-81.0,0.0,0.0,2922.0,2754.0,5460.0,4550.0,3865.0,220.0,5.0,5.0,170.0,170.0,6004108
BRETAGNE,2018-09-12 06:00:00,2018,255,06:00:00,255.25,1.0,0.0,53.0,0.0,145.0,45.0,-1.0,1531.0,0.0,0.0,913.0,828.0,0.0,0.0,980.0,254.0,270.0,270.0,69.0,69.0,3335414
BOURGOGNE FRANCHE COMTE,2015-01-03 16:00:00,2015,3,16:00:00,3.67,107.0,0.0,265.0,1.0,66.0,22.0,0.0,2283.0,0.0,0.0,325.0,80.0,0.0,0.0,344.0,253.0,510.0,510.0,28.0,28.0,2820940
PAYS DE LA LOIRE,2018-01-08 09:00:00,2018,8,09:00:00,8.38,291.0,0.0,432.0,0.0,2.0,39.0,0.0,3894.0,0.0,0.0,1954.0,1954.0,0.0,0.0,786.0,533.0,8.0,8.0,69.0,69.0,3781423
HAUTS DE FRANCE,2021-06-16 04:30:00,2021,167,04:30:00,167.19,848.0,2688.0,328.0,0.0,2.0,114.0,0.0,203.0,0.0,0.0,2990.0,2990.0,5460.0,5460.0,5469.0,405.0,5.0,5.0,182.0,182.0,5995292
PROVENCE ALPES COTE D AZUR,2015-01-09 02:30:00,2015,9,02:30:00,9.1,288.0,0.0,24.0,0.0,1640.0,64.0,-51.0,4045.0,0.0,0.0,2600.0,2355.0,0.0,0.0,45.0,880.0,3168.0,3168.0,183.0,183.0,5007977
AUVERGNE RHONE ALPES,2019-01-10 02:00:00,2019,10,02:00:00,10.08,283.0,12110.0,225.0,0.0,2038.0,139.0,-84.0,-4839.0,0.0,0.0,1025.0,1025.0,13570.0,12895.0,607.0,1123.0,11274.0,11095.0,189.0,189.0,8042936
HAUTS DE FRANCE,2017-05-28 01:30:00,2017,148,01:30:00,148.06,341.0,3372.0,140.0,0.0,1.0,106.0,0.0,621.0,0.0,0.0,2900.0,2325.0,5460.0,4550.0,3420.0,214.0,5.0,5.0,165.0,165.0,6003815
CENTRE VAL DE LOIRE,2013-09-14 20:00:00,2013,257,20:00:00,257.83,6.0,6317.0,303.0,0.0,0.0,25.0,0.0,-5040.0,0.0,0.0,162.0,162.0,11630.0,11630.0,717.0,212.0,91.0,91.0,56.0,56.0,2570548
HAUTS DE FRANCE,2015-09-30 17:30:00,2015,273,17:30:00,273.73,821.0,3603.0,1023.0,36.0,0.0,96.0,0.0,-19.0,0.0,0.0,2301.0,2085.0,5460.0,4550.0,2774.0,213.0,5.0,5.0,160.0,160.0,6009976
ILE DE FRANCE,2021-11-01 15:30:00,2021,305,15:30:00,305.65,440.0,0.0,65.0,20.0,9.0,153.0,0.0,6709.0,0.0,0.0,2171.0,2171.0,0.0,0.0,148.0,193.0,20.0,20.0,314.0,314.0,12317279
BRETAGNE,2015-01-09 15:30:00,2015,9,15:30:00,9.65,107.0,0.0,563.0,7.0,216.0,35.0,-1.0,2197.0,0.0,0.0,719.0,719.0,0.0,0.0,791.0,218.0,272.0,272.0,53.0,53.0,3293850
HAUTS DE FRANCE,2015-04-04 06:30:00,2015,94,06:30:00,94.27,447.0,4391.0,111.0,0.0,2.0,120.0,0.0,548.0,0.0,0.0,2301.0,2040.0,5460.0,4550.0,2713.0,213.0,5.0,5.0,159.0,159.0,6009976
OCCITANIE,2014-09-25 02:00:00,2014,268,02:00:00,268.08,1.0,1094.0,304.0,0.0,492.0,65.0,-837.0,1876.0,0.0,0.0,251.0,251.0,2620.0,2620.0,943.0,1303.0,5415.0,5415.0,132.0,132.0,5730753
OCCITANIE,2013-05-27 10:00:00,2013,147,10:00:00,147.42,-3.0,2593.0,76.0,291.0,2276.0,88.0,-16.0,-1060.0,0.0,0.0,245.0,245.0,2620.0,2620.0,861.0,1057.0,5379.0,5379.0,126.0,126.0,5683878
BOURGOGNE FRANCHE COMTE,2018-12-18 00:30:00,2018,352,00:30:00,352.02,178.0,0.0,150.0,0.0,83.0,32.0,-1.0,2370.0,0.0,0.0,401.0,401.0,0.0,0.0,746.0,329.0,520.0,443.0,65.0,65.0,2807807
NORMANDIE,2018-12-22 06:30:00,2018,356,06:30:00,356.27,359.0,6112.0,528.0,0.0,22.0,53.0,0.0,-4126.0,0.0,0.0,821.0,441.0,10640.0,9644.0,791.0,251.0,31.0,31.0,105.0,105.0,3327477
BRETAGNE,2019-08-17 16:30:00,2019,229,16:30:00,229.69,1.0,0.0,121.0,55.0,210.0,52.0,-1.0,1333.0,0.0,0.0,960.0,960.0,0.0,0.0,1021.0,268.0,270.0,270.0,74.0,74.0,3354854
GRAND EST,2018-05-05 10:00:00,2018,125,10:00:00,125.42,53.0,8065.0,799.0,363.0,1074.0,100.0,0.0,-5797.0,0.0,0.0,3471.0,2876.0,10820.0,9478.0,3068.0,554.0,2300.0,1978.0,156.0,156.0,5550389
BOURGOGNE FRANCHE COMTE,2017-04-07 02:30:00,2017,97,02:30:00,97.1,62.0,0.0,186.0,0.0,36.0,24.0,0.0,1940.0,0.0,0.0,331.0,331.0,0.0,0.0,605.0,267.0,519.0,519.0,31.0,31.0,2811423
BRETAGNE,2017-10-25 07:30:00,2017,298,07:30:00,298.31,1.0,0.0,39.0,0.0,14.0,43.0,-1.0,2468.0,0.0,0.0,863.0,863.0,0.0,0.0,934.0,246.0,270.0,270.0,66.0,66.0,3318904
BRETAGNE,2015-03-02 21:30:00,2015,61,21:30:00,61.9,107.0,0.0,132.0,0.0,80.0,31.0,-2.0,2684.0,0.0,0.0,721.0,721.0,0.0,0.0,801.0,219.0,272.0,272.0,54.0,54.0,3293850
GRAND EST,2017-10-28 19:00:00,2017,301,19:00:00,301.79,2294.0,7418.0,1444.0,0.0,735.0,94.0,0.0,-6511.0,0.0,0.0,3464.0,2869.0,10820.0,9541.0,3040.0,549.0,2299.0,2004.0,141.0,141.0,5549586
AUVERGNE RHONE ALPES,2015-01-10 12:30:00,2015,10,12:30:00,10.52,193.0,13091.0,99.0,230.0,2168.0,106.0,-972.0,-6869.0,0.0,0.0,940.0,940.0,13570.0,13538.0,357.0,855.0,11166.0,10926.0,141.0,141.0,7877698
BRETAGNE,2019-08-23 18:00:00,2019,235,18:00:00,235.75,1.0,0.0,40.0,94.0,138.0,46.0,-1.0,1843.0,0.0,0.0,960.0,875.0,0.0,0.0,1021.0,268.0,270.0,270.0,74.0,74.0,3354854
BRETAGNE,2013-07-20 02:00:00,2013,201,02:00:00,201.08,0.0,0.0,183.0,0.0,0.0,31.0,0.0,1692.0,0.0,0.0,665.0,665.0,0.0,0.0,722.0,205.0,11.0,11.0,47.0,47.0,3258707
AUVERGNE RHONE ALPES,2021-09-23 03:00:00,2021,266,03:00:00,266.12,65.0,9205.0,37.0,0.0,1156.0,98.0,-845.0,-4317.0,0.0,0.0,1047.0,1047.0,13570.0,12690.0,723.0,1544.0,11772.0,11629.0,208.0,208.0,8114361
GRAND EST,2021-12-20 22:30:00,2021,354,22:30:00,354.94,1950.0,6382.0,793.0,1.0,589.0,148.0,-527.0,-3032.0,0.0,0.0,3590.0,3590.0,10820.0,9901.0,4189.0,965.0,2306.0,2104.0,210.0,210.0,5561287
NORMANDIE,2016-09-19 03:30:00,2016,263,03:30:00,263.15,570.0,3234.0,45.0,0.0,15.0,46.0,0.0,-1790.0,0.0,0.0,773.0,643.0,10640.0,9310.0,606.0,219.0,31.0,31.0,96.0,96.0,3335929
PAYS DE LA LOIRE,2020-03-08 13:00:00,2020,68,13:00:00,68.54,172.0,0.0,817.0,155.0,5.0,54.0,0.0,2410.0,0.0,0.0,2050.0,1857.0,0.0,0.0,989.0,631.0,10.0,10.0,76.0,76.0,3832120
NORMANDIE,2022-02-17 10:30:00,2022,48,10:30:00,48.44,320.0,7592.0,754.0,50.0,21.0,69.0,0.0,-4671.0,0.0,0.0,852.0,852.0,10640.0,9483.0,920.0,307.0,31.0,31.0,148.0,148.0,3327604
ILE DE FRANCE,2016-03-10 03:00:00,2016,70,03:00:00,70.12,474.0,0.0,2.0,0.0,0.0,140.0,0.0,7916.0,0.0,0.0,2149.0,2149.0,0.0,0.0,61.0,114.0,19.0,19.0,300.0,300.0,12117132
HAUTS DE FRANCE,2013-10-20 14:30:00,2013,293,14:30:00,293.6,281.0,3511.0,686.0,28.0,1.0,67.0,0.0,365.0,0.0,0.0,2270.0,2270.0,5460.0,5460.0,2205.0,210.0,5.0,5.0,139.0,139.0,5987883
NORMANDIE,2015-07-15 23:00:00,2015,196,23:00:00,196.96,281.0,7384.0,5.0,0.0,12.0,51.0,0.0,-4595.0,0.0,0.0,761.0,181.0,10640.0,9310.0,522.0,215.0,24.0,24.0,94.0,94.0,3339131
CENTRE VAL DE LOIRE,2017-03-04 10:00:00,2017,63,10:00:00,63.42,94.0,11405.0,29.0,10.0,46.0,47.0,0.0,-9328.0,0.0,0.0,198.0,198.0,11630.0,11630.0,937.0,264.0,91.0,91.0,76.0,76.0,2576252
BRETAGNE,2020-07-13 23:30:00,2020,195,23:30:00,195.98,1.0,0.0,96.0,0.0,0.0,55.0,-1.0,2027.0,0.0,0.0,978.0,978.0,0.0,0.0,1028.0,285.0,272.0,272.0,79.0,79.0,3373835
GRAND EST,2018-11-27 03:00:00,2018,331,03:00:00,331.12,1984.0,11675.0,77.0,0.0,320.0,110.0,-175.0,-8372.0,0.0,0.0,3531.0,2936.0,10820.0,9981.0,3267.0,561.0,2301.0,2006.0,161.0,161.0,5550389
AUVERGNE RHONE ALPES,2014-02-15 13:00:00,2014,46,13:00:00,46.54,180.0,12044.0,185.0,57.0,4291.0,120.0,-35.0,-8447.0,0.0,0.0,938.0,938.0,13570.0,13570.0,347.0,790.0,11132.0,11132.0,140.0,140.0,7820966
NORMANDIE,2019-11-14 16:30:00,2019,318,16:30:00,318.69,1024.0,3746.0,115.0,17.0,20.0,62.0,0.0,-1119.0,0.0,0.0,833.0,833.0,10640.0,9310.0,806.0,260.0,31.0,31.0,108.0,108.0,3325032
PAYS DE LA LOIRE,2022-11-21 21:30:00,2022,325,21:30:00,325.9,600.0,0.0,891.0,0.0,2.0,56.0,0.0,1811.0,0.0,0.0,2068.0,1730.0,0.0,0.0,1696.0,932.0,10.0,10.0,80.0,80.0,3878839
CENTRE VAL DE LOIRE,2017-06-03 06:00:00,2017,154,06:00:00,154.25,0.0,7269.0,193.0,0.0,2.0,69.0,0.0,-6218.0,0.0,0.0,198.0,198.0,11630.0,10739.0,947.0,268.0,91.0,91.0,76.0,76.0,2576252
BOURGOGNE FRANCHE COMTE,2021-03-22 20:30:00,2021,81,20:30:00,81.85,142.0,0.0,156.0,0.0,73.0,30.0,0.0,2571.0,0.0,0.0,401.0,401.0,0.0,0.0,943.0,408.0,523.0,523.0,71.0,71.0,2800194
ILE DE FRANCE,2018-12-31 13:30:00,2018,365,13:30:00,365.56,428.0,0.0,0.0,2.0,9.0,149.0,0.0,9664.0,0.0,0.0,2169.0,2169.0,0.0,0.0,88.0,124.0,20.0,20.0,306.0,306.0,12213447
NORMANDIE,2017-01-04 12:30:00,2017,4,12:30:00,4.52,893.0,9083.0,220.0,8.0,13.0,54.0,0.0,-5369.0,0.0,0.0,785.0,785.0,10640.0,9868.0,622.0,220.0,31.0,31.0,96.0,96.0,3330478
PROVENCE ALPES COTE D AZUR,2016-03-27 00:30:00,2016,87,00:30:00,87.02,152.0,0.0,11.0,0.0,769.0,130.0,0.0,3863.0,0.0,0.0,2614.0,2296.0,0.0,0.0,48.0,1000.0,3178.0,3178.0,204.0,204.0,5021928
HAUTS DE FRANCE,2014-11-22 08:30:00,2014,326,08:30:00,326.35,483.0,5260.0,495.0,0.0,2.0,115.0,0.0,-117.0,0.0,0.0,2301.0,2301.0,5460.0,5460.0,2524.0,212.0,5.0,5.0,142.0,142.0,6006156
ILE DE FRANCE,2016-02-23 01:30:00,2016,54,01:30:00,54.06,404.0,0.0,12.0,0.0,0.0,153.0,0.0,7459.0,0.0,0.0,2149.0,2149.0,0.0,0.0,61.0,114.0,19.0,19.0,300.0,300.0,12117132
HAUTS DE FRANCE,2021-01-21 19:00:00,2021,21,19:00:00,21.79,1065.0,4545.0,4076.0,0.0,2.0,140.0,0.0,-2071.0,0.0,0.0,2990.0,2990.0,5460.0,4550.0,5338.0,287.0,5.0,5.0,181.0,181.0,5995292
BRETAGNE,2013-11-15 10:00:00,2013,319,10:00:00,319.42,72.0,0.0,239.0,25.0,143.0,23.0,-1.0,2848.0,0.0,0.0,676.0,676.0,0.0,0.0,739.0,207.0,251.0,251.0,49.0,49.0,3258707
OCCITANIE,2017-05-27 16:00:00,2017,147,16:00:00,147.67,2.0,2396.0,448.0,1056.0,1020.0,78.0,-289.0,-1409.0,0.0,0.0,282.0,282.0,2620.0,2620.0,1221.0,1713.0,5475.0,5134.0,140.0,140.0,5845102
GRAND EST,2019-03-28 16:30:00,2019,87,16:30:00,87.69,1294.0,9492.0,780.0,345.0,774.0,116.0,-169.0,-7318.0,0.0,0.0,3531.0,3531.0,10820.0,9540.0,3355.0,564.0,2302.0,2050.0,167.0,167.0,5556219
GRAND EST,2015-06-09 21:30:00,2015,160,21:30:00,160.9,596.0,8205.0,1079.0,0.0,1514.0,63.0,0.0,-6762.0,0.0,0.0,3420.0,3132.0,10820.0,9517.0,2386.0,524.0,2284.0,2284.0,115.0,115.0,5559051
AUVERGNE RHONE ALPES,2021-05-28 16:00:00,2021,148,16:00:00,148.67,68.0,9149.0,12.0,769.0,3974.0,125.0,-471.0,-6928.0,0.0,0.0,1047.0,1047.0,13570.0,12690.0,723.0,1474.0,11770.0,11623.0,208.0,208.0,8114361
ILE DE FRANCE,2016-04-06 04:00:00,2016,97,04:00:00,97.17,-5.0,0.0,4.0,0.0,5.0,123.0,0.0,6177.0,0.0,0.0,2149.0,2149.0,0.0,0.0,61.0,114.0,19.0,19.0,300.0,300.0,12117132
BRETAGNE,2013-12-28 15:00:00,2013,362,15:00:00,362.62,76.0,0.0,341.0,18.0,18.0,25.0,-27.0,2487.0,0.0,0.0,684.0,684.0,0.0,0.0,747.0,208.0,251.0,251.0,49.0,49.0,3258707
HAUTS DE FRANCE,2014-06-24 16:30:00,2014,175,16:30:00,175.69,529.0,2839.0,111.0,57.0,1.0,86.0,0.0,1858.0,0.0,0.0,2289.0,2289.0,5460.0,5460.0,2328.0,211.0,5.0,5.0,139.0,139.0,6006156
BRETAGNE,2016-05-21 17:00:00,2016,142,17:00:00,142.71,1.0,0.0,293.0,52.0,13.0,38.0,-1.0,1375.0,0.0,0.0,771.0,686.0,0.0,0.0,853.0,226.0,275.0,275.0,56.0,56.0,3306529
HAUTS DE FRANCE,2021-12-03 14:00:00,2021,337,14:00:00,337.58,1852.0,3651.0,4039.0,18.0,2.0,114.0,0.0,-1644.0,0.0,0.0,2990.0,2990.0,5460.0,4550.0,5609.0,435.0,5.0,5.0,190.0,190.0,5995292
NORMANDIE,2018-02-13 02:00:00,2018,44,02:00:00,44.08,757.0,9038.0,363.0,0.0,14.0,50.0,0.0,-5861.0,0.0,0.0,813.0,556.0,10640.0,9610.0,705.0,234.0,31.0,31.0,102.0,102.0,3327477
ILE DE FRANCE,2017-08-12 02:00:00,2017,224,02:00:00,224.08,-1.0,0.0,7.0,0.0,6.0,154.0,0.0,4314.0,0.0,0.0,2149.0,1844.0,0.0,0.0,88.0,117.0,19.0,19.0,301.0,301.0,12174880
NORMANDIE,2014-11-10 03:00:00,2014,314,03:00:00,314.12,319.0,7291.0,152.0,0.0,11.0,49.0,0.0,-4870.0,0.0,0.0,761.0,181.0,10640.0,10640.0,490.0,213.0,24.0,24.0,91.0,91.0,3335645
HAUTS DE FRANCE,2013-11-06 16:30:00,2013,310,16:30:00,310.69,901.0,4476.0,1327.0,0.0,1.0,81.0,0.0,-15.0,0.0,0.0,2278.0,2278.0,5460.0,5460.0,2235.0,210.0,5.0,5.0,139.0,139.0,5987883
OCCITANIE,2020-03-02 02:00:00,2020,62,02:00:00,62.08,85.0,2431.0,350.0,0.0,949.0,84.0,-659.0,1033.0,0.0,0.0,314.0,314.0,2620.0,2620.0,1579.0,2186.0,5491.0,5336.0,171.0,171.0,5973969
AUVERGNE RHONE ALPES,2016-11-24 13:30:00,2016,329,13:30:00,329.56,672.0,7064.0,133.0,107.0,4182.0,133.0,-6.0,-3225.0,0.0,0.0,982.0,982.0,13570.0,12665.0,411.0,933.0,11229.0,11036.0,177.0,177.0,7916889
PROVENCE ALPES COTE D AZUR,2013-04-15 09:00:00,2013,105,09:00:00,105.38,627.0,0.0,0.0,139.0,2147.0,40.0,0.0,1550.0,0.0,0.0,2590.0,2528.0,0.0,0.0,45.0,682.0,3158.0,3158.0,151.0,151.0,4953675
NORMANDIE,2020-01-26 03:30:00,2020,26,03:30:00,26.15,418.0,6413.0,175.0,0.0,17.0,60.0,0.0,-3389.0,0.0,0.0,833.0,253.0,10640.0,9550.0,806.0,262.0,31.0,31.0,109.0,109.0,3325522
NOUVELLE AQUITAINE,2018-09-15 00:30:00,2018,258,00:30:00,258.02,24.0,5643.0,259.0,-1.0,107.0,183.0,0.0,-2312.0,0.0,0.0,485.0,485.0,6630.0,5720.0,947.0,2398.0,1781.0,1781.0,316.0,316.0,5979778
OCCITANIE,2013-05-26 04:00:00,2013,146,04:00:00,146.17,-2.0,2470.0,207.0,0.0,1685.0,89.0,-849.0,-250.0,0.0,0.0,245.0,245.0,2620.0,2620.0,861.0,1057.0,5379.0,5379.0,126.0,126.0,5683878
BRETAGNE,2020-05-29 18:00:00,2020,150,18:00:00,150.75,1.0,0.0,186.0,105.0,142.0,50.0,-1.0,1513.0,0.0,0.0,978.0,893.0,0.0,0.0,1028.0,282.0,272.0,272.0,79.0,79.0,3373835
PROVENCE ALPES COTE D AZUR,2018-07-07 20:30:00,2018,188,20:30:00,188.85,31.0,0.0,13.0,39.0,1599.0,98.0,0.0,2509.0,0.0,0.0,2666.0,2267.0,0.0,0.0,48.0,1279.0,3233.0,3086.0,357.0,207.0,5052832
HAUTS DE FRANCE,2017-11-10 11:30:00,2017,314,11:30:00,314.48,1949.0,3076.0,1313.0,13.0,1.0,121.0,0.0,629.0,0.0,0.0,2913.0,2728.0,5460.0,4633.0,3679.0,217.0,5.0,5.0,165.0,165.0,6003815
PROVENCE ALPES COTE D AZUR,2019-03-09 11:00:00,2019,68,11:00:00,68.46,168.0,0.0,8.0,610.0,688.0,95.0,0.0,3127.0,0.0,0.0,2674.0,2368.0,0.0,0.0,48.0,1334.0,3241.0,3241.0,357.0,207.0,5081101
NOUVELLE AQUITAINE,2022-08-10 19:00:00,2022,222,19:00:00,222.79,28.0,1068.0,394.0,940.0,105.0,156.0,0.0,2173.0,0.0,0.0,579.0,579.0,6630.0,5659.0,1555.0,3746.0,1786.0,1657.0,356.0,356.0,6098051
AUVERGNE RHONE ALPES,2020-07-23 02:30:00,2020,205,02:30:00,205.1,411.0,7861.0,24.0,0.0,2137.0,106.0,-25.0,-4992.0,0.0,0.0,1034.0,1034.0,13570.0,12667.0,647.0,1282.0,11746.0,11537.0,193.0,193.0,8078652
OCCITANIE,2016-05-02 01:30:00,2016,123,01:30:00,123.06,-1.0,2268.0,707.0,0.0,882.0,97.0,-619.0,648.0,0.0,0.0,266.0,266.0,2620.0,2443.0,1098.0,1574.0,5462.0,5235.0,137.0,137.0,5808435
ILE DE FRANCE,2016-06-25 14:30:00,2016,177,14:30:00,177.6,-3.0,0.0,3.0,40.0,0.0,175.0,0.0,6734.0,0.0,0.0,2149.0,1576.0,0.0,0.0,61.0,114.0,19.0,19.0,300.0,300.0,12117132
PROVENCE ALPES COTE D AZUR,2018-10-04 14:30:00,2018,277,14:30:00,277.6,1146.0,0.0,1.0,833.0,878.0,73.0,0.0,1337.0,0.0,0.0,2666.0,2280.0,0.0,0.0,48.0,1298.0,3233.0,3086.0,357.0,207.0,5052832
BOURGOGNE FRANCHE COMTE,2016-05-28 01:00:00,2016,149,01:00:00,149.04,28.0,0.0,28.0,0.0,237.0,22.0,0.0,1420.0,0.0,0.0,329.0,329.0,0.0,0.0,426.0,264.0,513.0,513.0,30.0,30.0,2818338
AUVERGNE RHONE ALPES,2020-02-22 20:00:00,2020,53,20:00:00,53.83,180.0,11652.0,45.0,0.0,4364.0,135.0,-11.0,-8371.0,0.0,0.0,1034.0,1034.0,13570.0,12685.0,647.0,1244.0,11741.0,11587.0,192.0,192.0,8078652
HAUTS DE FRANCE,2014-04-04 13:00:00,2014,94,13:00:00,94.54,470.0,3610.0,159.0,21.0,2.0,87.0,0.0,2153.0,0.0,0.0,2278.0,2278.0,5460.0,5460.0,2275.0,211.0,5.0,5.0,139.0,139.0,6006156
ILE DE FRANCE,2022-02-03 11:00:00,2022,34,11:00:00,34.46,643.0,0.0,7.0,13.0,10.0,124.0,0.0,10454.0,0.0,0.0,2171.0,2170.0,0.0,0.0,148.0,206.0,20.0,20.0,314.0,314.0,12354286
NOUVELLE AQUITAINE,2016-11-04 14:00:00,2016,309,14:00:00,309.58,160.0,5097.0,20.0,571.0,66.0,173.0,0.0,-107.0,0.0,0.0,429.0,429.0,6630.0,5135.0,660.0,1913.0,1779.0,1779.0,280.0,280.0,5935603
NORMANDIE,2013-03-10 15:00:00,2013,69,15:00:00,69.62,995.0,7123.0,138.0,13.0,19.0,46.0,0.0,-4971.0,0.0,0.0,761.0,761.0,10640.0,10640.0,423.0,207.0,22.0,22.0,88.0,88.0,3328364
PROVENCE ALPES COTE D AZUR,2014-11-25 12:30:00,2014,329,12:30:00,329.52,1608.0,0.0,3.0,90.0,1634.0,60.0,0.0,1814.0,0.0,0.0,2595.0,2270.0,0.0,0.0,45.0,878.0,3168.0,3168.0,170.0,170.0,4983438
OCCITANIE,2015-05-07 01:30:00,2015,127,01:30:00,127.06,-4.0,2168.0,195.0,0.0,1446.0,68.0,-705.0,-65.0,0.0,0.0,266.0,0.0,2620.0,2620.0,943.0,1395.0,5448.0,5221.0,133.0,133.0,5774185
HAUTS DE FRANCE,2014-08-18 18:00:00,2014,230,18:00:00,230.75,340.0,3533.0,496.0,37.0,1.0,96.0,0.0,159.0,0.0,0.0,2289.0,2289.0,5460.0,5460.0,2372.0,212.0,5.0,5.0,139.0,139.0,6006156
GRAND EST,2015-05-28 07:00:00,2015,148,07:00:00,148.29,41.0,9412.0,581.0,19.0,1190.0,73.0,0.0,-6360.0,0.0,0.0,3420.0,3132.0,10820.0,9877.0,2386.0,524.0,2284.0,2284.0,115.0,115.0,5559051
HAUTS DE FRANCE,2016-09-26 12:30:00,2016,270,12:30:00,270.52,1447.0,2719.0,41.0,44.0,1.0,95.0,0.0,1365.0,0.0,0.0,2870.0,2686.0,5460.0,4550.0,3122.0,213.0,5.0,5.0,164.0,164.0,6006870
NOUVELLE AQUITAINE,2019-04-11 08:00:00,2019,101,08:00:00,101.33,12.0,5784.0,121.0,20.0,766.0,179.0,0.0,-1207.0,0.0,0.0,538.0,538.0,6630.0,5720.0,979.0,2466.0,1782.0,1677.0,319.0,319.0,6010289
BOURGOGNE FRANCHE COMTE,2017-10-05 07:00:00,2017,278,07:00:00,278.29,59.0,0.0,231.0,0.0,25.0,15.0,0.0,2280.0,0.0,0.0,331.0,331.0,0.0,0.0,647.0,271.0,519.0,519.0,35.0,35.0,2811423
OCCITANIE,2022-10-14 19:00:00,2022,287,19:00:00,287.79,0.0,1257.0,458.0,20.0,1254.0,103.0,0.0,845.0,0.0,0.0,326.0,326.0,2620.0,1310.0,1621.0,3053.0,5504.0,5419.0,175.0,175.0,6067101
BRETAGNE,2014-07-14 09:00:00,2014,195,09:00:00,195.38,1.0,0.0,8.0,34.0,41.0,30.0,-1.0,1440.0,0.0,0.0,688.0,688.0,0.0,0.0,763.0,213.0,272.0,272.0,51.0,51.0,3276543
ILE DE FRANCE,2015-12-16 08:30:00,2015,350,08:30:00,350.35,402.0,0.0,18.0,0.0,10.0,113.0,0.0,10202.0,0.0,0.0,2149.0,1787.0,0.0,0.0,61.0,114.0,19.0,19.0,300.0,300.0,12082144
PAYS DE LA LOIRE,2021-08-16 05:00:00,2021,228,05:00:00,228.21,0.0,0.0,185.0,0.0,0.0,56.0,0.0,1500.0,0.0,0.0,2056.0,2056.0,0.0,0.0,1115.0,765.0,10.0,10.0,79.0,79.0,3853999
NOUVELLE AQUITAINE,2022-11-05 16:30:00,2022,309,16:30:00,309.69,152.0,2736.0,102.0,633.0,67.0,174.0,0.0,-113.0,0.0,0.0,581.0,581.0,6630.0,5669.0,1592.0,3811.0,1786.0,1786.0,356.0,356.0,6098051
PAYS DE LA LOIRE,2017-11-26 22:30:00,2017,330,22:30:00,330.94,1532.0,0.0,106.0,0.0,2.0,44.0,0.0,1748.0,0.0,0.0,1943.0,1943.0,0.0,0.0,766.0,515.0,8.0,8.0,68.0,68.0,3757600
NORMANDIE,2022-12-20 23:30:00,2022,354,23:30:00,354.98,353.0,6483.0,44.0,0.0,16.0,83.0,0.0,-3445.0,0.0,0.0,853.0,853.0,10640.0,9310.0,965.0,322.0,31.0,31.0,149.0,149.0,3327604
ILE DE FRANCE,2022-09-20 11:00:00,2022,263,11:00:00,263.46,134.0,0.0,2.0,38.0,6.0,170.0,0.0,7308.0,0.0,0.0,2171.0,2010.0,0.0,0.0,148.0,235.0,20.0,20.0,314.0,314.0,12354286
NORMANDIE,2014-10-16 21:00:00,2014,289,21:00:00,289.88,265.0,8902.0,114.0,0.0,14.0,27.0,0.0,-6246.0,0.0,0.0,761.0,181.0,10640.0,10640.0,489.0,213.0,24.0,24.0,91.0,91.0,3335645
NOUVELLE AQUITAINE,2016-04-24 06:00:00,2016,115,06:00:00,115.25,77.0,3901.0,90.0,-1.0,560.0,176.0,0.0,-922.0,0.0,0.0,429.0,429.0,6630.0,5525.0,559.0,1847.0,1778.0,1672.0,279.0,279.0,5935603
NOUVELLE AQUITAINE,2020-12-15 20:30:00,2020,350,20:30:00,350.85,202.0,5800.0,397.0,0.0,1041.0,141.0,0.0,-1481.0,0.0,0.0,576.0,576.0,6630.0,5603.0,1190.0,2821.0,1783.0,1678.0,347.0,347.0,6033952
PAYS DE LA LOIRE,2016-02-03 02:00:00,2016,34,02:00:00,34.08,422.0,0.0,131.0,0.0,4.0,38.0,0.0,2835.0,0.0,0.0,1880.0,1677.0,0.0,0.0,605.0,458.0,8.0,8.0,61.0,61.0,3737632
AUVERGNE RHONE ALPES,2020-09-25 20:30:00,2020,269,20:30:00,269.85,424.0,9185.0,265.0,0.0,4066.0,117.0,-16.0,-7245.0,0.0,0.0,1034.0,1034.0,13570.0,12660.0,682.0,1308.0,11750.0,11577.0,194.0,194.0,8078652
GRAND EST,2016-10-18 18:30:00,2016,292,18:30:00,292.77,1547.0,7600.0,926.0,6.0,472.0,85.0,0.0,-4948.0,0.0,0.0,3433.0,2901.0,10820.0,9688.0,2674.0,529.0,2295.0,2093.0,137.0,137.0,5555186
ILE DE FRANCE,2013-03-28 14:30:00,2013,87,14:30:00,87.6,2515.0,0.0,0.0,15.0,4.0,103.0,0.0,8990.0,0.0,0.0,2121.0,2121.0,0.0,0.0,37.0,109.0,19.0,19.0,262.0,262.0,11959807
OCCITANIE,2020-10-08 01:00:00,2020,282,01:00:00,282.04,0.0,1127.0,560.0,0.0,1149.0,88.0,-463.0,1157.0,0.0,0.0,314.0,314.0,2620.0,1310.0,1593.0,2292.0,5496.0,5168.0,172.0,172.0,5973969
BOURGOGNE FRANCHE COMTE,2014-05-04 11:00:00,2014,124,11:00:00,124.46,29.0,0.0,78.0,106.0,75.0,17.0,0.0,1705.0,0.0,0.0,313.0,68.0,0.0,0.0,242.0,245.0,508.0,508.0,25.0,25.0,2820623
CENTRE VAL DE LOIRE,2022-12-29 14:30:00,2022,363,14:30:00,363.6,63.0,7543.0,747.0,68.0,2.0,58.0,0.0,-6455.0,0.0,0.0,229.0,229.0,11630.0,10757.0,1599.0,807.0,93.0,93.0,91.0,91.0,2572916
NORMANDIE,2022-05-10 17:00:00,2022,130,17:00:00,130.71,196.0,3829.0,188.0,130.0,14.0,97.0,0.0,-1821.0,0.0,0.0,852.0,852.0,10640.0,9396.0,933.0,311.0,31.0,31.0,148.0,148.0,3327604
PAYS DE LA LOIRE,2013-05-21 10:00:00,2013,141,10:00:00,141.42,600.0,0.0,72.0,36.0,2.0,28.0,0.0,2791.0,0.0,0.0,1837.0,1837.0,0.0,0.0,473.0,390.0,5.0,5.0,57.0,57.0,3660852
PAYS DE LA LOIRE,2021-09-16 16:00:00,2021,259,16:00:00,259.67,941.0,0.0,16.0,261.0,0.0,55.0,0.0,1700.0,0.0,0.0,2056.0,2056.0,0.0,0.0,1115.0,771.0,10.0,10.0,79.0,79.0,3853999
PROVENCE ALPES COTE D AZUR,2020-02-14 09:30:00,2020,45,09:30:00,45.4,1969.0,0.0,13.0,397.0,2322.0,94.0,0.0,787.0,0.0,0.0,2705.0,2376.0,0.0,0.0,48.0,1449.0,3249.0,3249.0,357.0,207.0,5098666
NORMANDIE,2015-05-15 17:00:00,2015,135,17:00:00,135.71,227.0,8025.0,83.0,33.0,13.0,64.0,0.0,-5725.0,0.0,0.0,761.0,181.0,10640.0,10107.0,510.0,215.0,24.0,24.0,94.0,94.0,3339131
GRAND EST,2019-01-24 17:00:00,2019,24,17:00:00,24.71,2540.0,10381.0,130.0,0.0,1102.0,114.0,-6.0,-6887.0,0.0,0.0,3531.0,3531.0,10820.0,9760.0,3355.0,562.0,2302.0,1984.0,163.0,163.0,5556219
GRAND EST,2015-08-09 07:30:00,2015,221,07:30:00,221.31,29.0,9869.0,316.0,14.0,466.0,58.0,-522.0,-7225.0,0.0,0.0,3420.0,3135.0,10820.0,9730.0,2450.0,525.0,2284.0,2284.0,119.0,119.0,5559051
BOURGOGNE FRANCHE COMTE,2020-10-23 00:30:00,2020,297,00:30:00,297.02,59.0,0.0,400.0,0.0,33.0,43.0,0.0,1563.0,0.0,0.0,401.0,401.0,0.0,0.0,889.0,386.0,522.0,522.0,71.0,71.0,2801695
HAUTS DE FRANCE,2016-01-04 18:00:00,2016,4,18:00:00,4.75,1497.0,5383.0,1079.0,0.0,2.0,116.0,0.0,-709.0,0.0,0.0,2301.0,2301.0,5460.0,5460.0,2878.0,213.0,5.0,5.0,160.0,160.0,6006870
NOUVELLE AQUITAINE,2013-07-19 09:30:00,2013,200,09:30:00,200.4,28.0,3090.0,25.0,153.0,497.0,129.0,0.0,934.0,0.0,0.0,421.0,421.0,6630.0,6630.0,356.0,979.0,1760.0,1760.0,210.0,210.0,5844177
AUVERGNE RHONE ALPES,2018-01-26 07:30:00,2018,26,07:30:00,26.31,445.0,12641.0,71.0,0.0,5583.0,117.0,-3.0,-9229.0,0.0,0.0,1000.0,1000.0,13570.0,12655.0,548.0,1015.0,11254.0,11027.0,179.0,179.0,7994459
OCCITANIE,2016-03-15 05:30:00,2016,75,05:30:00,75.23,53.0,2554.0,129.0,0.0,1897.0,92.0,-633.0,324.0,0.0,0.0,266.0,0.0,2620.0,2620.0,1098.0,1534.0,5462.0,5235.0,137.0,137.0,5808435
HAUTS DE FRANCE,2013-11-03 20:30:00,2013,307,20:30:00,307.85,600.0,4437.0,1110.0,0.0,1.0,85.0,0.0,-154.0,0.0,0.0,2278.0,2278.0,5460.0,5460.0,2235.0,210.0,5.0,5.0,139.0,139.0,5987883
GRAND EST,2019-04-11 19:30:00,2019,101,19:30:00,101.81,1752.0,9530.0,1055.0,49.0,944.0,123.0,0.0,-8030.0,0.0,0.0,3531.0,3531.0,10820.0,9542.0,3355.0,565.0,2302.0,2007.0,169.0,169.0,5556219
NOUVELLE AQUITAINE,2018-09-22 00:00:00,2018,265,00:00:00,265.0,24.0,4200.0,46.0,-1.0,136.0,166.0,0.0,-533.0,0.0,0.0,485.0,485.0,6630.0,5516.0,947.0,2398.0,1781.0,1781.0,316.0,316.0,5979778
GRAND EST,2013-05-28 23:00:00,2013,148,23:00:00,148.96,661.0,10095.0,367.0,0.0,1232.0,39.0,-179.0,-7082.0,0.0,0.0,3398.0,3163.0,10820.0,10820.0,1884.0,503.0,2280.0,2280.0,86.0,86.0,5552388
CENTRE VAL DE LOIRE,2020-12-30 09:00:00,2020,365,09:00:00,365.38,75.0,9292.0,173.0,0.0,51.0,52.0,0.0,-6721.0,0.0,0.0,229.0,229.0,11630.0,10587.0,1278.0,417.0,92.0,92.0,88.0,88.0,2574863
BOURGOGNE FRANCHE COMTE,2013-06-01 15:00:00,2013,152,15:00:00,152.62,28.0,0.0,72.0,73.0,104.0,10.0,0.0,1872.0,0.0,0.0,301.0,301.0,0.0,0.0,204.0,228.0,480.0,480.0,24.0,24.0,2819783
PAYS DE LA LOIRE,2017-06-30 02:30:00,2017,181,02:30:00,181.1,-2.0,0.0,123.0,0.0,0.0,40.0,0.0,2038.0,0.0,0.0,1921.0,1345.0,0.0,0.0,727.0,501.0,8.0,8.0,66.0,66.0,3757600
NOUVELLE AQUITAINE,2017-11-30 09:30:00,2017,334,09:30:00,334.4,230.0,6726.0,74.0,203.0,647.0,164.0,0.0,-30.0,0.0,0.0,478.0,478.0,6630.0,6630.0,882.0,2200.0,1780.0,1780.0,307.0,307.0,5956978
GRAND EST,2021-12-13 03:00:00,2021,347,03:00:00,347.12,1266.0,7925.0,78.0,1.0,664.0,146.0,-517.0,-4284.0,0.0,0.0,3590.0,3590.0,10820.0,10076.0,4178.0,957.0,2306.0,2104.0,210.0,210.0,5561287
BOURGOGNE FRANCHE COMTE,2022-04-29 12:00:00,2022,119,12:00:00,119.5,21.0,0.0,2.0,226.0,78.0,49.0,0.0,1980.0,0.0,0.0,401.0,401.0,0.0,0.0,1049.0,528.0,524.0,524.0,75.0,75.0,2797366
AUVERGNE RHONE ALPES,2020-08-21 12:30:00,2020,234,12:30:00,234.52,333.0,8195.0,182.0,675.0,3076.0,93.0,-339.0,-5210.0,0.0,0.0,1034.0,1034.0,13570.0,12636.0,647.0,1295.0,11746.0,11571.0,193.0,193.0,8078652
HAUTS DE FRANCE,2022-05-05 08:00:00,2022,125,08:00:00,125.33,1574.0,3261.0,156.0,22.0,2.0,104.0,0.0,538.0,0.0,0.0,2993.0,2675.0,5460.0,4584.0,5748.0,441.0,6.0,6.0,191.0,191.0,5990765
BOURGOGNE FRANCHE COMTE,2022-02-26 07:00:00,2022,57,07:00:00,57.29,159.0,0.0,369.0,0.0,110.0,52.0,0.0,2087.0,0.0,0.0,401.0,401.0,0.0,0.0,1034.0,501.0,524.0,524.0,74.0,74.0,2797366
CENTRE VAL DE LOIRE,2014-03-07 21:00:00,2014,66,21:00:00,66.88,65.0,10524.0,3.0,0.0,43.0,52.0,0.0,-8172.0,0.0,0.0,162.0,162.0,11630.0,11630.0,739.0,215.0,91.0,91.0,56.0,56.0,2577435
CENTRE VAL DE LOIRE,2016-10-21 23:00:00,2016,295,23:00:00,295.96,3.0,8836.0,52.0,0.0,0.0,53.0,0.0,-6856.0,0.0,0.0,170.0,170.0,11630.0,10725.0,896.0,261.0,91.0,91.0,71.0,71.0,2577866
HAUTS DE FRANCE,2015-11-09 02:00:00,2015,313,02:00:00,313.08,502.0,4485.0,1140.0,0.0,1.0,120.0,0.0,-1316.0,0.0,0.0,2301.0,2051.0,5460.0,4550.0,2831.0,213.0,5.0,5.0,160.0,160.0,6009976
OCCITANIE,2023-01-18 17:30:00,2023,18,17:30:00,18.73,89.0,1295.0,734.0,14.0,1762.0,81.0,0.0,1765.0,0.0,0.0,326.0,326.0,2620.0,1310.0,1667.0,3139.0,5505.0,5374.0,175.0,175.0,6101005
ILE DE FRANCE,2013-04-30 23:00:00,2013,120,23:00:00,120.96,0.0,0.0,13.0,0.0,5.0,113.0,0.0,8814.0,0.0,0.0,2121.0,2121.0,0.0,0.0,37.0,109.0,19.0,19.0,262.0,262.0,11959807
NOUVELLE AQUITAINE,2013-05-10 15:00:00,2013,130,15:00:00,130.62,30.0,3337.0,70.0,369.0,561.0,126.0,0.0,-116.0,0.0,0.0,421.0,421.0,6630.0,6630.0,356.0,968.0,1759.0,1759.0,210.0,210.0,5844177
AUVERGNE RHONE ALPES,2021-02-12 15:00:00,2021,43,15:00:00,43.62,618.0,9729.0,70.0,62.0,4428.0,120.0,-10.0,-4702.0,0.0,0.0,1047.0,1047.0,13570.0,12680.0,723.0,1392.0,11766.0,11608.0,208.0,208.0,8114361
OCCITANIE,2016-01-21 16:30:00,2016,21,16:30:00,21.69,518.0,2600.0,7.0,236.0,2053.0,90.0,-420.0,301.0,0.0,0.0,266.0,0.0,2620.0,2620.0,1098.0,1508.0,5461.0,5288.0,137.0,137.0,5808435
ILE DE FRANCE,2017-12-03 22:30:00,2017,337,22:30:00,337.94,532.0,0.0,2.0,0.0,7.0,160.0,0.0,10480.0,0.0,0.0,2151.0,2000.0,0.0,0.0,88.0,119.0,19.0,19.0,306.0,306.0,12174880
OCCITANIE,2019-10-24 18:00:00,2019,297,18:00:00,297.75,0.0,1246.0,332.0,97.0,1295.0,85.0,-13.0,755.0,0.0,0.0,307.0,307.0,2620.0,1310.0,1570.0,2143.0,5489.0,5202.0,146.0,146.0,5933185
GRAND EST,2014-06-02 20:00:00,2014,153,20:00:00,153.83,552.0,9197.0,34.0,34.0,1109.0,54.0,0.0,-6148.0,0.0,0.0,3398.0,3198.0,10820.0,10820.0,2050.0,515.0,2283.0,2283.0,96.0,96.0,5554645
NOUVELLE AQUITAINE,2016-06-17 05:30:00,2016,169,05:30:00,169.23,41.0,4501.0,93.0,-1.0,578.0,171.0,0.0,-1926.0,0.0,0.0,429.0,429.0,6630.0,5843.0,579.0,1868.0,1778.0,1673.0,280.0,280.0,5935603
NOUVELLE AQUITAINE,2015-12-07 01:30:00,2015,341,01:30:00,341.06,145.0,6508.0,183.0,-1.0,167.0,164.0,0.0,-1727.0,0.0,0.0,429.0,429.0,6630.0,6630.0,534.0,1776.0,1778.0,1778.0,258.0,258.0,5911482
ILE DE FRANCE,2014-12-31 07:00:00,2014,365,07:00:00,365.29,830.0,0.0,0.0,0.0,4.0,156.0,0.0,8983.0,0.0,0.0,2128.0,1543.0,0.0,0.0,37.0,112.0,19.0,19.0,282.0,282.0,12027565
AUVERGNE RHONE ALPES,2015-02-03 04:00:00,2015,34,04:00:00,34.17,556.0,13581.0,19.0,0.0,2420.0,102.0,-1860.0,-5025.0,0.0,0.0,940.0,940.0,13570.0,13570.0,372.0,858.0,11172.0,10846.0,141.0,141.0,7877698
HAUTS DE FRANCE,2016-09-29 14:00:00,2016,273,14:00:00,273.58,1296.0,2734.0,957.0,35.0,0.0,108.0,0.0,556.0,0.0,0.0,2870.0,2686.0,5460.0,4550.0,3122.0,213.0,5.0,5.0,164.0,164.0,6006870
AUVERGNE RHONE ALPES,2019-03-30 20:00:00,2019,89,20:00:00,89.83,179.0,9141.0,108.0,0.0,5378.0,135.0,-3.0,-7799.0,0.0,0.0,1027.0,1027.0,13570.0,12691.0,607.0,1142.0,11244.0,11074.0,189.0,189.0,8042936
OCCITANIE,2021-08-29 10:30:00,2021,241,10:30:00,241.44,0.0,1222.0,207.0,1188.0,460.0,92.0,0.0,153.0,0.0,0.0,325.0,325.0,2620.0,2620.0,1593.0,2644.0,5499.0,5464.0,173.0,173.0,6022176
BRETAGNE,2016-06-11 20:00:00,2016,163,20:00:00,163.83,1.0,0.0,107.0,21.0,116.0,20.0,-1.0,1462.0,0.0,0.0,771.0,686.0,0.0,0.0,853.0,227.0,275.0,275.0,56.0,56.0,3306529
HAUTS DE FRANCE,2014-09-26 01:30:00,2014,269,01:30:00,269.06,289.0,2526.0,175.0,0.0,1.0,76.0,0.0,2229.0,0.0,0.0,2289.0,2289.0,5460.0,5460.0,2432.0,212.0,5.0,5.0,141.0,141.0,6006156
BRETAGNE,2017-05-23 15:30:00,2017,143,15:30:00,143.65,1.0,0.0,10.0,93.0,1.0,43.0,-1.0,2183.0,0.0,0.0,848.0,763.0,0.0,0.0,898.0,235.0,275.0,275.0,66.0,66.0,3318904
CENTRE VAL DE LOIRE,2019-02-25 03:00:00,2019,56,03:00:00,56.12,93.0,11445.0,300.0,0.0,4.0,54.0,0.0,-9549.0,0.0,0.0,228.0,228.0,11630.0,11630.0,1127.0,306.0,91.0,91.0,84.0,84.0,2573180
GRAND EST,2022-03-21 20:30:00,2022,80,20:30:00,80.85,2451.0,5069.0,507.0,0.0,999.0,158.0,0.0,-3515.0,0.0,0.0,3590.0,3590.0,10820.0,9791.0,4228.0,1000.0,2306.0,2104.0,212.0,212.0,5563889
AUVERGNE RHONE ALPES,2022-03-24 23:00:00,2022,83,23:00:00,83.96,474.0,9532.0,72.0,0.0,2416.0,127.0,-3.0,-4819.0,0.0,0.0,1048.0,1048.0,13570.0,12658.0,723.0,1662.0,11780.0,11629.0,208.0,208.0,8155762
ILE DE FRANCE,2018-02-09 20:30:00,2018,40,20:30:00,40.85,465.0,0.0,17.0,0.0,0.0,139.0,0.0,12721.0,0.0,0.0,2157.0,1975.0,0.0,0.0,88.0,122.0,20.0,20.0,306.0,306.0,12213447
BRETAGNE,2018-04-12 03:30:00,2018,102,03:30:00,102.15,1.0,0.0,8.0,0.0,13.0,42.0,-1.0,2104.0,0.0,0.0,904.0,819.0,0.0,0.0,951.0,252.0,270.0,270.0,68.0,68.0,3335414
NORMANDIE,2016-09-01 12:30:00,2016,245,12:30:00,245.52,733.0,4976.0,19.0,70.0,18.0,47.0,0.0,-2879.0,0.0,0.0,773.0,193.0,10640.0,9310.0,606.0,219.0,31.0,31.0,96.0,96.0,3335929
HAUTS DE FRANCE,2021-10-21 08:00:00,2021,294,08:00:00,294.33,573.0,2130.0,3988.0,6.0,0.0,95.0,0.0,-654.0,0.0,0.0,2990.0,2990.0,5460.0,4550.0,5579.0,421.0,5.0,5.0,183.0,183.0,5995292
PAYS DE LA LOIRE,2013-08-20 11:00:00,2013,232,11:00:00,232.46,941.0,0.0,11.0,147.0,0.0,31.0,0.0,1748.0,0.0,0.0,1837.0,1837.0,0.0,0.0,490.0,394.0,5.0,5.0,58.0,58.0,3660852
AUVERGNE RHONE ALPES,2018-05-19 16:30:00,2018,139,16:30:00,139.69,22.0,8382.0,66.0,465.0,4012.0,121.0,-1387.0,-5729.0,0.0,0.0,1000.0,1000.0,13570.0,12574.0,578.0,1046.0,11259.0,11077.0,179.0,179.0,7994459
HAUTS DE FRANCE,2017-09-26 14:30:00,2017,269,14:30:00,269.6,874.0,4377.0,17.0,67.0,1.0,106.0,0.0,339.0,0.0,0.0,2910.0,2636.0,5460.0,4750.0,3609.0,215.0,5.0,5.0,165.0,165.0,6003815
ILE DE FRANCE,2015-04-12 21:30:00,2015,102,21:30:00,102.9,-12.0,0.0,0.0,0.0,8.0,100.0,0.0,7491.0,0.0,0.0,2144.0,1774.0,0.0,0.0,37.0,112.0,19.0,19.0,286.0,286.0,12082144
HAUTS DE FRANCE,2015-06-05 02:00:00,2015,156,02:00:00,156.08,200.0,4282.0,388.0,0.0,2.0,100.0,0.0,30.0,0.0,0.0,2301.0,2036.0,5460.0,4550.0,2734.0,213.0,5.0,5.0,159.0,159.0,6009976
PAYS DE LA LOIRE,2016-06-13 21:30:00,2016,165,21:30:00,165.9,13.0,0.0,450.0,2.0,3.0,39.0,0.0,1886.0,0.0,0.0,1880.0,1337.0,0.0,0.0,649.0,467.0,8.0,8.0,62.0,62.0,3737632
PROVENCE ALPES COTE D AZUR,2023-01-11 05:00:00,2023,11,05:00:00,11.21,192.0,0.0,11.0,0.0,797.0,79.0,-51.0,3601.0,0.0,0.0,2724.0,2662.0,0.0,0.0,96.0,1993.0,3271.0,3240.0,357.0,357.0,5160091
PROVENCE ALPES COTE D AZUR,2019-04-17 16:30:00,2019,107,16:30:00,107.69,759.0,0.0,8.0,718.0,610.0,76.0,0.0,2118.0,0.0,0.0,2674.0,2274.0,0.0,0.0,48.0,1354.0,3241.0,3088.0,357.0,207.0,5081101
BRETAGNE,2022-12-03 13:30:00,2022,337,13:30:00,337.56,660.0,0.0,300.0,28.0,6.0,57.0,-1.0,2108.0,0.0,0.0,1432.0,1432.0,0.0,0.0,1226.0,412.0,272.0,272.0,83.0,83.0,3414637
PROVENCE ALPES COTE D AZUR,2022-05-01 03:00:00,2022,121,03:00:00,121.12,1111.0,0.0,11.0,0.0,692.0,214.0,-2.0,1400.0,0.0,0.0,2724.0,2393.0,0.0,0.0,96.0,1825.0,3266.0,3134.0,357.0,357.0,5150362
OCCITANIE,2016-10-02 07:00:00,2016,276,07:00:00,276.29,0.0,2542.0,55.0,0.0,207.0,78.0,-2.0,-362.0,0.0,0.0,266.0,266.0,2620.0,2620.0,1142.0,1633.0,5463.0,5059.0,139.0,139.0,5808435
OCCITANIE,2015-11-24 00:30:00,2015,328,00:30:00,328.02,944.0,2165.0,275.0,0.0,963.0,96.0,-214.0,1469.0,0.0,0.0,266.0,266.0,2620.0,2310.0,1076.0,1475.0,5459.0,5232.0,137.0,137.0,5774185
OCCITANIE,2018-09-11 17:30:00,2018,254,17:30:00,254.73,0.0,2417.0,99.0,715.0,918.0,83.0,0.0,-16.0,0.0,0.0,295.0,295.0,2620.0,2490.0,1428.0,1957.0,5485.0,5228.0,146.0,146.0,5885496
AUVERGNE RHONE ALPES,2016-05-01 10:30:00,2016,122,10:30:00,122.44,32.0,7792.0,310.0,176.0,2492.0,113.0,-1605.0,-1985.0,0.0,0.0,959.0,959.0,13570.0,12658.0,384.0,916.0,11209.0,11027.0,170.0,170.0,7916889
NORMANDIE,2014-11-04 23:30:00,2014,308,23:30:00,308.98,373.0,7716.0,99.0,0.0,15.0,48.0,0.0,-4765.0,0.0,0.0,761.0,181.0,10640.0,10640.0,490.0,213.0,24.0,24.0,91.0,91.0,3335645
NORMANDIE,2014-10-05 16:00:00,2014,278,16:00:00,278.67,215.0,8817.0,6.0,48.0,15.0,44.0,0.0,-7045.0,0.0,0.0,761.0,181.0,10640.0,10640.0,489.0,213.0,24.0,24.0,91.0,91.0,3335645
BOURGOGNE FRANCHE COMTE,2018-05-21 12:00:00,2018,141,12:00:00,141.5,24.0,0.0,2.0,154.0,57.0,27.0,0.0,1861.0,0.0,0.0,386.0,386.0,0.0,0.0,676.0,306.0,520.0,443.0,36.0,36.0,2807807
PAYS DE LA LOIRE,2015-11-19 03:00:00,2015,323,03:00:00,323.12,440.0,0.0,152.0,0.0,0.0,47.0,0.0,1875.0,0.0,0.0,1876.0,1452.0,0.0,0.0,591.0,456.0,7.0,7.0,61.0,61.0,3718512
NOUVELLE AQUITAINE,2019-03-29 01:30:00,2019,88,01:30:00,88.06,210.0,5705.0,365.0,-1.0,213.0,211.0,0.0,-1571.0,0.0,0.0,538.0,538.0,6630.0,5720.0,979.0,2461.0,1782.0,1677.0,319.0,319.0,6010289
AUVERGNE RHONE ALPES,2021-06-13 04:30:00,2021,164,04:30:00,164.19,11.0,7923.0,179.0,0.0,3531.0,98.0,-1316.0,-5792.0,0.0,0.0,1047.0,1047.0,13570.0,12690.0,723.0,1478.0,11771.0,11624.0,208.0,208.0,8114361
CENTRE VAL DE LOIRE,2021-03-03 06:00:00,2021,62,06:00:00,62.25,78.0,8875.0,39.0,0.0,20.0,54.0,0.0,-6934.0,0.0,0.0,229.0,229.0,11630.0,10320.0,1278.0,482.0,92.0,92.0,88.0,88.0,2573303
NORMANDIE,2022-10-08 12:00:00,2022,281,12:00:00,281.5,187.0,2504.0,92.0,126.0,12.0,69.0,0.0,-716.0,0.0,0.0,852.0,852.0,10640.0,9310.0,957.0,318.0,31.0,31.0,149.0,149.0,3327604
BRETAGNE,2022-09-05 00:30:00,2022,248,00:30:00,248.02,435.0,0.0,260.0,0.0,0.0,58.0,-1.0,1073.0,0.0,0.0,1432.0,1298.0,0.0,0.0,1209.0,380.0,272.0,272.0,83.0,83.0,3414637
AUVERGNE RHONE ALPES,2019-06-13 22:00:00,2019,164,22:00:00,164.92,39.0,9075.0,157.0,0.0,4930.0,93.0,-7.0,-7717.0,0.0,0.0,1027.0,1027.0,13570.0,12718.0,635.0,1155.0,11247.0,11074.0,189.0,189.0,8042936
BOURGOGNE FRANCHE COMTE,2017-08-17 23:00:00,2017,229,23:00:00,229.96,24.0,0.0,105.0,0.0,68.0,22.0,0.0,1748.0,0.0,0.0,331.0,331.0,0.0,0.0,610.0,271.0,519.0,519.0,33.0,33.0,2811423
BOURGOGNE FRANCHE COMTE,2013-06-14 18:00:00,2013,165,18:00:00,165.75,28.0,0.0,3.0,51.0,232.0,9.0,0.0,1922.0,0.0,0.0,301.0,301.0,0.0,0.0,204.0,229.0,480.0,480.0,24.0,24.0,2819783
CENTRE VAL DE LOIRE,2021-11-12 13:30:00,2021,316,13:30:00,316.56,67.0,7877.0,91.0,307.0,2.0,60.0,0.0,-6051.0,0.0,0.0,229.0,229.0,11630.0,10735.0,1360.0,663.0,92.0,92.0,90.0,90.0,2573303
HAUTS DE FRANCE,2018-06-13 11:00:00,2018,164,11:00:00,164.46,1275.0,3212.0,286.0,31.0,2.0,119.0,0.0,535.0,0.0,0.0,2922.0,2754.0,5460.0,4609.0,3912.0,220.0,5.0,5.0,170.0,170.0,6004108
GRAND EST,2021-03-23 06:00:00,2021,82,06:00:00,82.25,632.0,5322.0,58.0,0.0,700.0,144.0,-6.0,-962.0,0.0,0.0,3585.0,3172.0,10820.0,9940.0,3885.0,730.0,2305.0,2103.0,206.0,206.0,5561287
OCCITANIE,2019-02-26 03:30:00,2019,57,03:30:00,57.15,94.0,1294.0,21.0,0.0,913.0,102.0,-467.0,2350.0,0.0,0.0,307.0,307.0,2620.0,1310.0,1499.0,2004.0,5485.0,5308.0,146.0,146.0,5933185
OCCITANIE,2017-09-06 06:00:00,2017,249,06:00:00,249.25,0.0,1229.0,525.0,0.0,320.0,96.0,-411.0,1265.0,0.0,0.0,282.0,282.0,2620.0,1310.0,1249.0,1743.0,5475.0,5233.0,140.0,140.0,5845102
AUVERGNE RHONE ALPES,2021-02-21 20:00:00,2021,52,20:00:00,52.83,232.0,8118.0,431.0,0.0,5175.0,126.0,-8.0,-6421.0,0.0,0.0,1047.0,1047.0,13570.0,12684.0,723.0,1407.0,11766.0,11608.0,208.0,208.0,8114361
PROVENCE ALPES COTE D AZUR,2022-12-03 08:30:00,2022,337,08:30:00,337.35,1734.0,0.0,29.0,3.0,380.0,180.0,0.0,2470.0,0.0,0.0,2724.0,2662.0,0.0,0.0,96.0,1985.0,3270.0,3205.0,357.0,357.0,5150362
HAUTS DE FRANCE,2019-03-21 20:00:00,2019,80,20:00:00,80.83,2142.0,4521.0,560.0,0.0,2.0,126.0,0.0,-596.0,0.0,0.0,2969.0,2969.0,5460.0,4550.0,4423.0,235.0,5.0,5.0,178.0,178.0,6004947
NOUVELLE AQUITAINE,2017-08-29 16:30:00,2017,241,16:30:00,241.69,45.0,4090.0,104.0,1044.0,102.0,178.0,0.0,-612.0,0.0,0.0,465.0,465.0,6630.0,5574.0,790.0,2008.0,1780.0,1669.0,306.0,306.0,5956978
OCCITANIE,2014-01-08 07:30:00,2014,8,07:30:00,8.31,57.0,2528.0,364.0,0.0,2139.0,87.0,0.0,4.0,0.0,0.0,251.0,251.0,2620.0,2620.0,889.0,1193.0,5397.0,5397.0,127.0,127.0,5730753
BRETAGNE,2018-12-22 09:00:00,2018,356,09:00:00,356.38,225.0,0.0,325.0,0.0,18.0,44.0,-1.0,2187.0,0.0,0.0,956.0,822.0,0.0,0.0,988.0,261.0,270.0,270.0,70.0,70.0,3335414
BOURGOGNE FRANCHE COMTE,2014-10-14 04:30:00,2014,287,04:30:00,287.19,18.0,0.0,16.0,0.0,62.0,14.0,0.0,1676.0,0.0,0.0,313.0,68.0,0.0,0.0,272.0,252.0,509.0,509.0,28.0,28.0,2820623
BRETAGNE,2015-10-04 04:00:00,2015,277,04:00:00,277.17,0.0,0.0,27.0,0.0,79.0,38.0,-1.0,1303.0,0.0,0.0,724.0,639.0,0.0,0.0,801.0,222.0,275.0,275.0,55.0,55.0,3293850
NOUVELLE AQUITAINE,2017-04-30 13:30:00,2017,120,13:30:00,120.56,82.0,5370.0,482.0,304.0,221.0,176.0,0.0,-2154.0,0.0,0.0,465.0,465.0,6630.0,5720.0,742.0,1959.0,1780.0,1668.0,306.0,306.0,5956978
PAYS DE LA LOIRE,2016-06-11 13:30:00,2016,163,13:30:00,163.56,11.0,0.0,201.0,132.0,2.0,40.0,0.0,1943.0,0.0,0.0,1880.0,1337.0,0.0,0.0,649.0,467.0,8.0,8.0,62.0,62.0,3737632
PAYS DE LA LOIRE,2014-11-24 22:00:00,2014,328,22:00:00,328.92,559.0,0.0,91.0,0.0,4.0,48.0,0.0,2427.0,0.0,0.0,1864.0,1284.0,0.0,0.0,527.0,435.0,7.0,7.0,58.0,58.0,3690833
BOURGOGNE FRANCHE COMTE,2019-02-17 06:00:00,2019,48,06:00:00,48.25,171.0,0.0,311.0,0.0,160.0,50.0,-1.0,1774.0,0.0,0.0,401.0,401.0,0.0,0.0,800.0,330.0,520.0,520.0,66.0,66.0,2805580
PROVENCE ALPES COTE D AZUR,2019-06-11 00:00:00,2019,162,00:00:00,162.0,77.0,0.0,24.0,0.0,1088.0,83.0,0.0,2798.0,0.0,0.0,2674.0,2280.0,0.0,0.0,48.0,1363.0,3241.0,3241.0,357.0,207.0,5081101
BRETAGNE,2015-03-14 05:30:00,2015,73,05:30:00,73.23,110.0,0.0,228.0,0.0,107.0,29.0,-1.0,2114.0,0.0,0.0,721.0,721.0,0.0,0.0,801.0,219.0,272.0,272.0,54.0,54.0,3293850
CENTRE VAL DE LOIRE,2019-05-19 10:00:00,2019,139,10:00:00,139.42,1.0,9606.0,24.0,29.0,1.0,63.0,0.0,-8079.0,0.0,0.0,229.0,229.0,11630.0,10723.0,1160.0,313.0,91.0,91.0,84.0,84.0,2573180
ILE DE FRANCE,2015-12-02 06:00:00,2015,336,06:00:00,336.25,496.0,0.0,1.0,0.0,12.0,130.0,0.0,7065.0,0.0,0.0,2149.0,1899.0,0.0,0.0,61.0,114.0,19.0,19.0,300.0,300.0,12082144
AUVERGNE RHONE ALPES,2021-09-20 13:30:00,2021,263,13:30:00,263.56,420.0,8978.0,82.0,380.0,2211.0,79.0,-176.0,-4628.0,0.0,0.0,1047.0,1047.0,13570.0,12690.0,723.0,1524.0,11772.0,11629.0,208.0,208.0,8114361
OCCITANIE,2021-07-18 08:30:00,2021,199,08:30:00,199.35,0.0,1251.0,417.0,407.0,458.0,67.0,-468.0,751.0,0.0,0.0,325.0,325.0,2620.0,2620.0,1593.0,2606.0,5499.0,5332.0,172.0,172.0,6022176
BOURGOGNE FRANCHE COMTE,2015-08-27 09:00:00,2015,239,09:00:00,239.38,23.0,0.0,4.0,37.0,15.0,20.0,0.0,2215.0,0.0,0.0,325.0,80.0,0.0,0.0,376.0,262.0,513.0,513.0,29.0,29.0,2820940
PAYS DE LA LOIRE,2015-04-09 06:30:00,2015,99,06:30:00,99.27,434.0,0.0,210.0,0.0,3.0,36.0,0.0,2569.0,0.0,0.0,1867.0,1234.0,0.0,0.0,545.0,445.0,7.0,7.0,59.0,59.0,3718512
OCCITANIE,2018-02-15 06:00:00,2018,46,06:00:00,46.25,78.0,2508.0,400.0,0.0,1587.0,80.0,-849.0,1606.0,0.0,0.0,291.0,291.0,2620.0,2620.0,1365.0,1823.0,5482.0,5282.0,145.0,145.0,5885496
BRETAGNE,2018-08-01 22:00:00,2018,213,22:00:00,213.92,1.0,0.0,81.0,0.0,2.0,52.0,-1.0,1933.0,0.0,0.0,904.0,770.0,0.0,0.0,975.0,254.0,270.0,270.0,69.0,69.0,3335414
GRAND EST,2020-07-04 11:00:00,2020,186,11:00:00,186.46,289.0,4280.0,1733.0,316.0,1132.0,129.0,0.0,-3615.0,0.0,0.0,3535.0,3137.0,10820.0,9698.0,3629.0,627.0,2304.0,1882.0,184.0,184.0,5562651
CENTRE VAL DE LOIRE,2019-09-20 22:30:00,2019,263,22:30:00,263.94,14.0,6072.0,694.0,0.0,0.0,64.0,0.0,-5162.0,0.0,0.0,229.0,229.0,11630.0,10734.0,1195.0,326.0,91.0,91.0,86.0,86.0,2573180
GRAND EST,2015-04-06 22:00:00,2015,96,22:00:00,96.92,24.0,5960.0,565.0,0.0,1399.0,77.0,0.0,-2946.0,0.0,0.0,3420.0,3104.0,10820.0,9560.0,2362.0,523.0,2284.0,2284.0,109.0,109.0,5559051
BRETAGNE,2018-11-05 11:30:00,2018,309,11:30:00,309.48,157.0,0.0,62.0,32.0,179.0,36.0,-1.0,2790.0,0.0,0.0,944.0,859.0,0.0,0.0,988.0,255.0,270.0,270.0,70.0,70.0,3335414
AUVERGNE RHONE ALPES,2014-08-04 01:30:00,2014,216,01:30:00,216.06,32.0,7893.0,21.0,0.0,4055.0,87.0,-1227.0,-5983.0,0.0,0.0,938.0,938.0,13570.0,13570.0,347.0,819.0,11153.0,10987.0,140.0,140.0,7820966
BRETAGNE,2021-04-05 22:30:00,2021,95,22:30:00,95.94,2.0,0.0,249.0,0.0,35.0,54.0,-1.0,2333.0,0.0,0.0,982.0,982.0,0.0,0.0,1065.0,311.0,272.0,272.0,81.0,81.0,3394567
HAUTS DE FRANCE,2020-05-01 00:30:00,2020,122,00:30:00,122.02,176.0,4547.0,1761.0,0.0,2.0,133.0,0.0,-1718.0,0.0,0.0,2970.0,2503.0,5460.0,4550.0,5048.0,242.0,5.0,5.0,181.0,181.0,5997734
CENTRE VAL DE LOIRE,2014-04-24 22:30:00,2014,114,22:30:00,114.94,0.0,8919.0,139.0,0.0,1.0,43.0,0.0,-7026.0,0.0,0.0,162.0,162.0,11630.0,11630.0,749.0,215.0,91.0,91.0,56.0,56.0,2577435
GRAND EST,2018-10-12 21:00:00,2018,285,21:00:00,285.88,1850.0,7942.0,1206.0,0.0,521.0,76.0,0.0,-6700.0,0.0,0.0,3521.0,3521.0,10820.0,9614.0,3155.0,559.0,2301.0,1997.0,161.0,161.0,5550389
NOUVELLE AQUITAINE,2014-10-10 02:30:00,2014,283,02:30:00,283.1,19.0,3500.0,36.0,0.0,203.0,145.0,0.0,33.0,0.0,0.0,421.0,421.0,6630.0,5720.0,459.0,1275.0,1772.0,1772.0,223.0,223.0,5879144
BRETAGNE,2021-11-18 22:00:00,2021,322,22:00:00,322.92,525.0,0.0,11.0,0.0,73.0,50.0,-1.0,2194.0,0.0,0.0,1428.0,982.0,0.0,0.0,1125.0,349.0,272.0,272.0,82.0,82.0,3394567
NOUVELLE AQUITAINE,2016-10-26 17:00:00,2016,300,17:00:00,300.71,77.0,5064.0,55.0,524.0,121.0,109.0,0.0,-1097.0,0.0,0.0,429.0,429.0,6630.0,5135.0,660.0,1913.0,1779.0,1673.0,280.0,280.0,5935603
PAYS DE LA LOIRE,2016-09-24 07:30:00,2016,268,07:30:00,268.31,431.0,0.0,267.0,0.0,0.0,40.0,0.0,1368.0,0.0,0.0,1880.0,1289.0,0.0,0.0,687.0,479.0,8.0,8.0,63.0,63.0,3737632
ILE DE FRANCE,2021-12-17 18:30:00,2021,351,18:30:00,351.77,520.0,0.0,45.0,0.0,8.0,134.0,0.0,10453.0,0.0,0.0,2171.0,2171.0,0.0,0.0,148.0,194.0,20.0,20.0,314.0,314.0,12317279
HAUTS DE FRANCE,2019-02-14 07:00:00,2019,45,07:00:00,45.29,2202.0,5356.0,465.0,0.0,2.0,120.0,0.0,-662.0,0.0,0.0,2969.0,2969.0,5460.0,5341.0,4378.0,235.0,5.0,5.0,177.0,177.0,6004947
CENTRE VAL DE LOIRE,2020-07-03 22:00:00,2020,185,22:00:00,185.92,0.0,5419.0,106.0,0.0,10.0,56.0,0.0,-3855.0,0.0,0.0,229.0,229.0,11630.0,10710.0,1256.0,375.0,92.0,92.0,88.0,88.0,2574863
PAYS DE LA LOIRE,2020-11-27 07:00:00,2020,332,07:00:00,332.29,965.0,0.0,103.0,0.0,1.0,58.0,0.0,2800.0,0.0,0.0,2054.0,1862.0,0.0,0.0,1046.0,678.0,10.0,10.0,77.0,77.0,3832120
HAUTS DE FRANCE,2015-05-10 16:30:00,2015,130,16:30:00,130.69,355.0,3403.0,213.0,60.0,2.0,105.0,0.0,197.0,0.0,0.0,2301.0,1970.0,5460.0,4550.0,2725.0,213.0,5.0,5.0,159.0,159.0,6009976
ILE DE FRANCE,2018-09-10 19:00:00,2018,253,19:00:00,253.79,-1.0,0.0,5.0,9.0,3.0,143.0,0.0,7386.0,0.0,0.0,2157.0,2088.0,0.0,0.0,88.0,123.0,20.0,20.0,306.0,306.0,12213447
ILE DE FRANCE,2018-07-29 22:30:00,2018,210,22:30:00,210.94,-1.0,0.0,8.0,0.0,6.0,125.0,0.0,6033.0,0.0,0.0,2157.0,2116.0,0.0,0.0,88.0,122.0,20.0,20.0,306.0,306.0,12213447
GRAND EST,2021-04-21 18:30:00,2021,111,18:30:00,111.77,900.0,5582.0,558.0,107.0,614.0,137.0,0.0,-2803.0,0.0,0.0,3585.0,3172.0,10820.0,9940.0,3900.0,884.0,2305.0,2103.0,207.0,207.0,5561287
ILE DE FRANCE,2013-02-09 02:00:00,2013,40,02:00:00,40.08,724.0,0.0,1.0,0.0,0.0,135.0,0.0,8880.0,0.0,0.0,2121.0,2121.0,0.0,0.0,37.0,108.0,19.0,19.0,262.0,262.0,11959807
BRETAGNE,2019-01-11 13:30:00,2019,11,13:30:00,11.56,260.0,0.0,68.0,42.0,28.0,36.0,-1.0,3244.0,0.0,0.0,956.0,822.0,0.0,0.0,995.0,261.0,270.0,270.0,70.0,70.0,3354854
AUVERGNE RHONE ALPES,2022-05-24 10:30:00,2022,144,10:30:00,144.44,423.0,8088.0,101.0,669.0,3468.0,113.0,-5.0,-5780.0,0.0,0.0,1048.0,1048.0,13570.0,12750.0,723.0,1688.0,11782.0,11634.0,208.0,208.0,8155762
CENTRE VAL DE LOIRE,2013-07-19 23:00:00,2013,200,23:00:00,200.96,6.0,7331.0,192.0,0.0,10.0,29.0,0.0,-5610.0,0.0,0.0,162.0,162.0,11630.0,11630.0,697.0,211.0,91.0,91.0,56.0,56.0,2570548
AUVERGNE RHONE ALPES,2016-10-19 06:30:00,2016,293,06:30:00,293.27,539.0,7218.0,63.0,0.0,1820.0,77.0,-7.0,-2148.0,0.0,0.0,966.0,966.0,13570.0,12665.0,399.0,932.0,11226.0,11045.0,177.0,177.0,7916889
NORMANDIE,2019-11-03 10:30:00,2019,307,10:30:00,307.44,288.0,3327.0,140.0,22.0,20.0,61.0,0.0,-950.0,0.0,0.0,833.0,253.0,10640.0,9472.0,806.0,260.0,31.0,31.0,108.0,108.0,3325032
PAYS DE LA LOIRE,2014-06-02 08:30:00,2014,153,08:30:00,153.35,17.0,0.0,2.0,49.0,3.0,33.0,0.0,2855.0,0.0,0.0,1864.0,1429.0,0.0,0.0,518.0,413.0,7.0,7.0,58.0,58.0,3690833
HAUTS DE FRANCE,2018-09-12 03:30:00,2018,255,03:30:00,255.15,564.0,2556.0,151.0,0.0,0.0,119.0,0.0,1025.0,0.0,0.0,2922.0,2775.0,5460.0,4550.0,4014.0,229.0,5.0,5.0,171.0,171.0,6004108
NOUVELLE AQUITAINE,2020-09-18 22:00:00,2020,262,22:00:00,262.92,44.0,2711.0,253.0,0.0,133.0,126.0,0.0,692.0,0.0,0.0,571.0,571.0,6630.0,5427.0,1166.0,2741.0,1783.0,1672.0,341.0,341.0,6033952
BRETAGNE,2013-08-25 18:30:00,2013,237,18:30:00,237.77,0.0,0.0,203.0,14.0,190.0,32.0,-1.0,1113.0,0.0,0.0,665.0,665.0,0.0,0.0,722.0,206.0,11.0,11.0,48.0,48.0,3258707
BRETAGNE,2015-11-25 01:30:00,2015,329,01:30:00,329.06,100.0,0.0,210.0,0.0,175.0,32.0,-1.0,2135.0,0.0,0.0,739.0,739.0,0.0,0.0,813.0,223.0,275.0,275.0,56.0,56.0,3293850
NOUVELLE AQUITAINE,2019-11-02 19:30:00,2019,306,19:30:00,306.81,196.0,5706.0,636.0,-1.0,557.0,178.0,0.0,-2563.0,0.0,0.0,562.0,562.0,6630.0,5720.0,1029.0,2600.0,1782.0,1670.0,340.0,340.0,6010289
ILE DE FRANCE,2016-06-19 03:30:00,2016,171,03:30:00,171.15,-4.0,0.0,4.0,0.0,0.0,136.0,0.0,4804.0,0.0,0.0,2149.0,1576.0,0.0,0.0,61.0,114.0,19.0,19.0,300.0,300.0,12117132
AUVERGNE RHONE ALPES,2015-04-24 20:30:00,2015,114,20:30:00,114.85,62.0,10217.0,63.0,1.0,5351.0,91.0,-3.0,-9132.0,0.0,0.0,944.0,944.0,13570.0,12445.0,372.0,875.0,11181.0,10875.0,141.0,141.0,7877698
ILE DE FRANCE,2016-09-18 19:00:00,2016,262,19:00:00,262.79,-4.0,0.0,8.0,3.0,7.0,150.0,0.0,6336.0,0.0,0.0,2149.0,1652.0,0.0,0.0,61.0,115.0,19.0,19.0,300.0,300.0,12117132
ILE DE FRANCE,2015-04-15 08:00:00,2015,105,08:00:00,105.33,4.0,0.0,2.0,3.0,6.0,107.0,0.0,7951.0,0.0,0.0,2144.0,1774.0,0.0,0.0,37.0,112.0,19.0,19.0,286.0,286.0,12082144
PROVENCE ALPES COTE D AZUR,2020-05-18 14:30:00,2020,139,14:30:00,139.6,47.0,0.0,14.0,966.0,1647.0,110.0,0.0,1215.0,0.0,0.0,2710.0,2300.0,0.0,0.0,48.0,1458.0,3259.0,3259.0,357.0,207.0,5098666
PAYS DE LA LOIRE,2022-12-28 05:00:00,2022,362,05:00:00,362.21,122.0,0.0,977.0,0.0,6.0,55.0,0.0,1790.0,0.0,0.0,2068.0,1850.0,0.0,0.0,1707.0,940.0,10.0,10.0,80.0,80.0,3878839
HAUTS DE FRANCE,2018-03-19 03:30:00,2018,78,03:30:00,78.15,783.0,4504.0,376.0,0.0,2.0,118.0,0.0,572.0,0.0,0.0,2922.0,2922.0,5460.0,4550.0,3819.0,218.0,5.0,5.0,170.0,170.0,6004108
NORMANDIE,2017-12-01 05:00:00,2017,335,05:00:00,335.21,486.0,7600.0,395.0,0.0,14.0,58.0,0.0,-4655.0,0.0,0.0,813.0,233.0,10640.0,9643.0,705.0,233.0,31.0,31.0,100.0,100.0,3330478
GRAND EST,2013-08-18 11:00:00,2013,230,11:00:00,230.46,78.0,7076.0,589.0,130.0,821.0,43.0,-353.0,-4934.0,0.0,0.0,3398.0,3398.0,10820.0,10555.0,1943.0,506.0,2280.0,2280.0,93.0,93.0,5552388
BRETAGNE,2016-04-06 09:00:00,2016,97,09:00:00,97.38,0.0,0.0,314.0,13.0,14.0,36.0,-1.0,2770.0,0.0,0.0,771.0,771.0,0.0,0.0,829.0,225.0,275.0,275.0,56.0,56.0,3306529
BOURGOGNE FRANCHE COMTE,2015-02-20 03:30:00,2015,51,03:30:00,51.15,139.0,0.0,162.0,0.0,76.0,21.0,0.0,2674.0,0.0,0.0,325.0,80.0,0.0,0.0,344.0,253.0,510.0,510.0,29.0,29.0,2820940
HAUTS DE FRANCE,2021-02-23 19:00:00,2021,54,19:00:00,54.79,1065.0,3616.0,2497.0,0.0,2.0,138.0,0.0,-1042.0,0.0,0.0,2990.0,2990.0,5460.0,4550.0,5413.0,315.0,5.0,5.0,182.0,182.0,5995292
NOUVELLE AQUITAINE,2014-07-18 16:00:00,2014,199,16:00:00,199.67,25.0,4888.0,92.0,365.0,482.0,126.0,0.0,-950.0,0.0,0.0,421.0,421.0,6630.0,6630.0,447.0,1179.0,1772.0,1772.0,220.0,220.0,5879144
PROVENCE ALPES COTE D AZUR,2023-01-19 07:30:00,2023,19,07:30:00,19.31,287.0,0.0,50.0,0.0,1946.0,43.0,0.0,3889.0,0.0,0.0,2724.0,2355.0,0.0,0.0,96.0,1993.0,3271.0,3216.0,357.0,357.0,5160091
NOUVELLE AQUITAINE,2014-07-13 20:00:00,2014,194,20:00:00,194.83,25.0,3870.0,89.0,32.0,327.0,128.0,0.0,-692.0,0.0,0.0,421.0,421.0,6630.0,6630.0,447.0,1167.0,1772.0,1772.0,220.0,220.0,5879144
BRETAGNE,2018-05-14 02:30:00,2018,134,02:30:00,134.1,1.0,0.0,176.0,0.0,120.0,46.0,-1.0,1588.0,0.0,0.0,904.0,794.0,0.0,0.0,951.0,252.0,270.0,270.0,68.0,68.0,3335414
ILE DE FRANCE,2016-08-27 00:00:00,2016,240,00:00:00,240.0,-3.0,0.0,6.0,0.0,6.0,116.0,0.0,6446.0,0.0,0.0,2149.0,1647.0,0.0,0.0,61.0,115.0,19.0,19.0,300.0,300.0,12117132
PROVENCE ALPES COTE D AZUR,2020-12-30 04:00:00,2020,365,04:00:00,365.17,371.0,0.0,8.0,0.0,566.0,110.0,-51.0,4439.0,0.0,0.0,2715.0,2438.0,0.0,0.0,96.0,1542.0,3266.0,3235.0,357.0,357.0,5098666
OCCITANIE,2021-05-29 09:00:00,2021,149,09:00:00,149.38,0.0,1256.0,144.0,470.0,847.0,48.0,-87.0,389.0,0.0,0.0,318.0,318.0,2620.0,2620.0,1593.0,2565.0,5499.0,5332.0,172.0,172.0,6022176
AUVERGNE RHONE ALPES,2016-04-20 04:30:00,2016,111,04:30:00,111.19,32.0,8139.0,73.0,0.0,3185.0,108.0,-1542.0,-3199.0,0.0,0.0,959.0,959.0,13570.0,12696.0,384.0,914.0,11209.0,11038.0,170.0,170.0,7916889
HAUTS DE FRANCE,2017-06-27 03:30:00,2017,178,03:30:00,178.15,1250.0,2608.0,561.0,0.0,0.0,115.0,0.0,-111.0,0.0,0.0,2900.0,2773.0,5460.0,4550.0,3488.0,215.0,5.0,5.0,165.0,165.0,6003815
PAYS DE LA LOIRE,2022-05-01 10:30:00,2022,121,10:30:00,121.44,12.0,0.0,61.0,354.0,2.0,62.0,0.0,1873.0,0.0,0.0,2068.0,1656.0,0.0,0.0,1137.0,841.0,10.0,10.0,80.0,80.0,3878839
PROVENCE ALPES COTE D AZUR,2021-08-02 16:00:00,2021,214,16:00:00,214.67,24.0,0.0,33.0,1023.0,668.0,202.0,0.0,2576.0,0.0,0.0,2715.0,2452.0,0.0,0.0,96.0,1653.0,3266.0,3235.0,357.0,357.0,5127840
OCCITANIE,2015-08-18 21:00:00,2015,230,21:00:00,230.88,-3.0,1259.0,204.0,0.0,1154.0,89.0,-1.0,723.0,0.0,0.0,266.0,0.0,2620.0,1310.0,1039.0,1436.0,5455.0,5228.0,137.0,137.0,5774185
CENTRE VAL DE LOIRE,2013-09-10 10:00:00,2013,253,10:00:00,253.42,6.0,5038.0,71.0,46.0,0.0,21.0,0.0,-3198.0,0.0,0.0,162.0,162.0,11630.0,11630.0,717.0,212.0,91.0,91.0,56.0,56.0,2570548
NORMANDIE,2014-06-10 04:30:00,2014,161,04:30:00,161.19,222.0,7876.0,7.0,0.0,15.0,61.0,0.0,-6139.0,0.0,0.0,761.0,181.0,10640.0,10640.0,482.0,212.0,24.0,24.0,90.0,90.0,3335645
BOURGOGNE FRANCHE COMTE,2020-03-06 15:00:00,2020,66,15:00:00,66.62,159.0,0.0,157.0,87.0,286.0,50.0,0.0,2265.0,0.0,0.0,401.0,401.0,0.0,0.0,877.0,346.0,521.0,521.0,69.0,69.0,2801695
ILE DE FRANCE,2021-01-12 16:00:00,2021,12,16:00:00,12.67,664.0,0.0,90.0,3.0,10.0,135.0,0.0,10670.0,0.0,0.0,2171.0,2171.0,0.0,0.0,125.0,170.0,20.0,20.0,314.0,314.0,12317279
CENTRE VAL DE LOIRE,2018-08-23 00:00:00,2018,235,00:00:00,235.0,0.0,7406.0,212.0,0.0,0.0,55.0,0.0,-5743.0,0.0,0.0,216.0,216.0,11630.0,10775.0,1036.0,298.0,91.0,91.0,76.0,76.0,2572853
GRAND EST,2015-03-30 14:00:00,2015,89,14:00:00,89.58,484.0,7247.0,1944.0,226.0,1229.0,73.0,0.0,-5220.0,0.0,0.0,3420.0,3160.0,10820.0,9572.0,2362.0,523.0,2284.0,2284.0,109.0,109.0,5559051
ILE DE FRANCE,2013-12-23 19:30:00,2013,357,19:30:00,357.81,266.0,0.0,18.0,0.0,8.0,141.0,0.0,10704.0,0.0,0.0,2122.0,2122.0,0.0,0.0,37.0,110.0,19.0,19.0,282.0,282.0,11959807
HAUTS DE FRANCE,2015-03-27 03:30:00,2015,86,03:30:00,86.15,1239.0,4403.0,720.0,0.0,3.0,108.0,0.0,-246.0,0.0,0.0,2301.0,2121.0,5460.0,4550.0,2713.0,213.0,5.0,5.0,159.0,159.0,6009976
GRAND EST,2021-04-29 16:30:00,2021,119,16:30:00,119.69,1228.0,6297.0,903.0,279.0,605.0,130.0,0.0,-4593.0,0.0,0.0,3585.0,3172.0,10820.0,9940.0,3900.0,884.0,2305.0,2103.0,207.0,207.0,5561287
PAYS DE LA LOIRE,2013-11-23 04:00:00,2013,327,04:00:00,327.17,1106.0,0.0,161.0,0.0,2.0,37.0,0.0,2007.0,0.0,0.0,1856.0,1856.0,0.0,0.0,512.0,398.0,6.0,6.0,58.0,58.0,3660852
GRAND EST,2013-01-03 02:30:00,2013,3,02:30:00,3.1,477.0,9569.0,486.0,0.0,1182.0,56.0,-722.0,-5670.0,0.0,0.0,3398.0,3398.0,10820.0,10820.0,1803.0,498.0,2280.0,2280.0,79.0,79.0,5552388
BOURGOGNE FRANCHE COMTE,2022-12-01 09:30:00,2022,335,09:30:00,335.4,179.0,0.0,284.0,23.0,281.0,53.0,0.0,2105.0,0.0,0.0,401.0,401.0,0.0,0.0,1067.0,639.0,524.0,524.0,75.0,75.0,2797366
CENTRE VAL DE LOIRE,2020-09-26 06:30:00,2020,270,06:30:00,270.27,26.0,6432.0,809.0,0.0,1.0,60.0,0.0,-5619.0,0.0,0.0,229.0,229.0,11630.0,10657.0,1256.0,385.0,92.0,92.0,88.0,88.0,2574863
AUVERGNE RHONE ALPES,2013-11-29 17:00:00,2013,333,17:00:00,333.71,225.0,12439.0,60.0,1.0,4606.0,82.0,-6.0,-6882.0,0.0,0.0,926.0,926.0,13570.0,13570.0,335.0,747.0,11128.0,11128.0,125.0,125.0,7757595
ILE DE FRANCE,2015-12-21 10:30:00,2015,355,10:30:00,355.44,277.0,0.0,20.0,7.0,10.0,140.0,0.0,9448.0,0.0,0.0,2149.0,1787.0,0.0,0.0,61.0,114.0,19.0,19.0,300.0,300.0,12082144
HAUTS DE FRANCE,2015-02-13 03:30:00,2015,44,03:30:00,44.15,780.0,5506.0,548.0,0.0,2.0,96.0,0.0,53.0,0.0,0.0,2301.0,2301.0,5460.0,5460.0,2634.0,213.0,5.0,5.0,155.0,155.0,6009976
NOUVELLE AQUITAINE,2017-02-05 00:00:00,2017,36,00:00:00,36.0,262.0,4692.0,161.0,-1.0,317.0,196.0,0.0,234.0,0.0,0.0,457.0,457.0,6630.0,5318.0,734.0,1926.0,1780.0,1780.0,295.0,295.0,5956978
OCCITANIE,2015-05-07 18:00:00,2015,127,18:00:00,127.75,-4.0,2498.0,49.0,501.0,2211.0,70.0,-25.0,-1899.0,0.0,0.0,266.0,0.0,2620.0,2620.0,943.0,1395.0,5448.0,5221.0,133.0,133.0,5774185
HAUTS DE FRANCE,2019-02-13 14:30:00,2019,44,14:30:00,44.6,2065.0,5327.0,201.0,71.0,2.0,118.0,0.0,-506.0,0.0,0.0,2969.0,2969.0,5460.0,5341.0,4378.0,235.0,5.0,5.0,177.0,177.0,6004947
BRETAGNE,2017-06-12 06:00:00,2017,163,06:00:00,163.25,1.0,0.0,68.0,0.0,87.0,44.0,-1.0,1402.0,0.0,0.0,848.0,777.0,0.0,0.0,898.0,237.0,275.0,275.0,66.0,66.0,3318904
NORMANDIE,2017-08-11 23:00:00,2017,223,23:00:00,223.96,301.0,5842.0,126.0,0.0,8.0,49.0,0.0,-3499.0,0.0,0.0,785.0,205.0,10640.0,9634.0,637.0,223.0,31.0,31.0,99.0,99.0,3330478
NOUVELLE AQUITAINE,2015-08-05 14:00:00,2015,217,14:00:00,217.58,13.0,3629.0,3.0,1028.0,120.0,151.0,0.0,125.0,0.0,0.0,427.0,427.0,6630.0,5720.0,526.0,1525.0,1775.0,1661.0,239.0,239.0,5911482
PROVENCE ALPES COTE D AZUR,2014-04-14 14:30:00,2014,104,14:30:00,104.6,148.0,0.0,20.0,538.0,1812.0,73.0,-25.0,1984.0,0.0,0.0,2592.0,2318.0,0.0,0.0,45.0,818.0,3160.0,3160.0,169.0,169.0,4983438
AUVERGNE RHONE ALPES,2017-03-05 17:00:00,2017,64,17:00:00,64.71,178.0,10968.0,301.0,76.0,2747.0,121.0,-1389.0,-5209.0,0.0,0.0,984.0,984.0,13570.0,12387.0,482.0,939.0,11238.0,11024.0,178.0,178.0,7948287
GRAND EST,2019-10-20 16:30:00,2019,293,16:30:00,293.69,1613.0,10637.0,504.0,107.0,954.0,115.0,-165.0,-9611.0,0.0,0.0,3531.0,3531.0,10820.0,9730.0,3477.0,603.0,2303.0,2076.0,173.0,173.0,5556219
ILE DE FRANCE,2013-08-03 18:30:00,2013,215,18:30:00,215.77,0.0,0.0,2.0,16.0,8.0,148.0,0.0,5976.0,0.0,0.0,2121.0,2121.0,0.0,0.0,37.0,109.0,19.0,19.0,282.0,282.0,11959807
PAYS DE LA LOIRE,2020-03-07 05:00:00,2020,67,05:00:00,67.21,581.0,0.0,271.0,0.0,4.0,52.0,0.0,2459.0,0.0,0.0,2050.0,1857.0,0.0,0.0,989.0,631.0,10.0,10.0,76.0,76.0,3832120
CENTRE VAL DE LOIRE,2020-09-14 00:00:00,2020,258,00:00:00,258.0,12.0,5335.0,556.0,0.0,1.0,48.0,0.0,-4298.0,0.0,0.0,229.0,229.0,11630.0,10655.0,1256.0,382.0,92.0,92.0,88.0,88.0,2574863
PAYS DE LA LOIRE,2020-10-23 12:00:00,2020,297,12:00:00,297.5,934.0,0.0,97.0,263.0,0.0,50.0,0.0,2024.0,0.0,0.0,2054.0,1984.0,0.0,0.0,1035.0,668.0,10.0,10.0,77.0,77.0,3832120
AUVERGNE RHONE ALPES,2014-09-17 17:00:00,2014,260,17:00:00,260.71,51.0,11001.0,111.0,154.0,1943.0,55.0,-20.0,-5974.0,0.0,0.0,938.0,938.0,13570.0,12655.0,347.0,831.0,11153.0,11001.0,141.0,141.0,7820966
NORMANDIE,2022-12-22 12:30:00,2022,356,12:30:00,356.52,346.0,6479.0,593.0,9.0,16.0,88.0,0.0,-3946.0,0.0,0.0,853.0,853.0,10640.0,9310.0,965.0,326.0,31.0,31.0,149.0,149.0,3327604
PROVENCE ALPES COTE D AZUR,2014-12-27 08:00:00,2014,361,08:00:00,361.33,250.0,0.0,2.0,0.0,794.0,71.0,-51.0,4403.0,0.0,0.0,2600.0,2282.0,0.0,0.0,45.0,879.0,3168.0,3168.0,183.0,183.0,4983438
OCCITANIE,2013-12-19 10:00:00,2013,353,10:00:00,353.42,58.0,2565.0,37.0,9.0,2259.0,75.0,0.0,583.0,0.0,0.0,251.0,251.0,2620.0,2620.0,889.0,1192.0,5395.0,5395.0,127.0,127.0,5683878
NORMANDIE,2013-06-26 02:30:00,2013,177,02:30:00,177.1,224.0,7352.0,7.0,0.0,10.0,38.0,0.0,-5109.0,0.0,0.0,761.0,761.0,10640.0,10640.0,432.0,208.0,23.0,23.0,88.0,88.0,3328364
HAUTS DE FRANCE,2019-06-06 05:00:00,2019,157,05:00:00,157.21,512.0,2119.0,676.0,0.0,1.0,136.0,0.0,974.0,0.0,0.0,2969.0,2756.0,5460.0,4593.0,4517.0,236.0,5.0,5.0,178.0,178.0,6004947
NOUVELLE AQUITAINE,2021-02-28 08:30:00,2021,59,08:30:00,59.35,218.0,3291.0,504.0,186.0,613.0,176.0,0.0,473.0,0.0,0.0,578.0,578.0,6630.0,6630.0,1206.0,2983.0,1783.0,1783.0,353.0,353.0,6069352
PROVENCE ALPES COTE D AZUR,2015-10-18 23:00:00,2015,291,23:00:00,291.96,1925.0,0.0,3.0,0.0,610.0,76.0,0.0,2065.0,0.0,0.0,2610.0,2145.0,0.0,0.0,48.0,963.0,3171.0,3171.0,183.0,183.0,5007977
CENTRE VAL DE LOIRE,2021-06-16 18:30:00,2021,167,18:30:00,167.77,0.0,7017.0,10.0,113.0,18.0,51.0,0.0,-5339.0,0.0,0.0,229.0,229.0,11630.0,11630.0,1333.0,552.0,92.0,92.0,89.0,89.0,2573303
BRETAGNE,2020-02-20 10:30:00,2020,51,10:30:00,51.44,335.0,0.0,802.0,34.0,155.0,49.0,-1.0,2128.0,0.0,0.0,978.0,936.0,0.0,0.0,1021.0,279.0,272.0,272.0,78.0,78.0,3373835
PROVENCE ALPES COTE D AZUR,2014-04-06 03:30:00,2014,96,03:30:00,96.15,146.0,0.0,27.0,0.0,1195.0,71.0,-2.0,2294.0,0.0,0.0,2592.0,2318.0,0.0,0.0,45.0,818.0,3160.0,3160.0,169.0,169.0,4983438
PROVENCE ALPES COTE D AZUR,2017-04-05 03:30:00,2017,95,03:30:00,95.15,686.0,0.0,32.0,0.0,643.0,94.0,0.0,2265.0,0.0,0.0,2630.0,2324.0,0.0,0.0,48.0,1062.0,3193.0,3193.0,354.0,354.0,5030890
NOUVELLE AQUITAINE,2018-06-19 14:00:00,2018,170,14:00:00,170.58,21.0,3956.0,46.0,1522.0,533.0,195.0,0.0,-1426.0,0.0,0.0,482.0,482.0,6630.0,5767.0,924.0,2355.0,1781.0,1670.0,315.0,315.0,5979778
NOUVELLE AQUITAINE,2021-02-04 15:00:00,2021,35,15:00:00,35.62,204.0,5125.0,100.0,484.0,1423.0,183.0,0.0,-1606.0,0.0,0.0,577.0,577.0,6630.0,5135.0,1206.0,2911.0,1783.0,1783.0,352.0,352.0,6069352
NOUVELLE AQUITAINE,2022-06-08 05:30:00,2022,159,05:30:00,159.23,27.0,2675.0,374.0,0.0,115.0,152.0,0.0,-109.0,0.0,0.0,579.0,579.0,6630.0,5511.0,1489.0,3642.0,1785.0,1678.0,356.0,356.0,6098051
PAYS DE LA LOIRE,2014-12-18 19:30:00,2014,352,19:30:00,352.81,1017.0,0.0,229.0,0.0,5.0,49.0,0.0,2801.0,0.0,0.0,1864.0,1864.0,0.0,0.0,537.0,437.0,7.0,7.0,58.0,58.0,3690833
NORMANDIE,2014-09-08 07:30:00,2014,251,07:30:00,251.31,223.0,7602.0,36.0,0.0,8.0,62.0,0.0,-5252.0,0.0,0.0,761.0,181.0,10640.0,10640.0,489.0,213.0,24.0,24.0,91.0,91.0,3335645
NOUVELLE AQUITAINE,2022-09-08 12:00:00,2022,251,12:00:00,251.5,89.0,1337.0,638.0,1493.0,55.0,140.0,0.0,705.0,0.0,0.0,579.0,579.0,6630.0,5670.0,1592.0,3761.0,1786.0,1674.0,356.0,356.0,6098051
AUVERGNE RHONE ALPES,2019-03-17 05:00:00,2019,76,05:00:00,76.21,182.0,8123.0,292.0,0.0,2283.0,140.0,-1657.0,-2866.0,0.0,0.0,1027.0,1027.0,13570.0,12783.0,607.0,1131.0,11241.0,11045.0,189.0,189.0,8042936
OCCITANIE,2021-12-01 01:00:00,2021,335,01:00:00,335.04,128.0,1282.0,539.0,0.0,370.0,73.0,-665.0,4304.0,0.0,0.0,326.0,326.0,2620.0,2620.0,1593.0,2765.0,5500.0,5465.0,173.0,173.0,6022176
GRAND EST,2022-10-09 12:30:00,2022,282,12:30:00,282.52,1009.0,3511.0,424.0,735.0,828.0,152.0,-512.0,-1686.0,0.0,0.0,3590.0,3590.0,10820.0,9638.0,4373.0,1099.0,2308.0,2106.0,235.0,235.0,5563889
OCCITANIE,2021-05-05 20:30:00,2021,125,20:30:00,125.85,0.0,1228.0,584.0,37.0,1246.0,81.0,-36.0,643.0,0.0,0.0,318.0,318.0,2620.0,2620.0,1593.0,2537.0,5499.0,5266.0,172.0,172.0,6022176
BOURGOGNE FRANCHE COMTE,2016-02-12 17:30:00,2016,43,17:30:00,43.73,145.0,0.0,243.0,2.0,278.0,22.0,0.0,2580.0,0.0,0.0,329.0,329.0,0.0,0.0,414.0,264.0,513.0,513.0,29.0,29.0,2818338
ILE DE FRANCE,2016-11-24 03:30:00,2016,329,03:30:00,329.15,379.0,0.0,17.0,0.0,5.0,154.0,0.0,6213.0,0.0,0.0,2149.0,1576.0,0.0,0.0,61.0,116.0,19.0,19.0,301.0,301.0,12117132
PROVENCE ALPES COTE D AZUR,2020-04-22 19:30:00,2020,113,19:30:00,113.81,99.0,0.0,5.0,68.0,1310.0,110.0,0.0,2427.0,0.0,0.0,2710.0,2313.0,0.0,0.0,48.0,1456.0,3256.0,3256.0,357.0,207.0,5098666
BRETAGNE,2017-04-03 13:30:00,2017,93,13:30:00,93.56,0.0,0.0,63.0,120.0,4.0,41.0,-35.0,2459.0,0.0,0.0,848.0,848.0,0.0,0.0,887.0,234.0,275.0,275.0,61.0,61.0,3318904
BOURGOGNE FRANCHE COMTE,2015-11-15 06:00:00,2015,319,06:00:00,319.25,130.0,0.0,227.0,0.0,5.0,19.0,-69.0,1687.0,0.0,0.0,325.0,80.0,0.0,0.0,414.0,262.0,513.0,513.0,29.0,29.0,2820940
BOURGOGNE FRANCHE COMTE,2013-02-05 17:30:00,2013,36,17:30:00,36.73,172.0,0.0,55.0,0.0,295.0,15.0,0.0,2816.0,0.0,0.0,301.0,301.0,0.0,0.0,204.0,226.0,479.0,479.0,24.0,24.0,2819783
AUVERGNE RHONE ALPES,2016-03-28 23:00:00,2016,88,23:00:00,88.96,141.0,9679.0,180.0,0.0,3463.0,124.0,-3.0,-5712.0,0.0,0.0,959.0,959.0,13570.0,12750.0,384.0,910.0,11205.0,11013.0,170.0,170.0,7916889
NOUVELLE AQUITAINE,2020-09-15 08:00:00,2020,259,08:00:00,259.33,54.0,2135.0,303.0,13.0,223.0,130.0,0.0,1497.0,0.0,0.0,571.0,571.0,6630.0,5384.0,1166.0,2731.0,1783.0,1674.0,341.0,341.0,6033952
PAYS DE LA LOIRE,2022-08-05 13:00:00,2022,217,13:00:00,217.54,18.0,0.0,267.0,611.0,0.0,61.0,0.0,1745.0,0.0,0.0,2068.0,1609.0,0.0,0.0,1662.0,876.0,10.0,10.0,80.0,80.0,3878839
NORMANDIE,2014-11-19 23:30:00,2014,323,23:30:00,323.98,383.0,8533.0,51.0,0.0,13.0,74.0,0.0,-5281.0,0.0,0.0,761.0,181.0,10640.0,10640.0,490.0,213.0,24.0,24.0,91.0,91.0,3335645
GRAND EST,2021-10-28 13:00:00,2021,301,13:00:00,301.54,1497.0,7952.0,230.0,407.0,380.0,138.0,0.0,-4455.0,0.0,0.0,3589.0,3589.0,10820.0,10076.0,4046.0,950.0,2305.0,2103.0,209.0,209.0,5561287
BRETAGNE,2014-07-19 01:30:00,2014,200,01:30:00,200.06,1.0,0.0,57.0,0.0,0.0,33.0,-49.0,1774.0,0.0,0.0,688.0,688.0,0.0,0.0,763.0,213.0,272.0,272.0,52.0,52.0,3276543
PAYS DE LA LOIRE,2016-01-23 03:00:00,2016,23,03:00:00,23.12,931.0,0.0,30.0,0.0,4.0,36.0,0.0,2414.0,0.0,0.0,1880.0,1558.0,0.0,0.0,605.0,457.0,8.0,8.0,61.0,61.0,3737632
BOURGOGNE FRANCHE COMTE,2020-05-04 16:30:00,2020,125,16:30:00,125.69,23.0,0.0,7.0,178.0,95.0,49.0,0.0,1812.0,0.0,0.0,401.0,401.0,0.0,0.0,877.0,348.0,521.0,521.0,69.0,69.0,2801695
ILE DE FRANCE,2018-04-24 05:00:00,2018,114,05:00:00,114.21,-4.0,0.0,0.0,0.0,3.0,153.0,0.0,4986.0,0.0,0.0,2157.0,2094.0,0.0,0.0,88.0,122.0,20.0,20.0,306.0,306.0,12213447
BRETAGNE,2015-03-20 07:00:00,2015,79,07:00:00,79.29,110.0,0.0,296.0,0.0,48.0,36.0,-1.0,2765.0,0.0,0.0,721.0,721.0,0.0,0.0,801.0,219.0,272.0,272.0,54.0,54.0,3293850
BRETAGNE,2016-08-02 16:00:00,2016,215,16:00:00,215.67,0.0,0.0,526.0,67.0,140.0,32.0,-1.0,1374.0,0.0,0.0,771.0,771.0,0.0,0.0,873.0,228.0,275.0,275.0,56.0,56.0,3306529
CENTRE VAL DE LOIRE,2015-06-03 01:00:00,2015,154,01:00:00,154.04,1.0,9652.0,279.0,0.0,2.0,47.0,0.0,-8147.0,0.0,0.0,166.0,166.0,11630.0,11096.0,818.0,236.0,91.0,91.0,71.0,71.0,2578592
HAUTS DE FRANCE,2021-08-24 09:00:00,2021,236,09:00:00,236.38,708.0,3505.0,711.0,69.0,2.0,111.0,0.0,-206.0,0.0,0.0,2990.0,2990.0,5460.0,4550.0,5531.0,407.0,5.0,5.0,183.0,183.0,5995292
BRETAGNE,2017-12-17 21:00:00,2017,351,21:00:00,351.88,229.0,0.0,389.0,0.0,12.0,50.0,0.0,2312.0,0.0,0.0,897.0,897.0,0.0,0.0,942.0,249.0,270.0,270.0,67.0,67.0,3318904
HAUTS DE FRANCE,2013-03-15 18:30:00,2013,74,18:30:00,74.77,1235.0,3229.0,912.0,3.0,1.0,60.0,0.0,2421.0,0.0,0.0,2268.0,2268.0,5460.0,5030.0,2114.0,210.0,4.0,4.0,122.0,122.0,5987883
BOURGOGNE FRANCHE COMTE,2021-08-15 07:30:00,2021,227,07:30:00,227.31,24.0,0.0,55.0,9.0,44.0,31.0,0.0,1217.0,0.0,0.0,401.0,401.0,0.0,0.0,969.0,460.0,524.0,524.0,72.0,72.0,2800194
ILE DE FRANCE,2016-02-17 04:00:00,2016,48,04:00:00,48.17,407.0,0.0,3.0,0.0,0.0,145.0,0.0,9003.0,0.0,0.0,2149.0,2149.0,0.0,0.0,61.0,114.0,19.0,19.0,300.0,300.0,12117132
OCCITANIE,2020-08-12 21:30:00,2020,225,21:30:00,225.9,0.0,0.0,376.0,1.0,987.0,97.0,0.0,2691.0,0.0,0.0,314.0,314.0,2620.0,1356.0,1593.0,2270.0,5494.0,5238.0,171.0,171.0,5973969
NOUVELLE AQUITAINE,2014-12-31 20:30:00,2014,365,20:30:00,365.85,120.0,5743.0,93.0,0.0,605.0,148.0,0.0,625.0,0.0,0.0,427.0,427.0,6630.0,5720.0,469.0,1349.0,1774.0,1774.0,232.0,232.0,5879144
OCCITANIE,2015-07-15 05:00:00,2015,196,05:00:00,196.21,-3.0,2269.0,152.0,0.0,453.0,91.0,-625.0,630.0,0.0,0.0,266.0,0.0,2620.0,2620.0,1039.0,1412.0,5454.0,5227.0,133.0,133.0,5774185
NOUVELLE AQUITAINE,2018-06-21 10:30:00,2018,172,10:30:00,172.44,23.0,4012.0,164.0,814.0,559.0,192.0,0.0,-913.0,0.0,0.0,482.0,482.0,6630.0,5767.0,924.0,2355.0,1781.0,1668.0,315.0,315.0,5979778
PROVENCE ALPES COTE D AZUR,2017-11-04 09:00:00,2017,308,09:00:00,308.38,1679.0,0.0,10.0,49.0,186.0,198.0,0.0,1892.0,0.0,0.0,2638.0,2304.0,0.0,0.0,48.0,1179.0,3224.0,3224.0,357.0,357.0,5030890
BRETAGNE,2020-02-29 05:00:00,2020,60,05:00:00,60.21,259.0,0.0,895.0,0.0,231.0,48.0,-1.0,1079.0,0.0,0.0,978.0,978.0,0.0,0.0,1028.0,279.0,272.0,272.0,78.0,78.0,3373835
HAUTS DE FRANCE,2020-04-15 04:00:00,2020,106,04:00:00,106.17,266.0,3991.0,1071.0,0.0,2.0,109.0,0.0,-941.0,0.0,0.0,2970.0,2562.0,5460.0,4641.0,5048.0,242.0,5.0,5.0,181.0,181.0,5997734
BOURGOGNE FRANCHE COMTE,2015-08-27 11:30:00,2015,239,11:30:00,239.48,23.0,0.0,49.0,105.0,17.0,19.0,0.0,2284.0,0.0,0.0,325.0,80.0,0.0,0.0,376.0,262.0,513.0,513.0,29.0,29.0,2820940
PROVENCE ALPES COTE D AZUR,2022-01-16 22:30:00,2022,16,22:30:00,16.94,1390.0,0.0,52.0,0.0,568.0,89.0,0.0,4047.0,0.0,0.0,2724.0,2460.0,0.0,0.0,96.0,1752.0,3266.0,3222.0,357.0,357.0,5150362
NORMANDIE,2019-04-22 20:00:00,2019,112,20:00:00,112.83,274.0,7416.0,44.0,5.0,13.0,42.0,0.0,-5295.0,0.0,0.0,833.0,833.0,10640.0,9437.0,801.0,254.0,31.0,31.0,106.0,106.0,3325032
CENTRE VAL DE LOIRE,2016-08-18 00:00:00,2016,231,00:00:00,231.0,0.0,6269.0,171.0,0.0,10.0,49.0,0.0,-4764.0,0.0,0.0,170.0,170.0,11630.0,10772.0,896.0,259.0,91.0,91.0,71.0,71.0,2577866
HAUTS DE FRANCE,2017-10-25 09:00:00,2017,298,09:00:00,298.38,1648.0,2687.0,888.0,1.0,1.0,92.0,0.0,730.0,0.0,0.0,2910.0,2679.0,5460.0,4550.0,3609.0,216.0,5.0,5.0,165.0,165.0,6003815
HAUTS DE FRANCE,2017-06-21 02:30:00,2017,172,02:30:00,172.1,1020.0,3513.0,532.0,0.0,1.0,109.0,0.0,-468.0,0.0,0.0,2900.0,2701.0,5460.0,4550.0,3488.0,215.0,5.0,5.0,165.0,165.0,6003815
AUVERGNE RHONE ALPES,2022-06-13 09:00:00,2022,164,09:00:00,164.38,373.0,8404.0,74.0,369.0,3644.0,113.0,-6.0,-5821.0,0.0,0.0,1048.0,1048.0,13570.0,12741.0,723.0,1697.0,11787.0,11639.0,208.0,208.0,8155762
NORMANDIE,2014-07-02 04:00:00,2014,183,04:00:00,183.17,227.0,4894.0,98.0,0.0,11.0,47.0,0.0,-3061.0,0.0,0.0,761.0,181.0,10640.0,10640.0,489.0,212.0,24.0,24.0,90.0,90.0,3335645
BOURGOGNE FRANCHE COMTE,2014-10-13 07:30:00,2014,286,07:30:00,286.31,18.0,0.0,84.0,0.0,44.0,12.0,0.0,2293.0,0.0,0.0,313.0,68.0,0.0,0.0,272.0,252.0,509.0,509.0,28.0,28.0,2820623
PROVENCE ALPES COTE D AZUR,2021-04-07 12:00:00,2021,97,12:00:00,97.5,1159.0,0.0,87.0,1057.0,799.0,66.0,0.0,2337.0,0.0,0.0,2715.0,2386.0,0.0,0.0,96.0,1581.0,3266.0,3235.0,357.0,357.0,5127840
GRAND EST,2014-11-02 20:30:00,2014,306,20:30:00,306.85,168.0,11177.0,1264.0,0.0,1331.0,83.0,0.0,-9291.0,0.0,0.0,3400.0,3200.0,10820.0,10820.0,2257.0,517.0,2283.0,2283.0,107.0,107.0,5554645
BOURGOGNE FRANCHE COMTE,2017-10-01 01:00:00,2017,274,01:00:00,274.04,24.0,0.0,1.0,0.0,86.0,19.0,0.0,1589.0,0.0,0.0,331.0,331.0,0.0,0.0,647.0,271.0,519.0,519.0,34.0,34.0,2811423
PROVENCE ALPES COTE D AZUR,2020-01-05 10:00:00,2020,5,10:00:00,5.42,1494.0,0.0,38.0,307.0,1505.0,107.0,0.0,2054.0,0.0,0.0,2679.0,2350.0,0.0,0.0,48.0,1430.0,3249.0,3249.0,357.0,207.0,5098666
HAUTS DE FRANCE,2018-12-24 22:00:00,2018,358,22:00:00,358.92,837.0,5426.0,176.0,0.0,2.0,121.0,0.0,-962.0,0.0,0.0,2969.0,2969.0,5460.0,5460.0,4352.0,235.0,5.0,5.0,177.0,177.0,6004108
BOURGOGNE FRANCHE COMTE,2019-03-20 12:30:00,2019,79,12:30:00,79.52,115.0,0.0,200.0,218.0,174.0,44.0,-1.0,2282.0,0.0,0.0,401.0,401.0,0.0,0.0,800.0,332.0,520.0,410.0,66.0,66.0,2805580
NOUVELLE AQUITAINE,2020-09-19 21:30:00,2020,263,21:30:00,263.9,46.0,3327.0,65.0,0.0,186.0,132.0,0.0,-37.0,0.0,0.0,571.0,571.0,6630.0,5403.0,1166.0,2741.0,1783.0,1672.0,341.0,341.0,6033952
BRETAGNE,2019-02-16 10:30:00,2019,47,10:30:00,47.44,255.0,0.0,59.0,30.0,137.0,47.0,-1.0,2587.0,0.0,0.0,956.0,822.0,0.0,0.0,995.0,262.0,270.0,270.0,71.0,71.0,3354854
NORMANDIE,2014-02-02 14:30:00,2014,33,14:30:00,33.6,339.0,8692.0,133.0,39.0,21.0,73.0,0.0,-6042.0,0.0,0.0,761.0,181.0,10640.0,10640.0,444.0,211.0,24.0,24.0,89.0,89.0,3335645
PROVENCE ALPES COTE D AZUR,2017-08-06 01:00:00,2017,218,01:00:00,218.04,9.0,0.0,20.0,0.0,795.0,158.0,0.0,3263.0,0.0,0.0,2630.0,2207.0,0.0,0.0,48.0,1152.0,3220.0,3094.0,354.0,354.0,5030890
PROVENCE ALPES COTE D AZUR,2022-09-07 00:30:00,2022,250,00:30:00,250.02,771.0,0.0,18.0,0.0,401.0,137.0,0.0,2330.0,0.0,0.0,2724.0,2348.0,0.0,0.0,96.0,1869.0,3267.0,3207.0,357.0,357.0,5150362
GRAND EST,2016-11-18 10:30:00,2016,323,10:30:00,323.44,2391.0,10129.0,1992.0,40.0,792.0,114.0,0.0,-9019.0,0.0,0.0,3443.0,3443.0,10820.0,9660.0,2695.0,529.0,2295.0,2045.0,138.0,138.0,5555186
BOURGOGNE FRANCHE COMTE,2019-05-20 23:30:00,2019,140,23:30:00,140.98,24.0,0.0,108.0,0.0,67.0,24.0,0.0,2043.0,0.0,0.0,401.0,401.0,0.0,0.0,821.0,334.0,520.0,520.0,67.0,67.0,2805580
NORMANDIE,2013-06-16 12:00:00,2013,167,12:00:00,167.5,231.0,5031.0,1.0,36.0,15.0,38.0,0.0,-2799.0,0.0,0.0,761.0,761.0,10640.0,10640.0,423.0,208.0,23.0,23.0,88.0,88.0,3328364
NORMANDIE,2015-11-30 04:00:00,2015,334,04:00:00,334.17,784.0,6141.0,470.0,0.0,9.0,56.0,0.0,-4546.0,0.0,0.0,773.0,623.0,10640.0,9310.0,538.0,216.0,24.0,24.0,95.0,95.0,3339131
CENTRE VAL DE LOIRE,2022-02-22 02:30:00,2022,53,02:30:00,53.1,94.0,9762.0,642.0,0.0,7.0,50.0,0.0,-8199.0,0.0,0.0,229.0,229.0,11630.0,10851.0,1381.0,700.0,92.0,92.0,90.0,90.0,2572916
BOURGOGNE FRANCHE COMTE,2016-04-06 02:30:00,2016,97,02:30:00,97.1,32.0,0.0,46.0,0.0,99.0,22.0,0.0,2145.0,0.0,0.0,329.0,329.0,0.0,0.0,414.0,264.0,513.0,513.0,30.0,30.0,2818338
GRAND EST,2018-07-26 01:00:00,2018,207,01:00:00,207.04,1455.0,8010.0,258.0,0.0,430.0,110.0,-527.0,-5390.0,0.0,0.0,3471.0,3049.0,10820.0,9501.0,3143.0,557.0,2300.0,1955.0,158.0,158.0,5550389
GRAND EST,2019-03-25 16:00:00,2019,84,16:00:00,84.67,632.0,9494.0,2331.0,441.0,750.0,120.0,-166.0,-7794.0,0.0,0.0,3531.0,3531.0,10820.0,9540.0,3355.0,564.0,2302.0,2046.0,167.0,167.0,5556219
PROVENCE ALPES COTE D AZUR,2020-05-10 23:00:00,2020,131,23:00:00,131.96,63.0,0.0,17.0,0.0,1509.0,113.0,0.0,1813.0,0.0,0.0,2710.0,2290.0,0.0,0.0,48.0,1458.0,3259.0,3259.0,357.0,207.0,5098666
AUVERGNE RHONE ALPES,2022-11-22 01:00:00,2022,326,01:00:00,326.04,172.0,6801.0,241.0,0.0,2092.0,124.0,-335.0,-2037.0,0.0,0.0,1050.0,1050.0,13570.0,12714.0,723.0,1829.0,11790.0,11675.0,208.0,208.0,8155762
AUVERGNE RHONE ALPES,2017-06-29 12:00:00,2017,180,12:00:00,180.5,50.0,7580.0,185.0,240.0,3229.0,112.0,-18.0,-3851.0,0.0,0.0,985.0,584.0,13570.0,12618.0,486.0,952.0,11246.0,11049.0,178.0,178.0,7948287
NOUVELLE AQUITAINE,2015-04-23 06:00:00,2015,113,06:00:00,113.25,51.0,5316.0,64.0,0.0,511.0,128.0,0.0,-2501.0,0.0,0.0,427.0,427.0,6630.0,6022.0,479.0,1477.0,1774.0,1669.0,239.0,239.0,5911482
ILE DE FRANCE,2018-04-09 17:30:00,2018,99,17:30:00,99.73,-1.0,0.0,2.0,4.0,0.0,131.0,0.0,8309.0,0.0,0.0,2157.0,2064.0,0.0,0.0,88.0,122.0,20.0,20.0,306.0,306.0,12213447
PROVENCE ALPES COTE D AZUR,2016-10-12 09:30:00,2016,286,09:30:00,286.4,2300.0,0.0,3.0,89.0,1019.0,95.0,0.0,1387.0,0.0,0.0,2614.0,2369.0,0.0,0.0,48.0,1048.0,3192.0,3192.0,354.0,354.0,5021928
NOUVELLE AQUITAINE,2020-02-12 20:00:00,2020,43,20:00:00,43.83,218.0,6415.0,128.0,0.0,865.0,208.0,0.0,-1332.0,0.0,0.0,571.0,571.0,6630.0,6630.0,1089.0,2623.0,1783.0,1678.0,340.0,340.0,6033952
ILE DE FRANCE,2015-03-13 11:30:00,2015,72,11:30:00,72.48,614.0,0.0,2.0,30.0,6.0,114.0,0.0,9587.0,0.0,0.0,2144.0,1918.0,0.0,0.0,37.0,112.0,19.0,19.0,286.0,286.0,12082144
BRETAGNE,2016-02-08 06:30:00,2016,39,06:30:00,39.27,148.0,0.0,661.0,0.0,46.0,32.0,-1.0,2006.0,0.0,0.0,771.0,771.0,0.0,0.0,829.0,224.0,275.0,275.0,56.0,56.0,3306529
BRETAGNE,2022-02-07 03:30:00,2022,38,03:30:00,38.15,457.0,0.0,240.0,0.0,178.0,56.0,-1.0,1485.0,0.0,0.0,1432.0,1166.0,0.0,0.0,1149.0,360.0,272.0,272.0,82.0,82.0,3414637
ILE DE FRANCE,2019-04-16 21:00:00,2019,106,21:00:00,106.88,-1.0,0.0,3.0,0.0,11.0,111.0,0.0,9124.0,0.0,0.0,2170.0,2108.0,0.0,0.0,88.0,126.0,20.0,20.0,306.0,306.0,12262544
PROVENCE ALPES COTE D AZUR,2014-10-24 07:30:00,2014,297,07:30:00,297.31,1116.0,0.0,31.0,0.0,751.0,70.0,0.0,2080.0,0.0,0.0,2593.0,2319.0,0.0,0.0,45.0,874.0,3168.0,3168.0,170.0,170.0,4983438
AUVERGNE RHONE ALPES,2017-11-22 09:30:00,2017,326,09:30:00,326.4,584.0,5555.0,222.0,141.0,3640.0,138.0,-5.0,-243.0,0.0,0.0,1000.0,1000.0,13570.0,12654.0,548.0,977.0,11246.0,10987.0,178.0,178.0,7948287
BRETAGNE,2020-04-09 23:00:00,2020,100,23:00:00,100.96,1.0,0.0,129.0,0.0,5.0,48.0,-1.0,2129.0,0.0,0.0,978.0,868.0,0.0,0.0,1028.0,280.0,272.0,272.0,79.0,79.0,3373835
AUVERGNE RHONE ALPES,2017-10-10 23:00:00,2017,283,23:00:00,283.96,423.0,8506.0,19.0,0.0,2545.0,104.0,-5.0,-4469.0,0.0,0.0,985.0,985.0,13570.0,12655.0,538.0,964.0,11246.0,11056.0,178.0,178.0,7948287
AUVERGNE RHONE ALPES,2014-10-06 04:00:00,2014,279,04:00:00,279.17,64.0,8527.0,25.0,0.0,1044.0,98.0,-1623.0,-3011.0,0.0,0.0,938.0,938.0,13570.0,12655.0,347.0,832.0,11153.0,11001.0,141.0,141.0,7820966
HAUTS DE FRANCE,2020-05-17 10:30:00,2020,138,10:30:00,138.44,176.0,3760.0,58.0,89.0,2.0,125.0,0.0,236.0,0.0,0.0,2970.0,2490.0,5460.0,4550.0,5048.0,242.0,5.0,5.0,181.0,181.0,5997734
PROVENCE ALPES COTE D AZUR,2020-07-31 13:30:00,2020,213,13:30:00,213.56,1160.0,0.0,1.0,969.0,939.0,78.0,0.0,2430.0,0.0,0.0,2710.0,2290.0,0.0,0.0,48.0,1496.0,3261.0,3131.0,357.0,207.0,5098666
PAYS DE LA LOIRE,2016-08-22 01:00:00,2016,235,01:00:00,235.04,0.0,0.0,39.0,0.0,0.0,32.0,0.0,2061.0,0.0,0.0,1880.0,1337.0,0.0,0.0,678.0,478.0,8.0,8.0,63.0,63.0,3737632
PAYS DE LA LOIRE,2017-03-05 09:00:00,2017,64,09:00:00,64.38,140.0,0.0,636.0,10.0,3.0,44.0,0.0,2340.0,0.0,0.0,1916.0,1603.0,0.0,0.0,697.0,494.0,8.0,8.0,65.0,65.0,3757600
BRETAGNE,2021-09-07 14:00:00,2021,250,14:00:00,250.58,9.0,0.0,513.0,187.0,208.0,46.0,-1.0,1382.0,0.0,0.0,1428.0,1428.0,0.0,0.0,1106.0,344.0,272.0,272.0,82.0,82.0,3394567
HAUTS DE FRANCE,2016-10-09 13:00:00,2016,283,13:00:00,283.54,741.0,2700.0,55.0,101.0,1.0,105.0,0.0,1865.0,0.0,0.0,2872.0,2589.0,5460.0,4624.0,3149.0,213.0,5.0,5.0,164.0,164.0,6006870
BRETAGNE,2022-11-20 23:00:00,2022,324,23:00:00,324.96,530.0,0.0,185.0,0.0,196.0,49.0,-1.0,1426.0,0.0,0.0,1432.0,1432.0,0.0,0.0,1226.0,408.0,272.0,272.0,83.0,83.0,3414637
GRAND EST,2018-07-21 03:30:00,2018,202,03:30:00,202.15,297.0,7698.0,269.0,0.0,473.0,113.0,-180.0,-4745.0,0.0,0.0,3471.0,2962.0,10820.0,9501.0,3143.0,557.0,2300.0,1955.0,158.0,158.0,5550389
ILE DE FRANCE,2013-02-08 08:00:00,2013,39,08:00:00,39.33,767.0,0.0,0.0,0.0,0.0,138.0,0.0,11784.0,0.0,0.0,2121.0,2121.0,0.0,0.0,37.0,108.0,19.0,19.0,262.0,262.0,11959807
AUVERGNE RHONE ALPES,2022-02-14 05:30:00,2022,45,05:30:00,45.23,208.0,9105.0,395.0,0.0,1181.0,131.0,-1696.0,-1111.0,0.0,0.0,1048.0,1048.0,13570.0,12662.0,723.0,1642.0,11780.0,11658.0,208.0,208.0,8155762
BRETAGNE,2014-10-04 02:00:00,2014,277,02:00:00,277.08,4.0,0.0,110.0,0.0,0.0,32.0,-1.0,1710.0,0.0,0.0,688.0,688.0,0.0,0.0,781.0,216.0,272.0,272.0,52.0,52.0,3276543
PAYS DE LA LOIRE,2016-05-24 19:30:00,2016,145,19:30:00,145.81,16.0,0.0,282.0,63.0,4.0,32.0,0.0,2484.0,0.0,0.0,1880.0,1337.0,0.0,0.0,649.0,466.0,8.0,8.0,62.0,62.0,3737632
OCCITANIE,2022-10-13 08:30:00,2022,286,08:30:00,286.35,3.0,1276.0,84.0,38.0,673.0,97.0,0.0,1409.0,0.0,0.0,326.0,326.0,2620.0,1310.0,1621.0,3053.0,5504.0,5344.0,175.0,175.0,6067101
NOUVELLE AQUITAINE,2015-08-26 03:30:00,2015,238,03:30:00,238.15,47.0,4712.0,78.0,0.0,123.0,138.0,0.0,-1790.0,0.0,0.0,427.0,427.0,6630.0,5720.0,534.0,1535.0,1775.0,1775.0,239.0,239.0,5911482
BOURGOGNE FRANCHE COMTE,2020-09-19 12:30:00,2020,263,12:30:00,263.52,55.0,0.0,258.0,185.0,4.0,26.0,0.0,1623.0,0.0,0.0,401.0,401.0,0.0,0.0,889.0,371.0,521.0,521.0,70.0,70.0,2801695
PROVENCE ALPES COTE D AZUR,2019-12-17 07:30:00,2019,351,07:30:00,351.31,935.0,0.0,31.0,0.0,1844.0,100.0,0.0,2147.0,0.0,0.0,2679.0,2282.0,0.0,0.0,48.0,1429.0,3249.0,3125.0,357.0,207.0,5081101
BOURGOGNE FRANCHE COMTE,2013-11-13 01:00:00,2013,317,01:00:00,317.04,349.0,0.0,10.0,0.0,95.0,16.0,0.0,2008.0,0.0,0.0,313.0,313.0,0.0,0.0,204.0,240.0,490.0,490.0,25.0,25.0,2819783
OCCITANIE,2016-12-15 03:00:00,2016,350,03:00:00,350.12,64.0,2447.0,358.0,0.0,582.0,94.0,-453.0,1739.0,0.0,0.0,273.0,273.0,2620.0,2620.0,1172.0,1669.0,5463.0,5232.0,140.0,140.0,5808435
CENTRE VAL DE LOIRE,2020-12-01 22:30:00,2020,336,22:30:00,336.94,75.0,9326.0,607.0,0.0,2.0,55.0,0.0,-7457.0,0.0,0.0,229.0,229.0,11630.0,10609.0,1278.0,404.0,92.0,92.0,88.0,88.0,2574863
CENTRE VAL DE LOIRE,2014-03-14 13:00:00,2014,73,13:00:00,73.54,59.0,10377.0,1.0,111.0,7.0,53.0,0.0,-8290.0,0.0,0.0,162.0,162.0,11630.0,11630.0,739.0,215.0,91.0,91.0,56.0,56.0,2577435
BRETAGNE,2016-04-22 19:30:00,2016,113,19:30:00,113.81,1.0,0.0,144.0,16.0,6.0,28.0,-1.0,2163.0,0.0,0.0,771.0,637.0,0.0,0.0,841.0,225.0,275.0,275.0,56.0,56.0,3306529
BOURGOGNE FRANCHE COMTE,2016-04-15 08:00:00,2016,106,08:00:00,106.33,23.0,0.0,107.0,2.0,231.0,23.0,0.0,2201.0,0.0,0.0,329.0,329.0,0.0,0.0,414.0,264.0,513.0,513.0,30.0,30.0,2818338
ILE DE FRANCE,2014-10-08 07:30:00,2014,281,07:30:00,281.31,428.0,0.0,6.0,0.0,7.0,142.0,0.0,7423.0,0.0,0.0,2122.0,2122.0,0.0,0.0,37.0,112.0,19.0,19.0,282.0,282.0,12027565
NORMANDIE,2018-09-12 08:30:00,2018,255,08:30:00,255.35,201.0,8382.0,38.0,6.0,11.0,49.0,0.0,-5818.0,0.0,0.0,817.0,237.0,10640.0,9462.0,736.0,250.0,31.0,31.0,104.0,104.0,3327477
ILE DE FRANCE,2019-05-11 05:00:00,2019,131,05:00:00,131.21,-2.0,0.0,37.0,0.0,7.0,148.0,0.0,5643.0,0.0,0.0,2170.0,2038.0,0.0,0.0,88.0,126.0,20.0,20.0,306.0,306.0,12262544
NOUVELLE AQUITAINE,2018-08-05 03:00:00,2018,217,03:00:00,217.12,27.0,5525.0,291.0,-1.0,63.0,184.0,0.0,-2371.0,0.0,0.0,485.0,485.0,6630.0,5720.0,947.0,2383.0,1781.0,1667.0,316.0,316.0,5979778
PROVENCE ALPES COTE D AZUR,2018-10-01 00:00:00,2018,274,00:00:00,274.0,13.0,0.0,9.0,0.0,621.0,167.0,0.0,2933.0,0.0,0.0,2666.0,2266.0,0.0,0.0,48.0,1297.0,3233.0,3086.0,357.0,357.0,5052832
HAUTS DE FRANCE,2020-02-01 13:00:00,2020,32,13:00:00,32.54,541.0,3890.0,3436.0,22.0,2.0,120.0,0.0,-1430.0,0.0,0.0,2970.0,2970.0,5460.0,4679.0,4957.0,241.0,5.0,5.0,180.0,180.0,5997734
AUVERGNE RHONE ALPES,2014-06-05 02:00:00,2014,156,02:00:00,156.08,19.0,9150.0,25.0,1.0,2138.0,78.0,-499.0,-4916.0,0.0,0.0,938.0,938.0,13570.0,13570.0,347.0,816.0,11141.0,10992.0,140.0,140.0,7820966
OCCITANIE,2022-12-28 01:00:00,2022,362,01:00:00,362.04,77.0,1282.0,31.0,0.0,416.0,101.0,-691.0,2870.0,0.0,0.0,326.0,326.0,2620.0,1310.0,1667.0,3139.0,5505.0,5278.0,175.0,175.0,6067101
NORMANDIE,2021-01-14 21:30:00,2021,14,21:30:00,14.9,769.0,7716.0,535.0,0.0,18.0,63.0,0.0,-5083.0,0.0,0.0,852.0,852.0,10640.0,9310.0,831.0,273.0,31.0,31.0,146.0,146.0,3327966
GRAND EST,2020-08-13 00:30:00,2020,226,00:30:00,226.02,590.0,7172.0,536.0,0.0,842.0,118.0,0.0,-5498.0,0.0,0.0,3535.0,3076.0,10820.0,9790.0,3724.0,631.0,2305.0,1861.0,185.0,185.0,5562651
NORMANDIE,2022-05-01 07:00:00,2022,121,07:00:00,121.29,173.0,3683.0,18.0,1.0,14.0,94.0,0.0,-1665.0,0.0,0.0,852.0,852.0,10640.0,9401.0,933.0,310.0,31.0,31.0,148.0,148.0,3327604
BOURGOGNE FRANCHE COMTE,2021-03-21 05:30:00,2021,80,05:30:00,80.23,139.0,0.0,154.0,0.0,69.0,45.0,-69.0,2079.0,0.0,0.0,401.0,401.0,0.0,0.0,943.0,408.0,523.0,523.0,71.0,71.0,2800194
BOURGOGNE FRANCHE COMTE,2022-06-10 23:30:00,2022,161,23:30:00,161.98,0.0,0.0,10.0,0.0,15.0,56.0,0.0,1735.0,0.0,0.0,401.0,401.0,0.0,0.0,1049.0,535.0,524.0,524.0,75.0,75.0,2797366
GRAND EST,2021-12-17 02:30:00,2021,351,02:30:00,351.1,935.0,7030.0,2232.0,1.0,609.0,148.0,-508.0,-4755.0,0.0,0.0,3590.0,3590.0,10820.0,10007.0,4189.0,965.0,2306.0,2104.0,210.0,210.0,5561287
HAUTS DE FRANCE,2015-06-02 08:00:00,2015,153,08:00:00,153.33,168.0,4509.0,1600.0,3.0,2.0,98.0,0.0,-597.0,0.0,0.0,2301.0,2036.0,5460.0,4550.0,2734.0,213.0,5.0,5.0,159.0,159.0,6009976
OCCITANIE,2014-05-22 13:30:00,2014,142,13:30:00,142.56,-5.0,1263.0,377.0,481.0,1234.0,76.0,-42.0,630.0,0.0,0.0,251.0,251.0,2620.0,2620.0,906.0,1236.0,5409.0,5169.0,128.0,128.0,5730753
NOUVELLE AQUITAINE,2013-07-30 14:30:00,2013,211,14:30:00,211.6,28.0,2195.0,118.0,447.0,300.0,129.0,0.0,1831.0,0.0,0.0,421.0,421.0,6630.0,6630.0,356.0,981.0,1760.0,1760.0,210.0,210.0,5844177
ILE DE FRANCE,2015-08-30 01:30:00,2015,242,01:30:00,242.06,-2.0,0.0,6.0,0.0,8.0,124.0,0.0,5290.0,0.0,0.0,2144.0,1728.0,0.0,0.0,49.0,113.0,19.0,19.0,300.0,300.0,12082144
AUVERGNE RHONE ALPES,2021-05-17 20:00:00,2021,137,20:00:00,137.83,51.0,10580.0,220.0,65.0,5221.0,122.0,-4.0,-9180.0,0.0,0.0,1047.0,1047.0,13570.0,12690.0,723.0,1453.0,11768.0,11621.0,208.0,208.0,8114361
BRETAGNE,2022-11-28 17:00:00,2022,332,17:00:00,332.71,638.0,0.0,218.0,9.0,235.0,50.0,-1.0,1575.0,0.0,0.0,1432.0,1432.0,0.0,0.0,1226.0,410.0,272.0,272.0,83.0,83.0,3414637
NOUVELLE AQUITAINE,2018-11-09 20:00:00,2018,313,20:00:00,313.83,231.0,6626.0,565.0,-1.0,239.0,180.0,0.0,-2188.0,0.0,0.0,520.0,520.0,6630.0,6630.0,955.0,2414.0,1781.0,1781.0,318.0,318.0,5979778
BOURGOGNE FRANCHE COMTE,2019-09-08 18:30:00,2019,251,18:30:00,251.77,62.0,0.0,81.0,37.0,6.0,23.0,0.0,1571.0,0.0,0.0,401.0,401.0,0.0,0.0,831.0,340.0,521.0,521.0,68.0,68.0,2805580
BRETAGNE,2015-07-17 17:30:00,2015,198,17:30:00,198.73,0.0,0.0,193.0,64.0,104.0,36.0,-1.0,1795.0,0.0,0.0,724.0,724.0,0.0,0.0,801.0,221.0,272.0,272.0,55.0,55.0,3293850
ILE DE FRANCE,2013-03-31 18:00:00,2013,90,18:00:00,90.75,768.0,0.0,2.0,9.0,4.0,111.0,0.0,8332.0,0.0,0.0,2121.0,2121.0,0.0,0.0,37.0,109.0,19.0,19.0,262.0,262.0,11959807
PROVENCE ALPES COTE D AZUR,2020-05-27 00:30:00,2020,148,00:30:00,148.02,531.0,0.0,9.0,0.0,2098.0,109.0,0.0,790.0,0.0,0.0,2710.0,2279.0,0.0,0.0,48.0,1461.0,3259.0,3259.0,357.0,207.0,5098666
CENTRE VAL DE LOIRE,2020-09-17 06:00:00,2020,261,06:00:00,261.25,12.0,5553.0,447.0,0.0,1.0,48.0,0.0,-4551.0,0.0,0.0,229.0,229.0,11630.0,10675.0,1256.0,382.0,92.0,92.0,88.0,88.0,2574863
AUVERGNE RHONE ALPES,2017-01-12 01:00:00,2017,12,01:00:00,12.04,290.0,10703.0,140.0,0.0,1944.0,120.0,-86.0,-3529.0,0.0,0.0,984.0,984.0,13570.0,12711.0,425.0,936.0,11233.0,10996.0,177.0,177.0,7948287
PROVENCE ALPES COTE D AZUR,2021-08-15 17:30:00,2021,227,17:30:00,227.73,23.0,0.0,4.0,619.0,509.0,85.0,0.0,3322.0,0.0,0.0,2715.0,2452.0,0.0,0.0,96.0,1655.0,3266.0,3235.0,357.0,357.0,5127840
GRAND EST,2015-12-19 13:30:00,2015,353,13:30:00,353.56,162.0,12127.0,136.0,156.0,815.0,85.0,0.0,-8374.0,0.0,0.0,3424.0,3093.0,10820.0,10820.0,2548.0,525.0,2285.0,2083.0,119.0,119.0,5559051
NORMANDIE,2018-03-18 04:00:00,2018,77,04:00:00,77.17,416.0,5191.0,105.0,0.0,17.0,56.0,0.0,-2192.0,0.0,0.0,813.0,307.0,10640.0,9331.0,712.0,234.0,31.0,31.0,103.0,103.0,3327477
BOURGOGNE FRANCHE COMTE,2016-02-01 09:30:00,2016,32,09:30:00,32.4,112.0,0.0,199.0,8.0,79.0,23.0,0.0,2629.0,0.0,0.0,329.0,329.0,0.0,0.0,414.0,264.0,513.0,228.0,29.0,29.0,2818338
PROVENCE ALPES COTE D AZUR,2015-02-14 10:30:00,2015,45,10:30:00,45.44,931.0,0.0,0.0,77.0,1341.0,75.0,0.0,3736.0,0.0,0.0,2600.0,2275.0,0.0,0.0,45.0,883.0,3168.0,3168.0,183.0,183.0,5007977
OCCITANIE,2013-02-07 19:30:00,2013,38,19:30:00,38.81,83.0,2606.0,579.0,0.0,3294.0,76.0,0.0,398.0,0.0,0.0,245.0,245.0,2620.0,2620.0,861.0,1045.0,5369.0,5369.0,126.0,126.0,5683878
NORMANDIE,2018-07-28 16:00:00,2018,209,16:00:00,209.67,179.0,7635.0,245.0,86.0,13.0,54.0,0.0,-5951.0,0.0,0.0,813.0,233.0,10640.0,9366.0,712.0,250.0,31.0,31.0,104.0,104.0,3327477
GRAND EST,2014-04-25 21:00:00,2014,115,21:00:00,115.88,339.0,5865.0,303.0,0.0,898.0,61.0,0.0,-2468.0,0.0,0.0,3398.0,3198.0,10820.0,10820.0,2022.0,515.0,2283.0,2283.0,96.0,96.0,5554645
BOURGOGNE FRANCHE COMTE,2017-11-18 05:00:00,2017,322,05:00:00,322.21,161.0,0.0,11.0,0.0,66.0,26.0,0.0,2170.0,0.0,0.0,356.0,356.0,0.0,0.0,676.0,286.0,520.0,520.0,35.0,35.0,2811423
GRAND EST,2022-07-25 03:00:00,2022,206,03:00:00,206.12,855.0,2441.0,363.0,0.0,381.0,147.0,-508.0,-143.0,0.0,0.0,3590.0,3154.0,10820.0,9795.0,4290.0,1077.0,2308.0,1954.0,235.0,235.0,5563889
PROVENCE ALPES COTE D AZUR,2013-02-09 09:00:00,2013,40,09:00:00,40.38,791.0,0.0,30.0,68.0,1992.0,66.0,0.0,3719.0,0.0,0.0,2590.0,2262.0,0.0,0.0,45.0,670.0,3158.0,3158.0,149.0,149.0,4953675
NORMANDIE,2022-07-17 07:00:00,2022,198,07:00:00,198.29,186.0,2754.0,209.0,6.0,7.0,86.0,0.0,-1335.0,0.0,0.0,852.0,852.0,10640.0,9310.0,933.0,314.0,31.0,31.0,149.0,149.0,3327604
NORMANDIE,2013-03-10 17:30:00,2013,69,17:30:00,69.73,1032.0,8069.0,162.0,1.0,23.0,46.0,0.0,-5894.0,0.0,0.0,761.0,761.0,10640.0,10640.0,423.0,207.0,22.0,22.0,88.0,88.0,3328364
PAYS DE LA LOIRE,2017-01-13 03:00:00,2017,13,03:00:00,13.12,1131.0,0.0,329.0,0.0,1.0,45.0,0.0,2301.0,0.0,0.0,1905.0,1528.0,0.0,0.0,697.0,492.0,8.0,8.0,63.0,63.0,3757600
HAUTS DE FRANCE,2014-02-04 03:00:00,2014,35,03:00:00,35.12,658.0,5461.0,1050.0,0.0,2.0,108.0,0.0,-676.0,0.0,0.0,2278.0,2278.0,5460.0,5460.0,2245.0,211.0,5.0,5.0,139.0,139.0,6006156
OCCITANIE,2013-08-15 05:00:00,2013,227,05:00:00,227.21,-3.0,273.0,75.0,0.0,536.0,75.0,-915.0,2574.0,0.0,0.0,246.0,246.0,2620.0,2620.0,889.0,1098.0,5387.0,5387.0,126.0,126.0,5683878
NORMANDIE,2015-05-30 17:30:00,2015,150,17:30:00,150.73,234.0,4418.0,47.0,50.0,14.0,54.0,0.0,-2403.0,0.0,0.0,761.0,181.0,10640.0,9514.0,522.0,215.0,24.0,24.0,94.0,94.0,3339131
HAUTS DE FRANCE,2018-04-29 15:00:00,2018,119,15:00:00,119.62,325.0,3330.0,723.0,16.0,2.0,140.0,0.0,299.0,0.0,0.0,2922.0,2337.0,5460.0,4550.0,3841.0,218.0,5.0,5.0,170.0,170.0,6004108
PROVENCE ALPES COTE D AZUR,2014-06-07 03:00:00,2014,158,03:00:00,158.12,132.0,0.0,0.0,0.0,885.0,58.0,-51.0,2458.0,0.0,0.0,2592.0,2268.0,0.0,0.0,45.0,833.0,3165.0,3165.0,170.0,170.0,4983438
NORMANDIE,2018-03-08 05:30:00,2018,67,05:30:00,67.23,416.0,7785.0,514.0,0.0,20.0,56.0,0.0,-5113.0,0.0,0.0,813.0,307.0,10640.0,9310.0,712.0,234.0,31.0,31.0,103.0,103.0,3327477
PROVENCE ALPES COTE D AZUR,2014-09-14 05:00:00,2014,257,05:00:00,257.21,109.0,0.0,8.0,0.0,522.0,46.0,0.0,2406.0,0.0,0.0,2592.0,2268.0,0.0,0.0,45.0,872.0,3168.0,3168.0,170.0,170.0,4983438
OCCITANIE,2020-08-05 12:30:00,2020,218,12:30:00,218.52,0.0,2288.0,55.0,1547.0,631.0,86.0,0.0,-99.0,0.0,0.0,314.0,314.0,2620.0,1365.0,1593.0,2269.0,5494.0,5236.0,171.0,171.0,5973969
AUVERGNE RHONE ALPES,2022-05-13 01:30:00,2022,133,01:30:00,133.06,51.0,6882.0,108.0,0.0,3062.0,118.0,-5.0,-4563.0,0.0,0.0,1048.0,647.0,13570.0,12674.0,723.0,1684.0,11781.0,11617.0,208.0,208.0,8155762
NORMANDIE,2019-09-10 06:00:00,2019,253,06:00:00,253.25,240.0,5079.0,22.0,0.0,8.0,45.0,0.0,-2897.0,0.0,0.0,833.0,253.0,10640.0,9310.0,806.0,258.0,31.0,31.0,108.0,108.0,3325032
ILE DE FRANCE,2021-10-18 16:00:00,2021,291,16:00:00,291.67,0.0,0.0,35.0,45.0,8.0,153.0,0.0,7813.0,0.0,0.0,2171.0,2171.0,0.0,0.0,148.0,193.0,20.0,20.0,314.0,314.0,12317279
OCCITANIE,2014-03-13 10:00:00,2014,72,10:00:00,72.42,67.0,2575.0,73.0,438.0,3026.0,90.0,-8.0,-1605.0,0.0,0.0,251.0,251.0,2620.0,2620.0,889.0,1215.0,5399.0,5399.0,127.0,127.0,5730753
PAYS DE LA LOIRE,2020-08-18 02:00:00,2020,231,02:00:00,231.08,0.0,0.0,61.0,0.0,1.0,61.0,0.0,1987.0,0.0,0.0,2050.0,1905.0,0.0,0.0,1000.0,656.0,10.0,10.0,77.0,77.0,3832120
HAUTS DE FRANCE,2018-11-24 17:30:00,2018,328,17:30:00,328.73,2087.0,4483.0,269.0,0.0,1.0,113.0,0.0,-158.0,0.0,0.0,2967.0,2967.0,5460.0,4550.0,4173.0,234.0,5.0,5.0,171.0,171.0,6004108
OCCITANIE,2016-09-22 06:00:00,2016,266,06:00:00,266.25,1.0,2558.0,28.0,0.0,289.0,95.0,-37.0,-2.0,0.0,0.0,266.0,266.0,2620.0,2620.0,1142.0,1632.0,5463.0,5086.0,139.0,139.0,5808435
NORMANDIE,2019-10-20 13:30:00,2019,293,13:30:00,293.56,164.0,2421.0,85.0,37.0,12.0,60.0,0.0,-5.0,0.0,0.0,833.0,253.0,10640.0,9310.0,806.0,259.0,31.0,31.0,108.0,108.0,3325032
PAYS DE LA LOIRE,2016-10-20 20:00:00,2016,294,20:00:00,294.83,417.0,0.0,42.0,0.0,0.0,40.0,0.0,3091.0,0.0,0.0,1880.0,1345.0,0.0,0.0,687.0,481.0,8.0,8.0,63.0,63.0,3737632
OCCITANIE,2022-03-08 12:00:00,2022,67,12:00:00,67.5,109.0,1272.0,685.0,1195.0,1586.0,101.0,0.0,736.0,0.0,0.0,326.0,326.0,2620.0,1310.0,1593.0,2835.0,5502.0,5467.0,174.0,174.0,6067101
HAUTS DE FRANCE,2018-03-27 09:30:00,2018,86,09:30:00,86.4,1873.0,4537.0,1039.0,5.0,2.0,106.0,0.0,-455.0,0.0,0.0,2922.0,2337.0,5460.0,4550.0,3819.0,218.0,5.0,5.0,170.0,170.0,6004108
NOUVELLE AQUITAINE,2022-10-14 18:30:00,2022,287,18:30:00,287.77,75.0,2777.0,1096.0,160.0,86.0,170.0,0.0,-232.0,0.0,0.0,579.0,579.0,6630.0,5659.0,1592.0,3802.0,1786.0,1668.0,356.0,356.0,6098051
BRETAGNE,2019-07-20 23:30:00,2019,201,23:30:00,201.98,1.0,0.0,66.0,0.0,0.0,51.0,-56.0,1965.0,0.0,0.0,960.0,960.0,0.0,0.0,1021.0,267.0,270.0,270.0,73.0,73.0,3354854
OCCITANIE,2016-11-14 11:00:00,2016,319,11:00:00,319.46,60.0,2437.0,347.0,428.0,1029.0,92.0,0.0,773.0,0.0,0.0,273.0,273.0,2620.0,2620.0,1156.0,1654.0,5463.0,5236.0,140.0,140.0,5808435
BRETAGNE,2020-07-27 23:30:00,2020,209,23:30:00,209.98,436.0,0.0,158.0,0.0,0.0,51.0,-1.0,1570.0,0.0,0.0,978.0,978.0,0.0,0.0,1028.0,285.0,272.0,272.0,79.0,79.0,3373835
AUVERGNE RHONE ALPES,2020-09-25 11:30:00,2020,269,11:30:00,269.48,423.0,9932.0,188.0,327.0,2979.0,103.0,-16.0,-6541.0,0.0,0.0,1034.0,1034.0,13570.0,12660.0,682.0,1308.0,11750.0,11572.0,194.0,194.0,8078652
PAYS DE LA LOIRE,2013-02-23 13:00:00,2013,54,13:00:00,54.54,1452.0,0.0,118.0,100.0,2.0,36.0,0.0,3203.0,0.0,0.0,1837.0,1837.0,0.0,0.0,466.0,388.0,5.0,5.0,57.0,57.0,3660852
CENTRE VAL DE LOIRE,2016-10-02 01:00:00,2016,276,01:00:00,276.04,3.0,6900.0,292.0,0.0,0.0,53.0,0.0,-5659.0,0.0,0.0,170.0,170.0,11630.0,10737.0,896.0,260.0,91.0,91.0,71.0,71.0,2577866
BRETAGNE,2021-12-18 00:00:00,2021,352,00:00:00,352.0,339.0,0.0,385.0,0.0,214.0,50.0,-1.0,2349.0,0.0,0.0,1428.0,982.0,0.0,0.0,1135.0,353.0,272.0,272.0,82.0,82.0,3394567
GRAND EST,2021-12-09 02:30:00,2021,343,02:30:00,343.1,1601.0,8022.0,701.0,1.0,811.0,153.0,-521.0,-4767.0,0.0,0.0,3590.0,3590.0,10820.0,10076.0,4144.0,957.0,2306.0,2104.0,210.0,210.0,5561287
ILE DE FRANCE,2013-05-15 06:00:00,2013,135,06:00:00,135.25,1.0,0.0,3.0,0.0,0.0,108.0,0.0,6238.0,0.0,0.0,2121.0,2121.0,0.0,0.0,37.0,109.0,19.0,19.0,262.0,262.0,11959807
PAYS DE LA LOIRE,2018-04-19 17:00:00,2018,109,17:00:00,109.71,-4.0,0.0,23.0,259.0,4.0,45.0,0.0,2542.0,0.0,0.0,1968.0,1719.0,0.0,0.0,796.0,541.0,8.0,8.0,69.0,69.0,3781423
AUVERGNE RHONE ALPES,2016-07-30 16:00:00,2016,212,16:00:00,212.67,52.0,6245.0,41.0,381.0,2280.0,106.0,-1150.0,-1721.0,0.0,0.0,959.0,959.0,13570.0,12639.0,399.0,923.0,11219.0,11060.0,170.0,170.0,7916889
PROVENCE ALPES COTE D AZUR,2015-10-18 08:30:00,2015,291,08:30:00,291.35,1144.0,0.0,2.0,3.0,598.0,78.0,0.0,2161.0,0.0,0.0,2610.0,2145.0,0.0,0.0,48.0,963.0,3171.0,3171.0,183.0,183.0,5007977
BOURGOGNE FRANCHE COMTE,2015-04-28 00:30:00,2015,118,00:30:00,118.02,26.0,0.0,155.0,0.0,67.0,15.0,0.0,1805.0,0.0,0.0,325.0,80.0,0.0,0.0,344.0,254.0,510.0,510.0,29.0,29.0,2820940
ILE DE FRANCE,2020-06-18 01:00:00,2020,170,01:00:00,170.04,0.0,0.0,13.0,0.0,5.0,158.0,0.0,5414.0,0.0,0.0,2170.0,2059.0,0.0,0.0,108.0,152.0,20.0,20.0,314.0,314.0,12271794
ILE DE FRANCE,2017-02-27 08:00:00,2017,58,08:00:00,58.33,406.0,0.0,29.0,0.0,12.0,159.0,0.0,9313.0,0.0,0.0,2149.0,1721.0,0.0,0.0,73.0,116.0,19.0,19.0,301.0,301.0,12174880
ILE DE FRANCE,2018-08-24 19:00:00,2018,236,19:00:00,236.79,-1.0,0.0,18.0,9.0,4.0,144.0,0.0,6208.0,0.0,0.0,2157.0,2116.0,0.0,0.0,88.0,123.0,20.0,20.0,306.0,306.0,12213447
AUVERGNE RHONE ALPES,2021-06-12 10:00:00,2021,163,10:00:00,163.42,11.0,9041.0,69.0,564.0,3984.0,114.0,-611.0,-7119.0,0.0,0.0,1047.0,1047.0,13570.0,12690.0,723.0,1478.0,11771.0,11624.0,208.0,208.0,8114361
GRAND EST,2022-03-31 12:30:00,2022,90,12:30:00,90.52,1825.0,3768.0,1211.0,137.0,824.0,145.0,0.0,-1868.0,0.0,0.0,3590.0,3177.0,10820.0,9756.0,4236.0,1002.0,2306.0,2104.0,212.0,212.0,5563889
BOURGOGNE FRANCHE COMTE,2021-01-28 18:30:00,2021,28,18:30:00,28.77,165.0,0.0,656.0,0.0,384.0,45.0,0.0,1950.0,0.0,0.0,401.0,401.0,0.0,0.0,928.0,403.0,523.0,523.0,71.0,71.0,2800194
BOURGOGNE FRANCHE COMTE,2017-01-28 16:30:00,2017,28,16:30:00,28.69,183.0,0.0,141.0,10.0,14.0,22.0,0.0,2532.0,0.0,0.0,331.0,331.0,0.0,0.0,558.0,266.0,518.0,518.0,31.0,31.0,2811423
NORMANDIE,2022-12-19 14:30:00,2022,353,14:30:00,353.6,367.0,6387.0,715.0,23.0,15.0,86.0,0.0,-3643.0,0.0,0.0,853.0,853.0,10640.0,9484.0,965.0,322.0,31.0,31.0,149.0,149.0,3327604
GRAND EST,2014-07-06 22:00:00,2014,187,22:00:00,187.92,36.0,8958.0,247.0,0.0,1251.0,49.0,0.0,-6677.0,0.0,0.0,3398.0,3198.0,10820.0,9320.0,2112.0,515.0,2283.0,2283.0,97.0,97.0,5554645
PAYS DE LA LOIRE,2018-08-08 22:00:00,2018,220,22:00:00,220.92,667.0,0.0,72.0,0.0,0.0,43.0,0.0,1590.0,0.0,0.0,1976.0,1769.0,0.0,0.0,824.0,549.0,8.0,8.0,70.0,70.0,3781423
NOUVELLE AQUITAINE,2016-11-23 12:30:00,2016,328,12:30:00,328.52,181.0,5149.0,219.0,266.0,425.0,188.0,0.0,-44.0,0.0,0.0,441.0,441.0,6630.0,5135.0,676.0,1914.0,1779.0,1674.0,292.0,292.0,5935603
BOURGOGNE FRANCHE COMTE,2016-08-16 15:30:00,2016,229,15:30:00,229.65,24.0,0.0,2.0,127.0,24.0,22.0,0.0,1990.0,0.0,0.0,329.0,329.0,0.0,0.0,446.0,264.0,513.0,513.0,30.0,30.0,2818338
CENTRE VAL DE LOIRE,2018-03-18 01:00:00,2018,77,01:00:00,77.04,106.0,9070.0,104.0,0.0,13.0,48.0,0.0,-6956.0,0.0,0.0,216.0,216.0,11630.0,10932.0,996.0,285.0,91.0,91.0,76.0,76.0,2572853
NOUVELLE AQUITAINE,2019-08-29 19:00:00,2019,241,19:00:00,241.79,19.0,3302.0,38.0,544.0,255.0,190.0,0.0,384.0,0.0,0.0,538.0,538.0,6630.0,5612.0,1017.0,2552.0,1782.0,1673.0,319.0,319.0,6010289
PROVENCE ALPES COTE D AZUR,2022-03-14 22:30:00,2022,73,22:30:00,73.94,1683.0,0.0,38.0,0.0,407.0,104.0,0.0,2982.0,0.0,0.0,2724.0,2662.0,0.0,0.0,96.0,1795.0,3266.0,3124.0,357.0,357.0,5150362
PROVENCE ALPES COTE D AZUR,2016-05-21 06:30:00,2016,142,06:30:00,142.27,113.0,0.0,1.0,2.0,975.0,103.0,0.0,1998.0,0.0,0.0,2614.0,2210.0,0.0,0.0,48.0,1016.0,3178.0,3178.0,354.0,354.0,5021928
PAYS DE LA LOIRE,2013-11-14 10:00:00,2013,318,10:00:00,318.42,1614.0,0.0,163.0,59.0,3.0,29.0,0.0,2303.0,0.0,0.0,1854.0,1854.0,0.0,0.0,502.0,398.0,6.0,6.0,58.0,58.0,3660852
PAYS DE LA LOIRE,2019-03-07 16:30:00,2019,66,16:30:00,66.69,192.0,0.0,596.0,123.0,5.0,47.0,0.0,2592.0,0.0,0.0,2037.0,1747.0,0.0,0.0,897.0,568.0,8.0,8.0,70.0,70.0,3806461
PAYS DE LA LOIRE,2021-12-27 14:00:00,2021,361,14:00:00,361.58,147.0,0.0,816.0,117.0,4.0,59.0,0.0,2444.0,0.0,0.0,2065.0,1678.0,0.0,0.0,1133.0,802.0,10.0,10.0,79.0,79.0,3853999
BOURGOGNE FRANCHE COMTE,2022-05-23 23:00:00,2022,143,23:00:00,143.96,18.0,0.0,336.0,0.0,69.0,51.0,0.0,1470.0,0.0,0.0,401.0,401.0,0.0,0.0,1049.0,532.0,524.0,524.0,75.0,75.0,2797366
HAUTS DE FRANCE,2017-03-21 17:30:00,2017,80,17:30:00,80.73,1973.0,3646.0,607.0,20.0,1.0,121.0,0.0,-309.0,0.0,0.0,2900.0,2900.0,5460.0,4550.0,3351.0,214.0,5.0,5.0,164.0,164.0,6003815
HAUTS DE FRANCE,2018-01-08 09:30:00,2018,8,09:30:00,8.4,1317.0,5492.0,921.0,0.0,1.0,127.0,0.0,398.0,0.0,0.0,2913.0,2682.0,5460.0,5460.0,3799.0,217.0,5.0,5.0,170.0,170.0,6004108
CENTRE VAL DE LOIRE,2018-01-11 06:30:00,2018,11,06:30:00,11.27,124.0,10120.0,110.0,0.0,55.0,62.0,0.0,-7733.0,0.0,0.0,214.0,214.0,11630.0,10320.0,996.0,279.0,91.0,91.0,76.0,76.0,2572853
CENTRE VAL DE LOIRE,2018-12-07 17:00:00,2018,341,17:00:00,341.71,82.0,8733.0,857.0,0.0,1.0,58.0,0.0,-7204.0,0.0,0.0,228.0,228.0,11630.0,10745.0,1071.0,305.0,91.0,91.0,84.0,84.0,2572853
HAUTS DE FRANCE,2020-10-09 20:00:00,2020,283,20:00:00,283.83,1642.0,2705.0,1047.0,0.0,1.0,115.0,0.0,281.0,0.0,0.0,2983.0,2752.0,5460.0,4550.0,5211.0,272.0,5.0,5.0,181.0,181.0,5997734
NOUVELLE AQUITAINE,2022-12-03 12:30:00,2022,337,12:30:00,337.52,187.0,2806.0,356.0,713.0,391.0,165.0,0.0,1365.0,0.0,0.0,581.0,581.0,6630.0,5677.0,1602.0,3911.0,1786.0,1786.0,356.0,356.0,6098051
BOURGOGNE FRANCHE COMTE,2014-03-06 14:00:00,2014,65,14:00:00,65.58,102.0,0.0,32.0,108.0,80.0,22.0,0.0,2590.0,0.0,0.0,313.0,68.0,0.0,0.0,230.0,243.0,508.0,508.0,25.0,25.0,2820623
HAUTS DE FRANCE,2015-04-10 19:30:00,2015,100,19:30:00,100.81,281.0,4465.0,298.0,10.0,3.0,83.0,0.0,559.0,0.0,0.0,2301.0,1970.0,5460.0,4550.0,2713.0,213.0,5.0,5.0,159.0,159.0,6009976
PROVENCE ALPES COTE D AZUR,2021-12-01 19:30:00,2021,335,19:30:00,335.81,1498.0,0.0,11.0,0.0,1860.0,86.0,0.0,3436.0,0.0,0.0,2724.0,2460.0,0.0,0.0,96.0,1738.0,3266.0,3222.0,357.0,357.0,5127840
BRETAGNE,2020-03-17 13:00:00,2020,77,13:00:00,77.54,256.0,0.0,9.0,146.0,20.0,45.0,-24.0,2634.0,0.0,0.0,978.0,978.0,0.0,0.0,1028.0,279.0,272.0,272.0,78.0,78.0,3373835
PAYS DE LA LOIRE,2020-12-27 21:00:00,2020,362,21:00:00,362.88,162.0,0.0,359.0,0.0,4.0,47.0,0.0,2978.0,0.0,0.0,2054.0,2054.0,0.0,0.0,1046.0,683.0,10.0,10.0,77.0,77.0,3832120
NOUVELLE AQUITAINE,2022-04-03 21:30:00,2022,93,21:30:00,93.9,120.0,2761.0,124.0,0.0,1212.0,164.0,0.0,1780.0,0.0,0.0,578.0,578.0,6630.0,5428.0,1429.0,3576.0,1784.0,1672.0,356.0,356.0,6098051
PAYS DE LA LOIRE,2015-06-24 13:30:00,2015,175,13:30:00,175.56,18.0,0.0,1.0,273.0,1.0,36.0,0.0,2689.0,0.0,0.0,1867.0,1274.0,0.0,0.0,560.0,452.0,7.0,7.0,61.0,61.0,3718512
NOUVELLE AQUITAINE,2020-07-24 08:00:00,2020,206,08:00:00,206.33,47.0,4127.0,54.0,197.0,145.0,170.0,0.0,-471.0,0.0,0.0,571.0,571.0,6630.0,5549.0,1166.0,2696.0,1783.0,1672.0,341.0,341.0,6033952
NORMANDIE,2018-05-12 19:30:00,2018,132,19:30:00,132.81,254.0,5060.0,142.0,6.0,17.0,54.0,0.0,-2879.0,0.0,0.0,813.0,233.0,10640.0,9310.0,712.0,234.0,31.0,31.0,103.0,103.0,3327477
BRETAGNE,2021-10-23 13:00:00,2021,296,13:00:00,296.54,40.0,0.0,72.0,113.0,157.0,55.0,-1.0,2126.0,0.0,0.0,1428.0,1428.0,0.0,0.0,1106.0,348.0,272.0,272.0,82.0,82.0,3394567
NOUVELLE AQUITAINE,2013-08-05 13:00:00,2013,217,13:00:00,217.54,26.0,3492.0,46.0,367.0,88.0,132.0,0.0,842.0,0.0,0.0,421.0,421.0,6630.0,6630.0,356.0,982.0,1760.0,1760.0,210.0,210.0,5844177
AUVERGNE RHONE ALPES,2020-10-01 16:30:00,2020,275,16:30:00,275.69,404.0,10614.0,129.0,221.0,2424.0,83.0,-4.0,-6476.0,0.0,0.0,1035.0,1035.0,13570.0,12631.0,689.0,1315.0,11751.0,11570.0,194.0,194.0,8078652
PROVENCE ALPES COTE D AZUR,2020-12-18 19:00:00,2020,353,19:00:00,353.79,1603.0,0.0,19.0,0.0,1106.0,117.0,0.0,2826.0,0.0,0.0,2715.0,2540.0,0.0,0.0,96.0,1541.0,3266.0,3235.0,357.0,357.0,5098666
BOURGOGNE FRANCHE COMTE,2019-04-14 12:30:00,2019,104,12:30:00,104.52,61.0,0.0,82.0,184.0,123.0,49.0,-5.0,2055.0,0.0,0.0,401.0,401.0,0.0,0.0,812.0,334.0,520.0,520.0,67.0,67.0,2805580
NOUVELLE AQUITAINE,2015-02-08 01:00:00,2015,39,01:00:00,39.04,153.0,4819.0,227.0,0.0,569.0,169.0,0.0,1473.0,0.0,0.0,427.0,427.0,6630.0,5720.0,469.0,1386.0,1774.0,1774.0,234.0,234.0,5911482
NOUVELLE AQUITAINE,2017-01-28 05:00:00,2017,28,05:00:00,28.21,265.0,5014.0,318.0,-1.0,112.0,199.0,0.0,-177.0,0.0,0.0,452.0,452.0,6630.0,5135.0,721.0,1926.0,1780.0,1780.0,295.0,295.0,5956978
GRAND EST,2022-09-15 05:00:00,2022,258,05:00:00,258.21,1189.0,3705.0,582.0,0.0,647.0,131.0,-340.0,-2267.0,0.0,0.0,3590.0,3590.0,10820.0,9877.0,4315.0,1097.0,2308.0,1985.0,235.0,235.0,5563889
NOUVELLE AQUITAINE,2017-07-05 05:00:00,2017,186,05:00:00,186.21,38.0,4165.0,135.0,-1.0,170.0,127.0,0.0,-1309.0,0.0,0.0,465.0,465.0,6630.0,5281.0,742.0,1973.0,1780.0,1669.0,306.0,306.0,5956978
GRAND EST,2016-07-01 21:30:00,2016,183,21:30:00,183.9,366.0,8971.0,713.0,0.0,1297.0,70.0,0.0,-6902.0,0.0,0.0,3424.0,2829.0,10820.0,9770.0,2621.0,527.0,2295.0,2093.0,123.0,123.0,5555186
ILE DE FRANCE,2020-06-17 14:30:00,2020,169,14:30:00,169.6,0.0,0.0,0.0,36.0,4.0,155.0,0.0,7098.0,0.0,0.0,2170.0,2055.0,0.0,0.0,108.0,152.0,20.0,20.0,314.0,314.0,12271794
BOURGOGNE FRANCHE COMTE,2014-12-28 06:30:00,2014,362,06:30:00,362.27,103.0,0.0,127.0,0.0,47.0,23.0,0.0,1699.0,0.0,0.0,325.0,80.0,0.0,0.0,344.0,253.0,510.0,510.0,28.0,28.0,2820623
NORMANDIE,2019-07-20 20:00:00,2019,201,20:00:00,201.83,214.0,6334.0,198.0,19.0,7.0,22.0,0.0,-4406.0,0.0,0.0,833.0,253.0,10640.0,9310.0,806.0,256.0,31.0,31.0,106.0,106.0,3325032
BOURGOGNE FRANCHE COMTE,2014-11-01 14:30:00,2014,305,14:30:00,305.6,115.0,0.0,1.0,82.0,31.0,22.0,0.0,1710.0,0.0,0.0,325.0,80.0,0.0,0.0,316.0,252.0,509.0,509.0,28.0,28.0,2820623
BRETAGNE,2018-10-21 12:30:00,2018,294,12:30:00,294.52,1.0,0.0,7.0,128.0,155.0,36.0,-1.0,1852.0,0.0,0.0,927.0,842.0,0.0,0.0,988.0,255.0,270.0,270.0,70.0,70.0,3335414
NOUVELLE AQUITAINE,2019-09-18 11:00:00,2019,261,11:00:00,261.46,21.0,5653.0,442.0,1112.0,215.0,175.0,0.0,-2839.0,0.0,0.0,538.0,538.0,6630.0,5720.0,1017.0,2575.0,1782.0,1677.0,319.0,319.0,6010289
PAYS DE LA LOIRE,2014-06-20 09:30:00,2014,171,09:30:00,171.4,13.0,0.0,22.0,108.0,1.0,41.0,0.0,2856.0,0.0,0.0,1864.0,1429.0,0.0,0.0,518.0,415.0,7.0,7.0,58.0,58.0,3690833
PROVENCE ALPES COTE D AZUR,2016-07-04 08:00:00,2016,186,08:00:00,186.33,764.0,0.0,19.0,113.0,1193.0,82.0,0.0,1734.0,0.0,0.0,2614.0,2242.0,0.0,0.0,48.0,1036.0,3191.0,3065.0,354.0,354.0,5021928
PROVENCE ALPES COTE D AZUR,2020-09-24 17:30:00,2020,268,17:30:00,268.73,931.0,0.0,5.0,119.0,462.0,67.0,0.0,2460.0,0.0,0.0,2710.0,2351.0,0.0,0.0,48.0,1512.0,3262.0,3169.0,357.0,207.0,5098666
AUVERGNE RHONE ALPES,2016-11-09 14:00:00,2016,314,14:00:00,314.58,727.0,6914.0,274.0,116.0,2865.0,123.0,-7.0,-477.0,0.0,0.0,982.0,982.0,13570.0,12689.0,399.0,932.0,11229.0,11012.0,177.0,177.0,7916889
AUVERGNE RHONE ALPES,2017-10-27 03:00:00,2017,300,03:00:00,300.12,447.0,5955.0,102.0,0.0,667.0,115.0,-1701.0,619.0,0.0,0.0,992.0,992.0,13570.0,12651.0,548.0,973.0,11246.0,11044.0,178.0,178.0,7948287
HAUTS DE FRANCE,2018-07-30 04:30:00,2018,211,04:30:00,211.19,768.0,3392.0,702.0,0.0,1.0,130.0,0.0,-1172.0,0.0,0.0,2922.0,2922.0,5460.0,4550.0,3966.0,229.0,5.0,5.0,171.0,171.0,6004108
NORMANDIE,2021-08-28 15:30:00,2021,240,15:30:00,240.65,184.0,7443.0,238.0,84.0,10.0,70.0,0.0,-5754.0,0.0,0.0,852.0,852.0,10640.0,9602.0,878.0,297.0,31.0,31.0,147.0,147.0,3327966
CENTRE VAL DE LOIRE,2018-09-28 21:30:00,2018,271,21:30:00,271.9,13.0,7729.0,645.0,0.0,0.0,60.0,0.0,-6643.0,0.0,0.0,218.0,218.0,11630.0,10689.0,1060.0,300.0,91.0,91.0,76.0,76.0,2572853
NOUVELLE AQUITAINE,2022-11-19 20:00:00,2022,323,20:00:00,323.83,180.0,2793.0,125.0,0.0,270.0,174.0,0.0,1295.0,0.0,0.0,581.0,581.0,6630.0,5658.0,1602.0,3853.0,1786.0,1786.0,356.0,356.0,6098051
OCCITANIE,2017-01-07 12:00:00,2017,7,12:00:00,7.5,72.0,2600.0,343.0,733.0,2112.0,86.0,0.0,1040.0,0.0,0.0,278.0,278.0,2620.0,2620.0,1194.0,1683.0,5464.0,5237.0,140.0,140.0,5845102
BRETAGNE,2020-03-21 11:30:00,2020,81,11:30:00,81.48,251.0,0.0,357.0,41.0,213.0,49.0,-1.0,1696.0,0.0,0.0,978.0,978.0,0.0,0.0,1028.0,279.0,272.0,272.0,78.0,78.0,3373835
BOURGOGNE FRANCHE COMTE,2019-11-27 09:00:00,2019,331,09:00:00,331.38,149.0,0.0,609.0,6.0,74.0,24.0,0.0,2063.0,0.0,0.0,401.0,401.0,0.0,0.0,857.0,343.0,521.0,521.0,68.0,68.0,2805580
AUVERGNE RHONE ALPES,2017-01-06 02:00:00,2017,6,02:00:00,6.08,368.0,9997.0,220.0,0.0,1700.0,124.0,-83.0,-1784.0,0.0,0.0,984.0,984.0,13570.0,12775.0,425.0,936.0,11233.0,11001.0,177.0,177.0,7948287
NOUVELLE AQUITAINE,2018-07-30 13:00:00,2018,211,13:00:00,211.54,22.0,5612.0,80.0,1623.0,81.0,199.0,0.0,-2383.0,0.0,0.0,482.0,482.0,6630.0,5720.0,938.0,2382.0,1781.0,1645.0,316.0,316.0,5979778
ILE DE FRANCE,2013-03-03 16:00:00,2013,62,16:00:00,62.67,935.0,0.0,6.0,20.0,1.0,140.0,0.0,8205.0,0.0,0.0,2121.0,2121.0,0.0,0.0,37.0,108.0,19.0,19.0,262.0,262.0,11959807
NORMANDIE,2018-07-31 22:00:00,2018,212,22:00:00,212.92,635.0,8016.0,32.0,0.0,10.0,55.0,0.0,-6122.0,0.0,0.0,813.0,358.0,10640.0,9366.0,712.0,250.0,31.0,31.0,104.0,104.0,3327477
PAYS DE LA LOIRE,2015-02-09 14:00:00,2015,40,14:00:00,40.58,1096.0,0.0,24.0,193.0,5.0,47.0,0.0,2971.0,0.0,0.0,1867.0,1287.0,0.0,0.0,537.0,440.0,7.0,7.0,59.0,59.0,3718512
NORMANDIE,2022-05-29 00:00:00,2022,149,00:00:00,149.0,195.0,3672.0,161.0,0.0,10.0,93.0,0.0,-1511.0,0.0,0.0,852.0,852.0,10640.0,9391.0,933.0,312.0,31.0,31.0,148.0,148.0,3327604
GRAND EST,2019-08-09 02:30:00,2019,221,02:30:00,221.1,39.0,7615.0,1188.0,0.0,828.0,111.0,-9.0,-6066.0,0.0,0.0,3531.0,3113.0,10820.0,9728.0,3434.0,591.0,2303.0,2032.0,172.0,172.0,5556219
HAUTS DE FRANCE,2016-09-26 15:30:00,2016,270,15:30:00,270.65,1448.0,2708.0,14.0,41.0,1.0,100.0,0.0,976.0,0.0,0.0,2870.0,2686.0,5460.0,4550.0,3122.0,213.0,5.0,5.0,164.0,164.0,6006870
ILE DE FRANCE,2021-09-10 01:30:00,2021,253,01:30:00,253.06,0.0,0.0,33.0,0.0,6.0,184.0,0.0,4949.0,0.0,0.0,2171.0,2171.0,0.0,0.0,148.0,175.0,20.0,20.0,314.0,314.0,12317279
AUVERGNE RHONE ALPES,2022-12-05 23:30:00,2022,339,23:30:00,339.98,651.0,9391.0,55.0,0.0,2033.0,122.0,-94.0,-3206.0,0.0,0.0,1050.0,1050.0,13570.0,12614.0,723.0,1844.0,11791.0,11682.0,208.0,208.0,8155762
PROVENCE ALPES COTE D AZUR,2022-12-25 23:30:00,2022,359,23:30:00,359.98,199.0,0.0,36.0,0.0,1014.0,185.0,0.0,3091.0,0.0,0.0,2724.0,2480.0,0.0,0.0,96.0,1993.0,3271.0,3271.0,357.0,357.0,5150362
NORMANDIE,2018-09-06 15:30:00,2018,249,15:30:00,249.65,174.0,7610.0,106.0,79.0,11.0,53.0,0.0,-5267.0,0.0,0.0,817.0,237.0,10640.0,9311.0,736.0,250.0,31.0,31.0,104.0,104.0,3327477
CENTRE VAL DE LOIRE,2014-03-21 22:00:00,2014,80,22:00:00,80.92,69.0,9252.0,241.0,0.0,21.0,53.0,0.0,-7336.0,0.0,0.0,162.0,162.0,11630.0,11630.0,749.0,215.0,91.0,91.0,56.0,56.0,2577435
GRAND EST,2013-06-10 16:30:00,2013,161,16:30:00,161.69,673.0,8735.0,89.0,67.0,1167.0,43.0,0.0,-5707.0,0.0,0.0,3398.0,3156.0,10820.0,9520.0,1896.0,503.0,2280.0,2280.0,86.0,86.0,5552388
BOURGOGNE FRANCHE COMTE,2016-02-07 15:30:00,2016,38,15:30:00,38.65,111.0,0.0,184.0,38.0,200.0,22.0,0.0,1921.0,0.0,0.0,329.0,329.0,0.0,0.0,414.0,264.0,513.0,513.0,29.0,29.0,2818338
NORMANDIE,2022-08-29 17:30:00,2022,241,17:30:00,241.73,255.0,3755.0,285.0,98.0,8.0,87.0,0.0,-1875.0,0.0,0.0,852.0,852.0,10640.0,9310.0,949.0,315.0,31.0,31.0,149.0,149.0,3327604
AUVERGNE RHONE ALPES,2021-02-10 12:00:00,2021,41,12:00:00,41.5,644.0,9641.0,81.0,315.0,7317.0,113.0,-8.0,-8466.0,0.0,0.0,1047.0,1047.0,13570.0,12680.0,723.0,1392.0,11766.0,11608.0,208.0,208.0,8114361
NOUVELLE AQUITAINE,2017-02-18 11:00:00,2017,49,11:00:00,49.46,267.0,4209.0,61.0,941.0,503.0,195.0,0.0,-540.0,0.0,0.0,465.0,465.0,6630.0,5369.0,734.0,1928.0,1780.0,1780.0,304.0,304.0,5956978
BRETAGNE,2018-08-18 15:30:00,2018,230,15:30:00,230.65,1.0,0.0,23.0,104.0,0.0,49.0,-1.0,1602.0,0.0,0.0,904.0,770.0,0.0,0.0,980.0,254.0,270.0,270.0,69.0,69.0,3335414
CENTRE VAL DE LOIRE,2020-06-29 18:30:00,2020,181,18:30:00,181.77,12.0,4573.0,436.0,109.0,15.0,52.0,0.0,-3428.0,0.0,0.0,229.0,229.0,11630.0,10664.0,1256.0,374.0,92.0,92.0,86.0,86.0,2574863
BOURGOGNE FRANCHE COMTE,2013-03-27 17:30:00,2013,86,17:30:00,86.73,375.0,0.0,0.0,15.0,85.0,15.0,0.0,2543.0,0.0,0.0,301.0,301.0,0.0,0.0,204.0,228.0,480.0,480.0,24.0,24.0,2819783
CENTRE VAL DE LOIRE,2019-05-26 10:00:00,2019,146,10:00:00,146.42,1.0,7760.0,27.0,109.0,1.0,62.0,0.0,-6510.0,0.0,0.0,229.0,229.0,11630.0,10709.0,1160.0,313.0,91.0,91.0,84.0,84.0,2573180
CENTRE VAL DE LOIRE,2015-11-01 12:30:00,2015,305,12:30:00,305.52,71.0,7617.0,0.0,127.0,0.0,53.0,0.0,-6111.0,0.0,0.0,166.0,166.0,11630.0,10766.0,842.0,240.0,91.0,91.0,71.0,71.0,2578592
HAUTS DE FRANCE,2019-12-19 15:30:00,2019,353,15:30:00,353.65,934.0,4584.0,3166.0,6.0,2.0,109.0,0.0,-2436.0,0.0,0.0,2970.0,2739.0,5460.0,4550.0,4895.0,240.0,5.0,5.0,180.0,180.0,6004947
OCCITANIE,2022-11-02 00:30:00,2022,306,00:30:00,306.02,44.0,1262.0,104.0,0.0,265.0,107.0,-819.0,2017.0,0.0,0.0,326.0,326.0,2620.0,1310.0,1621.0,3077.0,5505.0,5404.0,175.0,175.0,6067101
NOUVELLE AQUITAINE,2018-11-04 18:30:00,2018,308,18:30:00,308.77,219.0,5056.0,120.0,-1.0,182.0,158.0,0.0,-446.0,0.0,0.0,513.0,513.0,6630.0,5135.0,955.0,2413.0,1781.0,1670.0,318.0,318.0,5979778
GRAND EST,2017-04-05 17:30:00,2017,95,17:30:00,95.73,1512.0,6504.0,883.0,117.0,641.0,77.0,-184.0,-4568.0,0.0,0.0,3453.0,2858.0,10820.0,9544.0,2879.0,535.0,2297.0,2079.0,140.0,140.0,5549586
NORMANDIE,2021-12-06 12:30:00,2021,340,12:30:00,340.52,426.0,6391.0,292.0,37.0,13.0,83.0,0.0,-2895.0,0.0,0.0,852.0,852.0,10640.0,9443.0,893.0,304.0,31.0,31.0,148.0,148.0,3327966
NORMANDIE,2021-06-29 18:00:00,2021,180,18:00:00,180.75,186.0,8902.0,68.0,35.0,18.0,91.0,0.0,-6563.0,0.0,0.0,852.0,852.0,10640.0,10040.0,878.0,294.0,31.0,31.0,147.0,147.0,3327966
GRAND EST,2018-05-18 16:00:00,2018,138,16:00:00,138.67,53.0,10899.0,171.0,492.0,1200.0,90.0,0.0,-7846.0,0.0,0.0,3471.0,2967.0,10820.0,9520.0,3084.0,555.0,2300.0,1945.0,156.0,156.0,5550389
HAUTS DE FRANCE,2013-10-16 10:30:00,2013,289,10:30:00,289.44,891.0,4445.0,216.0,9.0,1.0,54.0,0.0,1244.0,0.0,0.0,2270.0,2270.0,5460.0,5460.0,2205.0,210.0,5.0,5.0,139.0,139.0,5987883
NOUVELLE AQUITAINE,2023-01-18 14:30:00,2023,18,14:30:00,18.6,205.0,2568.0,108.0,378.0,970.0,157.0,0.0,2724.0,0.0,0.0,581.0,581.0,6630.0,5689.0,1644.0,3941.0,1786.0,1668.0,356.0,356.0,6110365
PROVENCE ALPES COTE D AZUR,2013-05-15 02:30:00,2013,135,02:30:00,135.1,193.0,0.0,16.0,0.0,2299.0,35.0,0.0,1136.0,0.0,0.0,2590.0,2528.0,0.0,0.0,45.0,694.0,3158.0,3158.0,151.0,151.0,4953675
CENTRE VAL DE LOIRE,2021-11-21 10:30:00,2021,325,10:30:00,325.44,72.0,7052.0,6.0,33.0,2.0,60.0,0.0,-4801.0,0.0,0.0,229.0,229.0,11630.0,10735.0,1360.0,663.0,92.0,92.0,90.0,90.0,2573303
PROVENCE ALPES COTE D AZUR,2016-06-18 23:00:00,2016,170,23:00:00,170.96,98.0,0.0,10.0,0.0,1123.0,71.0,0.0,2623.0,0.0,0.0,2614.0,2264.0,0.0,0.0,48.0,1034.0,3191.0,3191.0,354.0,354.0,5021928
CENTRE VAL DE LOIRE,2020-12-10 19:00:00,2020,345,19:00:00,345.79,89.0,9274.0,83.0,0.0,49.0,56.0,0.0,-6493.0,0.0,0.0,229.0,229.0,11630.0,10609.0,1278.0,415.0,92.0,92.0,88.0,88.0,2574863
GRAND EST,2022-01-09 02:00:00,2022,9,02:00:00,9.08,294.0,7398.0,3510.0,0.0,1015.0,154.0,-522.0,-6173.0,0.0,0.0,3590.0,3590.0,10820.0,9989.0,4189.0,968.0,2306.0,2104.0,211.0,211.0,5563889
HAUTS DE FRANCE,2017-09-30 16:00:00,2017,273,16:00:00,273.67,278.0,3561.0,332.0,48.0,1.0,118.0,0.0,404.0,0.0,0.0,2910.0,2335.0,5460.0,4550.0,3609.0,216.0,5.0,5.0,165.0,165.0,6003815
HAUTS DE FRANCE,2020-01-22 08:30:00,2020,22,08:30:00,22.35,2231.0,4564.0,198.0,0.0,3.0,119.0,0.0,1337.0,0.0,0.0,2970.0,2970.0,5460.0,4787.0,4938.0,240.0,5.0,5.0,180.0,180.0,5997734
OCCITANIE,2019-10-17 15:30:00,2019,290,15:30:00,290.65,0.0,1267.0,112.0,605.0,452.0,83.0,0.0,1317.0,0.0,0.0,307.0,307.0,2620.0,1310.0,1570.0,2142.0,5489.0,5206.0,146.0,146.0,5933185
NORMANDIE,2016-06-22 17:00:00,2016,174,17:00:00,174.71,163.0,6460.0,28.0,40.0,8.0,29.0,0.0,-3921.0,0.0,0.0,773.0,193.0,10640.0,9310.0,563.0,218.0,31.0,31.0,95.0,95.0,3335929
NOUVELLE AQUITAINE,2020-01-03 05:30:00,2020,3,05:30:00,3.23,196.0,5591.0,508.0,0.0,421.0,184.0,0.0,-1450.0,0.0,0.0,571.0,571.0,6630.0,5720.0,1075.0,2615.0,1783.0,1678.0,340.0,340.0,6033952
NOUVELLE AQUITAINE,2019-06-09 00:30:00,2019,160,00:30:00,160.02,26.0,4084.0,127.0,0.0,488.0,173.0,0.0,-965.0,0.0,0.0,538.0,538.0,6630.0,5369.0,1008.0,2494.0,1782.0,1673.0,319.0,319.0,6010289
CENTRE VAL DE LOIRE,2020-09-12 23:30:00,2020,256,23:30:00,256.98,12.0,5273.0,223.0,0.0,1.0,66.0,0.0,-4052.0,0.0,0.0,229.0,229.0,11630.0,10676.0,1256.0,381.0,92.0,92.0,88.0,88.0,2574863
BOURGOGNE FRANCHE COMTE,2021-04-05 17:30:00,2021,95,17:30:00,95.73,61.0,0.0,516.0,58.0,42.0,47.0,0.0,1245.0,0.0,0.0,401.0,401.0,0.0,0.0,943.0,411.0,523.0,523.0,71.0,71.0,2800194
PROVENCE ALPES COTE D AZUR,2018-01-16 23:30:00,2018,16,23:30:00,16.98,230.0,0.0,26.0,0.0,534.0,88.0,0.0,5115.0,0.0,0.0,2651.0,2345.0,0.0,0.0,48.0,1218.0,3227.0,3227.0,357.0,357.0,5052832
AUVERGNE RHONE ALPES,2017-09-01 21:00:00,2017,244,21:00:00,244.88,404.0,11353.0,83.0,0.0,2490.0,92.0,-18.0,-7635.0,0.0,0.0,985.0,985.0,13570.0,12655.0,486.0,962.0,11246.0,11046.0,178.0,178.0,7948287
BRETAGNE,2018-01-13 13:00:00,2018,13,13:00:00,13.54,232.0,0.0,214.0,16.0,51.0,43.0,-1.0,3169.0,0.0,0.0,904.0,904.0,0.0,0.0,942.0,250.0,270.0,270.0,67.0,67.0,3335414
ILE DE FRANCE,2013-12-24 12:00:00,2013,358,12:00:00,358.5,267.0,0.0,18.0,2.0,7.0,143.0,0.0,10291.0,0.0,0.0,2122.0,2122.0,0.0,0.0,37.0,110.0,19.0,19.0,282.0,282.0,11959807
OCCITANIE,2022-08-27 21:30:00,2022,239,21:30:00,239.9,0.0,1230.0,28.0,2.0,216.0,97.0,0.0,2219.0,0.0,0.0,326.0,326.0,2620.0,1310.0,1593.0,3009.0,5503.0,5366.0,174.0,174.0,6067101
HAUTS DE FRANCE,2018-11-25 17:00:00,2018,329,17:00:00,329.71,2160.0,4494.0,1084.0,0.0,1.0,108.0,0.0,-1502.0,0.0,0.0,2967.0,2967.0,5460.0,4550.0,4173.0,234.0,5.0,5.0,171.0,171.0,6004108
GRAND EST,2022-11-24 03:30:00,2022,328,03:30:00,328.15,268.0,3653.0,2836.0,0.0,666.0,146.0,-510.0,-2369.0,0.0,0.0,3615.0,3615.0,10820.0,9647.0,4509.0,1118.0,2308.0,1954.0,236.0,236.0,5563889
GRAND EST,2020-03-12 17:00:00,2020,72,17:00:00,72.71,1800.0,5845.0,1605.0,41.0,1059.0,130.0,0.0,-4868.0,0.0,0.0,3535.0,3535.0,10820.0,9598.0,3606.0,617.0,2303.0,2089.0,182.0,182.0,5562651
PROVENCE ALPES COTE D AZUR,2018-05-24 22:30:00,2018,144,22:30:00,144.94,20.0,0.0,0.0,0.0,1900.0,75.0,0.0,1881.0,0.0,0.0,2666.0,2253.0,0.0,0.0,48.0,1249.0,3233.0,3233.0,357.0,207.0,5052832
PAYS DE LA LOIRE,2020-01-29 05:30:00,2020,29,05:30:00,29.23,811.0,0.0,391.0,0.0,5.0,55.0,0.0,2340.0,0.0,0.0,2050.0,1857.0,0.0,0.0,977.0,626.0,10.0,10.0,76.0,76.0,3832120
HAUTS DE FRANCE,2018-09-13 00:00:00,2018,256,00:00:00,256.0,684.0,2616.0,403.0,0.0,0.0,118.0,0.0,1607.0,0.0,0.0,2922.0,2737.0,5460.0,4550.0,4014.0,229.0,5.0,5.0,171.0,171.0,6004108
BOURGOGNE FRANCHE COMTE,2018-04-13 08:00:00,2018,103,08:00:00,103.33,20.0,0.0,181.0,9.0,310.0,30.0,0.0,2055.0,0.0,0.0,386.0,386.0,0.0,0.0,676.0,306.0,520.0,443.0,36.0,36.0,2807807
NOUVELLE AQUITAINE,2017-01-15 17:00:00,2017,15,17:00:00,15.71,259.0,5091.0,54.0,20.0,359.0,204.0,0.0,219.0,0.0,0.0,452.0,452.0,6630.0,5135.0,721.0,1925.0,1780.0,1780.0,295.0,295.0,5956978
HAUTS DE FRANCE,2020-09-10 06:30:00,2020,254,06:30:00,254.27,1545.0,3542.0,369.0,0.0,0.0,106.0,0.0,-733.0,0.0,0.0,2983.0,2983.0,5460.0,4550.0,5127.0,251.0,5.0,5.0,181.0,181.0,5997734
CENTRE VAL DE LOIRE,2018-04-29 05:00:00,2018,119,05:00:00,119.21,0.0,8188.0,150.0,0.0,3.0,68.0,0.0,-7063.0,0.0,0.0,216.0,216.0,11630.0,10732.0,1014.0,286.0,91.0,91.0,76.0,76.0,2572853
BRETAGNE,2015-09-25 18:30:00,2015,268,18:30:00,268.77,1.0,0.0,22.0,24.0,0.0,36.0,-1.0,2090.0,0.0,0.0,724.0,639.0,0.0,0.0,801.0,222.0,275.0,275.0,55.0,55.0,3293850
BRETAGNE,2015-06-11 11:00:00,2015,162,11:00:00,162.46,1.0,0.0,5.0,39.0,69.0,37.0,-1.0,2320.0,0.0,0.0,724.0,639.0,0.0,0.0,801.0,220.0,272.0,272.0,55.0,55.0,3293850
CENTRE VAL DE LOIRE,2021-05-03 19:00:00,2021,123,19:00:00,123.79,14.0,6389.0,843.0,109.0,1.0,67.0,0.0,-5467.0,0.0,0.0,229.0,229.0,11630.0,11630.0,1288.0,508.0,92.0,92.0,89.0,89.0,2573303
ILE DE FRANCE,2014-07-19 03:00:00,2014,200,03:00:00,200.12,-2.0,0.0,0.0,0.0,5.0,163.0,0.0,5102.0,0.0,0.0,2122.0,2122.0,0.0,0.0,37.0,111.0,19.0,19.0,282.0,282.0,12027565
AUVERGNE RHONE ALPES,2019-12-08 07:30:00,2019,342,07:30:00,342.31,240.0,8664.0,126.0,0.0,1574.0,145.0,-2089.0,-1058.0,0.0,0.0,1032.0,1032.0,13570.0,12712.0,635.0,1222.0,11740.0,11577.0,191.0,191.0,8042936
CENTRE VAL DE LOIRE,2013-02-07 02:30:00,2013,38,02:30:00,38.1,89.0,10532.0,541.0,0.0,64.0,20.0,0.0,-8280.0,0.0,0.0,157.0,157.0,11630.0,11630.0,662.0,208.0,91.0,91.0,41.0,41.0,2570548
ILE DE FRANCE,2021-08-07 12:00:00,2021,219,12:00:00,219.5,0.0,0.0,69.0,57.0,9.0,128.0,0.0,5182.0,0.0,0.0,2171.0,2171.0,0.0,0.0,148.0,174.0,20.0,20.0,314.0,314.0,12317279
PROVENCE ALPES COTE D AZUR,2016-06-08 11:00:00,2016,160,11:00:00,160.46,768.0,0.0,16.0,581.0,1814.0,84.0,0.0,1013.0,0.0,0.0,2614.0,2290.0,0.0,0.0,48.0,1020.0,3187.0,3187.0,354.0,354.0,5021928
BRETAGNE,2019-08-07 01:00:00,2019,219,01:00:00,219.04,1.0,0.0,76.0,0.0,0.0,50.0,-49.0,1819.0,0.0,0.0,960.0,960.0,0.0,0.0,1021.0,268.0,270.0,270.0,74.0,74.0,3354854
NOUVELLE AQUITAINE,2019-04-20 03:00:00,2019,110,03:00:00,110.12,22.0,5648.0,109.0,-1.0,262.0,197.0,0.0,-2526.0,0.0,0.0,538.0,538.0,6630.0,5720.0,991.0,2473.0,1782.0,1673.0,319.0,319.0,6010289
BOURGOGNE FRANCHE COMTE,2022-08-21 13:00:00,2022,233,13:00:00,233.54,0.0,0.0,10.0,361.0,28.0,53.0,0.0,1238.0,0.0,0.0,401.0,401.0,0.0,0.0,1067.0,594.0,524.0,524.0,75.0,75.0,2797366
PAYS DE LA LOIRE,2018-11-01 06:30:00,2018,305,06:30:00,305.27,99.0,0.0,88.0,0.0,0.0,47.0,0.0,2433.0,0.0,0.0,1985.0,1891.0,0.0,0.0,849.0,556.0,8.0,8.0,70.0,70.0,3781423
BOURGOGNE FRANCHE COMTE,2020-02-13 05:00:00,2020,44,05:00:00,44.21,180.0,0.0,462.0,0.0,115.0,48.0,0.0,1924.0,0.0,0.0,401.0,401.0,0.0,0.0,877.0,345.0,521.0,521.0,69.0,69.0,2801695
PAYS DE LA LOIRE,2020-01-30 19:00:00,2020,30,19:00:00,30.79,888.0,0.0,524.0,0.0,5.0,54.0,0.0,2792.0,0.0,0.0,2050.0,1857.0,0.0,0.0,977.0,627.0,10.0,10.0,76.0,76.0,3832120
AUVERGNE RHONE ALPES,2017-05-08 16:30:00,2017,128,16:30:00,128.69,412.0,7147.0,170.0,280.0,2472.0,92.0,-1059.0,-3087.0,0.0,0.0,985.0,985.0,13570.0,12579.0,486.0,946.0,11239.0,11047.0,178.0,178.0,7948287
GRAND EST,2021-09-04 15:30:00,2021,247,15:30:00,247.65,318.0,7437.0,81.0,529.0,906.0,158.0,-169.0,-5143.0,0.0,0.0,3585.0,3585.0,10820.0,10239.0,3939.0,928.0,2305.0,2103.0,209.0,209.0,5561287
NORMANDIE,2022-10-17 19:30:00,2022,290,19:30:00,290.81,185.0,2860.0,18.0,0.0,12.0,64.0,0.0,-340.0,0.0,0.0,852.0,852.0,10640.0,9333.0,957.0,319.0,31.0,31.0,149.0,149.0,3327604
GRAND EST,2022-10-16 11:30:00,2022,289,11:30:00,289.48,1620.0,3618.0,119.0,187.0,707.0,143.0,-165.0,-1913.0,0.0,0.0,3590.0,3590.0,10820.0,9638.0,4389.0,1101.0,2308.0,1954.0,235.0,235.0,5563889
PROVENCE ALPES COTE D AZUR,2018-10-29 18:30:00,2018,302,18:30:00,302.77,1822.0,0.0,40.0,3.0,1099.0,93.0,0.0,2157.0,0.0,0.0,2666.0,2320.0,0.0,0.0,48.0,1300.0,3233.0,3109.0,357.0,207.0,5052832
HAUTS DE FRANCE,2015-06-24 18:00:00,2015,175,18:00:00,175.75,312.0,4502.0,29.0,46.0,1.0,109.0,0.0,272.0,0.0,0.0,2301.0,1970.0,5460.0,4550.0,2734.0,213.0,5.0,5.0,160.0,160.0,6009976
AUVERGNE RHONE ALPES,2014-06-16 00:30:00,2014,167,00:30:00,167.02,33.0,8922.0,157.0,0.0,2625.0,48.0,-25.0,-6184.0,0.0,0.0,938.0,938.0,13570.0,12235.0,347.0,817.0,11141.0,10989.0,140.0,140.0,7820966
BOURGOGNE FRANCHE COMTE,2019-06-25 21:30:00,2019,176,21:30:00,176.9,24.0,0.0,6.0,2.0,41.0,27.0,0.0,2214.0,0.0,0.0,401.0,401.0,0.0,0.0,831.0,336.0,520.0,520.0,67.0,67.0,2805580
BRETAGNE,2018-09-14 16:30:00,2018,257,16:30:00,257.69,1.0,0.0,41.0,87.0,239.0,39.0,-1.0,1743.0,0.0,0.0,913.0,828.0,0.0,0.0,980.0,254.0,270.0,270.0,69.0,69.0,3335414
PROVENCE ALPES COTE D AZUR,2013-11-14 21:30:00,2013,318,21:30:00,318.9,775.0,0.0,21.0,0.0,984.0,47.0,0.0,3438.0,0.0,0.0,2592.0,2211.0,0.0,0.0,45.0,742.0,3160.0,3160.0,151.0,151.0,4953675
GRAND EST,2014-11-18 00:30:00,2014,322,00:30:00,322.02,746.0,12210.0,47.0,0.0,1097.0,80.0,-359.0,-8323.0,0.0,0.0,3400.0,3068.0,10820.0,10820.0,2269.0,517.0,2283.0,2283.0,107.0,107.0,5554645
NORMANDIE,2018-09-19 09:30:00,2018,262,09:30:00,262.4,199.0,8627.0,195.0,22.0,11.0,51.0,0.0,-6123.0,0.0,0.0,817.0,237.0,10640.0,9500.0,736.0,250.0,31.0,31.0,104.0,104.0,3327477
PROVENCE ALPES COTE D AZUR,2018-09-02 19:30:00,2018,245,19:30:00,245.81,48.0,0.0,6.0,62.0,1161.0,99.0,0.0,2588.0,0.0,0.0,2666.0,2256.0,0.0,0.0,48.0,1296.0,3233.0,3092.0,357.0,207.0,5052832
PAYS DE LA LOIRE,2018-03-28 17:30:00,2018,87,17:30:00,87.73,1308.0,0.0,350.0,147.0,4.0,49.0,0.0,1592.0,0.0,0.0,1962.0,1962.0,0.0,0.0,796.0,540.0,8.0,8.0,69.0,69.0,3781423
HAUTS DE FRANCE,2020-05-13 17:30:00,2020,134,17:30:00,134.73,1062.0,4489.0,3469.0,66.0,2.0,121.0,0.0,-4175.0,0.0,0.0,2970.0,2474.0,5460.0,4550.0,5048.0,242.0,5.0,5.0,181.0,181.0,5997734
BRETAGNE,2014-06-10 14:00:00,2014,161,14:00:00,161.58,1.0,0.0,256.0,101.0,54.0,28.0,-1.0,1971.0,0.0,0.0,688.0,688.0,0.0,0.0,763.0,211.0,272.0,272.0,51.0,51.0,3276543
NORMANDIE,2016-06-16 00:30:00,2016,168,00:30:00,168.02,613.0,7460.0,13.0,0.0,3.0,42.0,0.0,-5365.0,0.0,0.0,773.0,193.0,10640.0,9310.0,563.0,218.0,31.0,31.0,95.0,95.0,3335929
PAYS DE LA LOIRE,2022-08-27 01:30:00,2022,239,01:30:00,239.06,14.0,0.0,333.0,0.0,0.0,59.0,0.0,1818.0,0.0,0.0,2068.0,1609.0,0.0,0.0,1675.0,878.0,10.0,10.0,80.0,80.0,3878839
PROVENCE ALPES COTE D AZUR,2014-03-31 04:30:00,2014,90,04:30:00,90.19,229.0,0.0,0.0,0.0,1093.0,74.0,-51.0,2514.0,0.0,0.0,2592.0,2318.0,0.0,0.0,45.0,813.0,3160.0,3160.0,169.0,169.0,4983438
PAYS DE LA LOIRE,2016-08-12 16:30:00,2016,225,16:30:00,225.69,-10.0,0.0,6.0,242.0,0.0,35.0,0.0,2214.0,0.0,0.0,1880.0,1337.0,0.0,0.0,665.0,478.0,8.0,8.0,63.0,63.0,3737632
AUVERGNE RHONE ALPES,2018-02-19 19:30:00,2018,50,19:30:00,50.81,648.0,9936.0,76.0,0.0,6940.0,126.0,-11.0,-6970.0,0.0,0.0,1000.0,1000.0,13570.0,12496.0,558.0,1023.0,11254.0,11012.0,179.0,179.0,7994459
BOURGOGNE FRANCHE COMTE,2019-08-11 19:30:00,2019,223,19:30:00,223.81,23.0,0.0,43.0,23.0,29.0,29.0,-1.0,1497.0,0.0,0.0,401.0,401.0,0.0,0.0,831.0,338.0,521.0,521.0,67.0,67.0,2805580
NOUVELLE AQUITAINE,2016-02-07 04:30:00,2016,38,04:30:00,38.19,170.0,4635.0,187.0,-1.0,673.0,148.0,0.0,-1176.0,0.0,0.0,429.0,429.0,6630.0,5671.0,547.0,1817.0,1778.0,1778.0,279.0,279.0,5935603
HAUTS DE FRANCE,2022-06-13 04:00:00,2022,164,04:00:00,164.17,628.0,2941.0,968.0,0.0,2.0,113.0,0.0,-690.0,0.0,0.0,2993.0,2729.0,5460.0,4550.0,5774.0,442.0,6.0,6.0,197.0,197.0,5990765
OCCITANIE,2014-09-14 16:30:00,2014,257,16:30:00,257.69,-2.0,2450.0,25.0,360.0,326.0,64.0,-852.0,694.0,0.0,0.0,251.0,251.0,2620.0,2620.0,943.0,1302.0,5415.0,5415.0,132.0,132.0,5730753
PROVENCE ALPES COTE D AZUR,2021-01-26 15:00:00,2021,26,15:00:00,26.62,1896.0,0.0,38.0,673.0,1595.0,91.0,0.0,1705.0,0.0,0.0,2715.0,2386.0,0.0,0.0,96.0,1548.0,3266.0,3235.0,357.0,357.0,5127840
NOUVELLE AQUITAINE,2014-06-14 08:30:00,2014,165,08:30:00,165.35,26.0,3887.0,61.0,132.0,413.0,140.0,0.0,-1104.0,0.0,0.0,421.0,421.0,6630.0,6630.0,436.0,1110.0,1772.0,1772.0,220.0,220.0,5879144
NOUVELLE AQUITAINE,2022-12-03 04:30:00,2022,337,04:30:00,337.19,283.0,2757.0,287.0,0.0,193.0,161.0,0.0,1174.0,0.0,0.0,581.0,581.0,6630.0,5677.0,1602.0,3911.0,1786.0,1786.0,356.0,356.0,6098051
NOUVELLE AQUITAINE,2017-05-23 18:00:00,2017,143,18:00:00,143.75,47.0,4200.0,21.0,909.0,401.0,184.0,0.0,-1472.0,0.0,0.0,465.0,465.0,6630.0,5428.0,742.0,1960.0,1780.0,1670.0,306.0,306.0,5956978
NORMANDIE,2019-02-20 15:30:00,2019,51,15:30:00,51.65,450.0,7184.0,68.0,52.0,20.0,38.0,0.0,-4207.0,0.0,0.0,833.0,253.0,10640.0,9393.0,791.0,253.0,31.0,31.0,105.0,105.0,3325032
PAYS DE LA LOIRE,2014-02-10 17:00:00,2014,41,17:00:00,41.71,140.0,0.0,227.0,38.0,3.0,44.0,0.0,3416.0,0.0,0.0,1864.0,1864.0,0.0,0.0,518.0,403.0,6.0,6.0,58.0,58.0,3690833
AUVERGNE RHONE ALPES,2021-02-06 12:00:00,2021,37,12:00:00,37.5,261.0,9589.0,231.0,145.0,4284.0,123.0,-625.0,-5757.0,0.0,0.0,1047.0,1047.0,13570.0,12680.0,723.0,1386.0,11753.0,11595.0,208.0,208.0,8114361
PAYS DE LA LOIRE,2017-03-28 11:30:00,2017,87,11:30:00,87.48,519.0,0.0,93.0,161.0,2.0,43.0,0.0,2728.0,0.0,0.0,1916.0,1522.0,0.0,0.0,713.0,494.0,8.0,8.0,65.0,65.0,3757600
PAYS DE LA LOIRE,2018-05-08 00:00:00,2018,128,00:00:00,128.0,3.0,0.0,69.0,0.0,2.0,45.0,0.0,2652.0,0.0,0.0,1968.0,1678.0,0.0,0.0,804.0,542.0,8.0,8.0,69.0,69.0,3781423
BOURGOGNE FRANCHE COMTE,2022-12-03 01:30:00,2022,337,01:30:00,337.06,178.0,0.0,325.0,0.0,103.0,53.0,0.0,1780.0,0.0,0.0,401.0,401.0,0.0,0.0,1067.0,639.0,524.0,524.0,75.0,75.0,2797366
OCCITANIE,2015-07-05 23:30:00,2015,186,23:30:00,186.98,-4.0,2283.0,233.0,0.0,682.0,80.0,0.0,785.0,0.0,0.0,266.0,0.0,2620.0,2620.0,1039.0,1406.0,5454.0,5227.0,133.0,133.0,5774185
HAUTS DE FRANCE,2015-02-16 06:00:00,2015,47,06:00:00,47.25,785.0,5395.0,63.0,0.0,2.0,117.0,0.0,231.0,0.0,0.0,2301.0,2301.0,5460.0,5460.0,2634.0,213.0,5.0,5.0,155.0,155.0,6009976
CENTRE VAL DE LOIRE,2022-06-04 21:00:00,2022,155,21:00:00,155.88,0.0,6063.0,163.0,14.0,1.0,64.0,0.0,-4829.0,0.0,0.0,229.0,229.0,11630.0,10754.0,1455.0,735.0,92.0,92.0,90.0,90.0,2572916
PAYS DE LA LOIRE,2022-09-29 00:00:00,2022,272,00:00:00,272.0,43.0,0.0,371.0,0.0,0.0,65.0,0.0,2184.0,0.0,0.0,2068.0,1698.0,0.0,0.0,1675.0,916.0,10.0,10.0,80.0,80.0,3878839
NORMANDIE,2021-05-25 01:00:00,2021,145,01:00:00,145.04,178.0,7187.0,539.0,0.0,11.0,90.0,0.0,-5262.0,0.0,0.0,852.0,852.0,10640.0,10040.0,872.0,282.0,31.0,31.0,147.0,147.0,3327966
PAYS DE LA LOIRE,2020-06-04 12:00:00,2020,156,12:00:00,156.5,427.0,0.0,266.0,193.0,1.0,56.0,0.0,2142.0,0.0,0.0,2050.0,1731.0,0.0,0.0,989.0,639.0,10.0,10.0,77.0,77.0,3832120
PROVENCE ALPES COTE D AZUR,2015-09-17 09:30:00,2015,260,09:30:00,260.4,440.0,0.0,26.0,91.0,847.0,73.0,0.0,3141.0,0.0,0.0,2610.0,2215.0,0.0,0.0,48.0,949.0,3168.0,3168.0,183.0,183.0,5007977
BRETAGNE,2014-11-02 23:30:00,2014,306,23:30:00,306.98,77.0,0.0,331.0,0.0,57.0,42.0,-1.0,1619.0,0.0,0.0,707.0,707.0,0.0,0.0,781.0,217.0,272.0,272.0,52.0,52.0,3276543
BOURGOGNE FRANCHE COMTE,2015-04-13 08:30:00,2015,103,08:30:00,103.35,28.0,0.0,18.0,25.0,147.0,12.0,0.0,2510.0,0.0,0.0,325.0,80.0,0.0,0.0,344.0,254.0,510.0,510.0,29.0,29.0,2820940
NORMANDIE,2021-05-05 03:00:00,2021,125,03:00:00,125.12,208.0,6934.0,395.0,0.0,10.0,94.0,0.0,-4792.0,0.0,0.0,852.0,852.0,10640.0,10040.0,872.0,280.0,31.0,31.0,147.0,147.0,3327966
PROVENCE ALPES COTE D AZUR,2021-11-03 17:30:00,2021,307,17:30:00,307.73,1231.0,0.0,10.0,5.0,1639.0,75.0,0.0,1793.0,0.0,0.0,2724.0,2460.0,0.0,0.0,96.0,1703.0,3266.0,3222.0,357.0,357.0,5127840
BRETAGNE,2017-01-12 02:00:00,2017,12,02:00:00,12.08,202.0,0.0,68.0,0.0,155.0,38.0,-1.0,2617.0,0.0,0.0,848.0,848.0,0.0,0.0,877.0,232.0,275.0,275.0,58.0,58.0,3318904
HAUTS DE FRANCE,2013-09-22 12:30:00,2013,265,12:30:00,265.52,294.0,3541.0,11.0,27.0,1.0,79.0,0.0,964.0,0.0,0.0,2268.0,2268.0,5460.0,5460.0,2205.0,210.0,5.0,5.0,139.0,139.0,5987883
ILE DE FRANCE,2014-08-16 01:30:00,2014,228,01:30:00,228.06,-2.0,0.0,2.0,0.0,7.0,125.0,0.0,4635.0,0.0,0.0,2122.0,2122.0,0.0,0.0,37.0,111.0,19.0,19.0,282.0,282.0,12027565
AUVERGNE RHONE ALPES,2018-05-27 23:00:00,2018,147,23:00:00,147.96,18.0,8887.0,103.0,0.0,4964.0,119.0,-6.0,-7736.0,0.0,0.0,1000.0,1000.0,13570.0,12595.0,578.0,1051.0,11259.0,11089.0,179.0,179.0,7994459
BOURGOGNE FRANCHE COMTE,2022-04-15 20:00:00,2022,105,20:00:00,105.83,22.0,0.0,193.0,11.0,184.0,53.0,0.0,1685.0,0.0,0.0,401.0,401.0,0.0,0.0,1049.0,524.0,524.0,524.0,74.0,74.0,2797366
NORMANDIE,2018-11-19 14:00:00,2018,323,14:00:00,323.58,397.0,5577.0,361.0,50.0,14.0,50.0,0.0,-2207.0,0.0,0.0,821.0,241.0,10640.0,9407.0,767.0,251.0,31.0,31.0,105.0,105.0,3327477
PROVENCE ALPES COTE D AZUR,2015-11-18 00:30:00,2015,322,00:30:00,322.02,1138.0,0.0,12.0,0.0,792.0,87.0,0.0,2635.0,0.0,0.0,2610.0,2145.0,0.0,0.0,48.0,968.0,3175.0,3175.0,183.0,183.0,5007977
NOUVELLE AQUITAINE,2018-01-08 23:00:00,2018,8,23:00:00,8.96,240.0,5907.0,30.0,-1.0,1212.0,181.0,0.0,-1259.0,0.0,0.0,478.0,478.0,6630.0,5830.0,882.0,2220.0,1781.0,1781.0,307.0,307.0,5979778
CENTRE VAL DE LOIRE,2017-06-16 22:00:00,2017,167,22:00:00,167.92,0.0,6375.0,128.0,0.0,3.0,57.0,0.0,-4708.0,0.0,0.0,198.0,198.0,11630.0,10648.0,947.0,268.0,91.0,91.0,76.0,76.0,2576252
CENTRE VAL DE LOIRE,2017-03-20 15:00:00,2017,79,15:00:00,79.62,94.0,11415.0,617.0,30.0,32.0,59.0,0.0,-9770.0,0.0,0.0,198.0,198.0,11630.0,11630.0,937.0,265.0,91.0,91.0,76.0,76.0,2576252
PROVENCE ALPES COTE D AZUR,2014-03-19 18:00:00,2014,78,18:00:00,78.75,228.0,0.0,10.0,58.0,1421.0,70.0,0.0,2508.0,0.0,0.0,2592.0,2318.0,0.0,0.0,45.0,813.0,3160.0,3160.0,164.0,164.0,4983438
HAUTS DE FRANCE,2013-05-03 19:00:00,2013,123,19:00:00,123.79,279.0,3597.0,266.0,21.0,1.0,53.0,0.0,1477.0,0.0,0.0,2268.0,2034.0,5460.0,5460.0,2126.0,210.0,5.0,5.0,139.0,139.0,5987883
HAUTS DE FRANCE,2016-06-17 16:00:00,2016,169,16:00:00,169.67,646.0,4320.0,505.0,50.0,2.0,98.0,0.0,-78.0,0.0,0.0,2864.0,2633.0,5460.0,4550.0,3051.0,213.0,5.0,5.0,163.0,163.0,6006870
ILE DE FRANCE,2016-08-16 02:00:00,2016,229,02:00:00,229.08,-3.0,0.0,14.0,0.0,4.0,146.0,0.0,4348.0,0.0,0.0,2149.0,1647.0,0.0,0.0,61.0,115.0,19.0,19.0,300.0,300.0,12117132
ILE DE FRANCE,2015-08-08 04:00:00,2015,220,04:00:00,220.17,-2.0,0.0,5.0,0.0,5.0,121.0,0.0,4316.0,0.0,0.0,2144.0,1679.0,0.0,0.0,49.0,113.0,19.0,19.0,300.0,300.0,12082144
BOURGOGNE FRANCHE COMTE,2013-05-17 12:30:00,2013,137,12:30:00,137.52,28.0,0.0,0.0,33.0,174.0,13.0,0.0,2707.0,0.0,0.0,301.0,301.0,0.0,0.0,204.0,228.0,480.0,480.0,24.0,24.0,2819783
CENTRE VAL DE LOIRE,2022-09-20 15:30:00,2022,263,15:30:00,263.65,29.0,6098.0,116.0,468.0,1.0,59.0,0.0,-5026.0,0.0,0.0,229.0,229.0,11630.0,10649.0,1482.0,784.0,92.0,92.0,90.0,90.0,2572916
HAUTS DE FRANCE,2017-10-08 22:30:00,2017,281,22:30:00,281.94,1300.0,3589.0,85.0,0.0,1.0,89.0,0.0,-79.0,0.0,0.0,2910.0,2507.0,5460.0,4550.0,3609.0,216.0,5.0,5.0,165.0,165.0,6003815
CENTRE VAL DE LOIRE,2013-12-29 11:30:00,2013,363,11:30:00,363.48,72.0,9653.0,101.0,51.0,2.0,36.0,0.0,-7427.0,0.0,0.0,162.0,162.0,11630.0,11630.0,739.0,214.0,91.0,91.0,56.0,56.0,2570548
ILE DE FRANCE,2017-01-30 17:30:00,2017,30,17:30:00,30.73,895.0,0.0,6.0,0.0,5.0,141.0,0.0,10326.0,0.0,0.0,2149.0,1645.0,0.0,0.0,61.0,116.0,19.0,19.0,301.0,301.0,12174880
ILE DE FRANCE,2013-07-03 11:00:00,2013,184,11:00:00,184.46,187.0,0.0,5.0,10.0,9.0,127.0,0.0,8013.0,0.0,0.0,2121.0,1905.0,0.0,0.0,37.0,109.0,19.0,19.0,282.0,282.0,11959807
OCCITANIE,2013-05-04 16:00:00,2013,124,16:00:00,124.67,-2.0,1657.0,262.0,430.0,1561.0,74.0,-877.0,-60.0,0.0,0.0,245.0,245.0,2620.0,2620.0,861.0,1054.0,5379.0,5379.0,126.0,126.0,5683878
GRAND EST,2014-03-16 13:30:00,2014,75,13:30:00,75.56,196.0,8191.0,510.0,278.0,583.0,86.0,0.0,-5145.0,0.0,0.0,3398.0,3283.0,10820.0,10820.0,1999.0,509.0,2283.0,2283.0,96.0,96.0,5554645
NOUVELLE AQUITAINE,2013-04-15 18:30:00,2013,105,18:30:00,105.77,33.0,4187.0,7.0,165.0,657.0,124.0,0.0,-1018.0,0.0,0.0,421.0,421.0,6630.0,6630.0,356.0,964.0,1759.0,1759.0,209.0,209.0,5844177
PAYS DE LA LOIRE,2016-10-07 13:30:00,2016,281,13:30:00,281.56,425.0,0.0,57.0,210.0,0.0,47.0,0.0,2530.0,0.0,0.0,1880.0,1258.0,0.0,0.0,687.0,480.0,8.0,8.0,63.0,63.0,3737632
NOUVELLE AQUITAINE,2018-03-06 19:00:00,2018,65,19:00:00,65.79,173.0,6581.0,608.0,-2.0,1254.0,131.0,0.0,-1954.0,0.0,0.0,482.0,482.0,6630.0,5646.0,882.0,2278.0,1781.0,1663.0,314.0,314.0,5979778
OCCITANIE,2017-02-28 17:00:00,2017,59,17:00:00,59.71,74.0,2381.0,756.0,89.0,1115.0,94.0,0.0,711.0,0.0,0.0,282.0,282.0,2620.0,1937.0,1194.0,1700.0,5473.0,5246.0,140.0,140.0,5845102
AUVERGNE RHONE ALPES,2018-12-07 00:00:00,2018,341,00:00:00,341.0,219.0,10352.0,168.0,0.0,2838.0,146.0,-334.0,-5118.0,0.0,0.0,1025.0,1025.0,13570.0,12700.0,607.0,1120.0,11268.0,11098.0,189.0,189.0,7994459
OCCITANIE,2019-08-14 23:30:00,2019,226,23:30:00,226.98,0.0,2153.0,534.0,0.0,936.0,99.0,-1.0,65.0,0.0,0.0,307.0,307.0,2620.0,2620.0,1559.0,2109.0,5489.0,5299.0,146.0,146.0,5933185
ILE DE FRANCE,2017-06-22 09:30:00,2017,173,09:30:00,173.4,0.0,0.0,2.0,21.0,4.0,146.0,0.0,8331.0,0.0,0.0,2149.0,1800.0,0.0,0.0,73.0,117.0,19.0,19.0,301.0,301.0,12174880
PROVENCE ALPES COTE D AZUR,2016-02-06 10:00:00,2016,37,10:00:00,37.42,128.0,0.0,29.0,119.0,943.0,117.0,0.0,4075.0,0.0,0.0,2614.0,2296.0,0.0,0.0,48.0,988.0,3178.0,3056.0,204.0,204.0,5021928
NORMANDIE,2021-05-29 00:30:00,2021,149,00:30:00,149.02,150.0,7621.0,120.0,0.0,11.0,93.0,0.0,-5361.0,0.0,0.0,852.0,852.0,10640.0,10040.0,878.0,282.0,31.0,31.0,147.0,147.0,3327966
NOUVELLE AQUITAINE,2014-06-16 15:00:00,2014,167,15:00:00,167.62,26.0,6565.0,131.0,506.0,294.0,139.0,0.0,-2996.0,0.0,0.0,421.0,421.0,6630.0,6630.0,447.0,1111.0,1772.0,1772.0,220.0,220.0,5879144
OCCITANIE,2022-01-18 00:00:00,2022,18,00:00:00,18.0,120.0,2525.0,433.0,1.0,1127.0,81.0,-220.0,2443.0,0.0,0.0,326.0,326.0,2620.0,2620.0,1593.0,2792.0,5500.0,5465.0,173.0,173.0,6067101
BOURGOGNE FRANCHE COMTE,2020-05-16 23:00:00,2020,137,23:00:00,137.96,57.0,0.0,318.0,0.0,120.0,42.0,0.0,1551.0,0.0,0.0,401.0,401.0,0.0,0.0,877.0,349.0,521.0,521.0,69.0,69.0,2801695
ILE DE FRANCE,2019-05-17 13:00:00,2019,137,13:00:00,137.54,0.0,0.0,2.0,47.0,10.0,136.0,0.0,7946.0,0.0,0.0,2170.0,2038.0,0.0,0.0,88.0,126.0,20.0,20.0,306.0,306.0,12262544
GRAND EST,2015-07-18 01:30:00,2015,199,01:30:00,199.06,419.0,9864.0,490.0,0.0,717.0,60.0,-359.0,-7019.0,0.0,0.0,3420.0,3199.0,10820.0,9798.0,2418.0,525.0,2284.0,2284.0,119.0,119.0,5559051
GRAND EST,2016-05-24 22:30:00,2016,145,22:30:00,145.94,453.0,7602.0,168.0,0.0,1306.0,89.0,-187.0,-4447.0,0.0,0.0,3424.0,2962.0,10820.0,9791.0,2601.0,527.0,2286.0,2084.0,121.0,121.0,5555186
PAYS DE LA LOIRE,2022-11-22 11:30:00,2022,326,11:30:00,326.48,1064.0,0.0,922.0,312.0,2.0,57.0,0.0,1397.0,0.0,0.0,2068.0,1778.0,0.0,0.0,1696.0,932.0,10.0,10.0,80.0,80.0,3878839
CENTRE VAL DE LOIRE,2020-04-05 03:30:00,2020,96,03:30:00,96.15,12.0,8051.0,366.0,0.0,3.0,65.0,0.0,-6790.0,0.0,0.0,229.0,229.0,11630.0,10737.0,1238.0,361.0,92.0,92.0,86.0,86.0,2574863
GRAND EST,2017-01-10 08:00:00,2017,10,08:00:00,10.33,2450.0,11539.0,323.0,0.0,713.0,119.0,0.0,-7489.0,0.0,0.0,3449.0,2854.0,10820.0,9940.0,2840.0,535.0,2296.0,2075.0,138.0,138.0,5549586
NOUVELLE AQUITAINE,2021-05-01 20:30:00,2021,121,20:30:00,121.85,16.0,4129.0,156.0,91.0,441.0,180.0,0.0,-892.0,0.0,0.0,578.0,578.0,6630.0,6630.0,1281.0,3048.0,1784.0,1784.0,353.0,353.0,6069352
BOURGOGNE FRANCHE COMTE,2021-08-17 00:30:00,2021,229,00:30:00,229.02,24.0,0.0,109.0,0.0,63.0,30.0,0.0,1437.0,0.0,0.0,401.0,401.0,0.0,0.0,969.0,460.0,524.0,524.0,72.0,72.0,2800194
ILE DE FRANCE,2020-05-22 20:30:00,2020,143,20:30:00,143.85,0.0,0.0,11.0,2.0,6.0,167.0,0.0,6186.0,0.0,0.0,2170.0,2119.0,0.0,0.0,108.0,144.0,20.0,20.0,314.0,314.0,12271794
HAUTS DE FRANCE,2017-05-06 13:30:00,2017,126,13:30:00,126.56,338.0,3409.0,349.0,48.0,1.0,124.0,0.0,1246.0,0.0,0.0,2900.0,2325.0,5460.0,4625.0,3405.0,214.0,5.0,5.0,165.0,165.0,6003815
BOURGOGNE FRANCHE COMTE,2016-04-10 19:30:00,2016,101,19:30:00,101.81,23.0,0.0,115.0,12.0,92.0,23.0,0.0,1620.0,0.0,0.0,329.0,329.0,0.0,0.0,414.0,264.0,513.0,513.0,30.0,30.0,2818338
PAYS DE LA LOIRE,2017-06-11 09:00:00,2017,162,09:00:00,162.38,1.0,0.0,5.0,110.0,0.0,48.0,0.0,1744.0,0.0,0.0,1921.0,1345.0,0.0,0.0,727.0,499.0,8.0,8.0,66.0,66.0,3757600
CENTRE VAL DE LOIRE,2017-07-04 21:30:00,2017,185,21:30:00,185.9,0.0,5555.0,28.0,1.0,0.0,59.0,0.0,-3845.0,0.0,0.0,198.0,198.0,11630.0,10662.0,947.0,269.0,91.0,91.0,76.0,76.0,2576252
BOURGOGNE FRANCHE COMTE,2014-01-31 07:30:00,2014,31,07:30:00,31.31,121.0,0.0,0.0,0.0,212.0,17.0,0.0,3146.0,0.0,0.0,313.0,68.0,0.0,0.0,230.0,242.0,507.0,507.0,25.0,25.0,2820623
BRETAGNE,2015-11-12 16:00:00,2015,316,16:00:00,316.67,88.0,0.0,289.0,14.0,48.0,40.0,-1.0,2036.0,0.0,0.0,727.0,727.0,0.0,0.0,813.0,223.0,275.0,275.0,56.0,56.0,3293850
BOURGOGNE FRANCHE COMTE,2020-03-18 03:30:00,2020,78,03:30:00,78.15,156.0,0.0,64.0,0.0,170.0,46.0,0.0,1595.0,0.0,0.0,401.0,401.0,0.0,0.0,877.0,347.0,521.0,521.0,69.0,69.0,2801695
PAYS DE LA LOIRE,2018-01-22 22:00:00,2018,22,22:00:00,22.92,568.0,0.0,124.0,0.0,2.0,46.0,0.0,2631.0,0.0,0.0,1954.0,1954.0,0.0,0.0,786.0,534.0,8.0,8.0,69.0,69.0,3781423
NORMANDIE,2020-11-13 00:30:00,2020,318,00:30:00,318.02,357.0,6347.0,267.0,0.0,13.0,62.0,0.0,-3806.0,0.0,0.0,852.0,272.0,10640.0,9310.0,831.0,270.0,31.0,31.0,115.0,115.0,3325522
GRAND EST,2013-12-07 03:00:00,2013,341,03:00:00,341.12,2098.0,8510.0,378.0,0.0,674.0,67.0,0.0,-5835.0,0.0,0.0,3398.0,3163.0,10820.0,9320.0,1943.0,507.0,2282.0,2282.0,94.0,94.0,5552388
CENTRE VAL DE LOIRE,2019-12-28 23:00:00,2019,362,23:00:00,362.96,112.0,8740.0,206.0,0.0,49.0,54.0,0.0,-6768.0,0.0,0.0,229.0,229.0,11630.0,10721.0,1223.0,348.0,91.0,91.0,86.0,86.0,2573180
NOUVELLE AQUITAINE,2019-02-18 03:30:00,2019,49,03:30:00,49.15,288.0,6591.0,543.0,-1.0,330.0,190.0,0.0,-2950.0,0.0,0.0,538.0,538.0,6630.0,6630.0,975.0,2445.0,1781.0,1676.0,319.0,319.0,6010289
GRAND EST,2016-11-21 09:00:00,2016,326,09:00:00,326.38,2248.0,10123.0,1723.0,9.0,1346.0,114.0,0.0,-9234.0,0.0,0.0,3443.0,3443.0,10820.0,9660.0,2695.0,529.0,2295.0,2045.0,138.0,138.0,5555186
HAUTS DE FRANCE,2016-04-27 03:00:00,2016,118,03:00:00,118.12,1383.0,3462.0,873.0,0.0,3.0,99.0,0.0,134.0,0.0,0.0,2864.0,2864.0,5460.0,4550.0,2929.0,213.0,5.0,5.0,160.0,160.0,6006870
HAUTS DE FRANCE,2014-11-10 14:30:00,2014,314,14:30:00,314.6,562.0,4504.0,600.0,38.0,2.0,113.0,0.0,156.0,0.0,0.0,2301.0,2301.0,5460.0,5460.0,2510.0,212.0,5.0,5.0,142.0,142.0,6006156
BRETAGNE,2020-01-23 17:30:00,2020,23,17:30:00,23.73,243.0,0.0,261.0,3.0,59.0,45.0,-1.0,3241.0,0.0,0.0,978.0,978.0,0.0,0.0,1021.0,276.0,272.0,272.0,77.0,77.0,3373835
NORMANDIE,2021-01-30 13:00:00,2021,30,13:00:00,30.54,350.0,5710.0,252.0,36.0,11.0,95.0,0.0,-2907.0,0.0,0.0,852.0,852.0,10640.0,9675.0,831.0,274.0,31.0,31.0,146.0,146.0,3327966
PROVENCE ALPES COTE D AZUR,2015-12-05 06:30:00,2015,339,06:30:00,339.27,293.0,0.0,1.0,0.0,367.0,92.0,0.0,3939.0,0.0,0.0,2612.0,2167.0,0.0,0.0,48.0,968.0,3177.0,3177.0,183.0,183.0,5007977
PROVENCE ALPES COTE D AZUR,2021-12-07 13:30:00,2021,341,13:30:00,341.56,1499.0,0.0,15.0,339.0,1141.0,87.0,0.0,3346.0,0.0,0.0,2724.0,2460.0,0.0,0.0,96.0,1738.0,3266.0,3222.0,357.0,357.0,5127840
NOUVELLE AQUITAINE,2013-01-25 13:00:00,2013,25,13:00:00,25.54,260.0,6733.0,10.0,325.0,1126.0,136.0,0.0,-700.0,0.0,0.0,418.0,418.0,6630.0,6630.0,356.0,944.0,1757.0,1757.0,208.0,208.0,5844177
ILE DE FRANCE,2019-11-26 09:30:00,2019,330,09:30:00,330.4,393.0,0.0,49.0,4.0,11.0,127.0,0.0,9629.0,0.0,0.0,2170.0,2170.0,0.0,0.0,108.0,143.0,20.0,20.0,314.0,314.0,12262544
BOURGOGNE FRANCHE COMTE,2015-10-05 17:30:00,2015,278,17:30:00,278.73,22.0,0.0,127.0,11.0,119.0,15.0,0.0,2123.0,0.0,0.0,325.0,80.0,0.0,0.0,408.0,262.0,513.0,513.0,29.0,29.0,2820940
BOURGOGNE FRANCHE COMTE,2015-04-19 08:00:00,2015,109,08:00:00,109.33,29.0,0.0,200.0,14.0,82.0,14.0,0.0,1471.0,0.0,0.0,325.0,80.0,0.0,0.0,344.0,254.0,510.0,510.0,29.0,29.0,2820940
BRETAGNE,2014-04-20 11:00:00,2014,110,11:00:00,110.46,0.0,0.0,169.0,15.0,6.0,30.0,-1.0,2138.0,0.0,0.0,688.0,688.0,0.0,0.0,747.0,210.0,251.0,251.0,51.0,51.0,3276543
NOUVELLE AQUITAINE,2022-12-22 02:00:00,2022,356,02:00:00,356.08,164.0,2705.0,1176.0,0.0,229.0,166.0,0.0,263.0,0.0,0.0,581.0,581.0,6630.0,5674.0,1629.0,3939.0,1786.0,1786.0,356.0,356.0,6098051
OCCITANIE,2020-10-03 14:30:00,2020,277,14:30:00,277.6,0.0,1183.0,437.0,674.0,1001.0,68.0,-488.0,1148.0,0.0,0.0,314.0,314.0,2620.0,1310.0,1593.0,2291.0,5496.0,5174.0,172.0,172.0,5973969
CENTRE VAL DE LOIRE,2016-11-22 02:00:00,2016,327,02:00:00,327.08,71.0,8812.0,651.0,0.0,10.0,51.0,0.0,-7375.0,0.0,0.0,198.0,198.0,11630.0,10733.0,896.0,261.0,91.0,91.0,71.0,71.0,2577866
BOURGOGNE FRANCHE COMTE,2020-09-26 09:30:00,2020,270,09:30:00,270.4,62.0,0.0,557.0,32.0,31.0,26.0,0.0,1318.0,0.0,0.0,401.0,401.0,0.0,0.0,889.0,371.0,521.0,521.0,70.0,70.0,2801695
NORMANDIE,2013-10-13 08:30:00,2013,286,08:30:00,286.35,513.0,7730.0,156.0,0.0,14.0,40.0,0.0,-5539.0,0.0,0.0,761.0,761.0,10640.0,10640.0,444.0,210.0,23.0,23.0,88.0,88.0,3328364
PAYS DE LA LOIRE,2014-06-03 23:00:00,2014,154,23:00:00,154.96,21.0,0.0,25.0,0.0,2.0,37.0,0.0,3016.0,0.0,0.0,1864.0,1429.0,0.0,0.0,518.0,413.0,7.0,7.0,58.0,58.0,3690833
NORMANDIE,2014-09-29 05:30:00,2014,272,05:30:00,272.23,222.0,8061.0,47.0,0.0,14.0,59.0,0.0,-6233.0,0.0,0.0,761.0,181.0,10640.0,10640.0,489.0,213.0,24.0,24.0,91.0,91.0,3335645
NORMANDIE,2013-05-05 10:00:00,2013,125,10:00:00,125.42,291.0,5190.0,4.0,25.0,17.0,47.0,0.0,-2852.0,0.0,0.0,761.0,761.0,10640.0,10640.0,423.0,208.0,23.0,23.0,88.0,88.0,3328364
PROVENCE ALPES COTE D AZUR,2019-03-07 16:30:00,2019,66,16:30:00,66.69,206.0,0.0,7.0,416.0,790.0,95.0,0.0,2932.0,0.0,0.0,2674.0,2368.0,0.0,0.0,48.0,1334.0,3241.0,3241.0,357.0,207.0,5081101
OCCITANIE,2013-06-11 14:00:00,2013,162,14:00:00,162.58,-2.0,2368.0,89.0,483.0,1895.0,69.0,-52.0,-913.0,0.0,0.0,245.0,245.0,2620.0,2620.0,866.0,1059.0,5379.0,5379.0,126.0,126.0,5683878
BRETAGNE,2022-04-20 03:30:00,2022,110,03:30:00,110.15,304.0,0.0,179.0,0.0,211.0,55.0,-1.0,1189.0,0.0,0.0,1432.0,1347.0,0.0,0.0,1179.0,365.0,272.0,272.0,82.0,82.0,3414637
HAUTS DE FRANCE,2021-07-25 10:30:00,2021,206,10:30:00,206.44,321.0,3627.0,586.0,41.0,1.0,123.0,0.0,-461.0,0.0,0.0,2990.0,2990.0,5460.0,4550.0,5477.0,406.0,5.0,5.0,183.0,183.0,5995292
CENTRE VAL DE LOIRE,2018-10-02 01:00:00,2018,275,01:00:00,275.04,14.0,7805.0,77.0,0.0,0.0,64.0,0.0,-6178.0,0.0,0.0,218.0,218.0,11630.0,10698.0,1060.0,300.0,91.0,91.0,76.0,76.0,2572853
ILE DE FRANCE,2016-05-31 22:30:00,2016,152,22:30:00,152.94,-4.0,0.0,9.0,0.0,0.0,116.0,0.0,7613.0,0.0,0.0,2149.0,1576.0,0.0,0.0,61.0,114.0,19.0,19.0,300.0,300.0,12117132
PROVENCE ALPES COTE D AZUR,2015-04-05 05:00:00,2015,95,05:00:00,95.21,179.0,0.0,40.0,0.0,852.0,63.0,-2.0,2784.0,0.0,0.0,2605.0,2202.0,0.0,0.0,45.0,907.0,3168.0,3168.0,183.0,183.0,5007977
PAYS DE LA LOIRE,2014-06-12 12:30:00,2014,163,12:30:00,163.52,925.0,0.0,59.0,221.0,2.0,42.0,0.0,1980.0,0.0,0.0,1864.0,1429.0,0.0,0.0,518.0,414.0,7.0,7.0,58.0,58.0,3690833
HAUTS DE FRANCE,2018-08-30 00:30:00,2018,242,00:30:00,242.02,1499.0,3075.0,573.0,0.0,1.0,137.0,0.0,-226.0,0.0,0.0,2922.0,2767.0,5460.0,4657.0,3979.0,229.0,5.0,5.0,171.0,171.0,6004108
BRETAGNE,2019-06-06 04:00:00,2019,157,04:00:00,157.17,1.0,0.0,65.0,0.0,187.0,47.0,-1.0,1404.0,0.0,0.0,956.0,846.0,0.0,0.0,1021.0,266.0,270.0,270.0,73.0,73.0,3354854
GRAND EST,2021-05-30 10:30:00,2021,150,10:30:00,150.44,95.0,5816.0,419.0,457.0,1107.0,150.0,0.0,-3980.0,0.0,0.0,3585.0,3172.0,10820.0,9940.0,3913.0,889.0,2305.0,2103.0,207.0,207.0,5561287
AUVERGNE RHONE ALPES,2013-03-15 18:30:00,2013,74,18:30:00,74.77,284.0,12255.0,81.0,8.0,4012.0,73.0,-3.0,-6984.0,0.0,0.0,919.0,919.0,13570.0,13570.0,335.0,710.0,11115.0,11115.0,106.0,106.0,7757595
OCCITANIE,2017-12-24 14:00:00,2017,358,14:00:00,358.58,81.0,2548.0,27.0,654.0,959.0,98.0,0.0,991.0,0.0,0.0,291.0,291.0,2620.0,2620.0,1365.0,1807.0,5481.0,5481.0,145.0,145.0,5845102
AUVERGNE RHONE ALPES,2018-02-07 15:30:00,2018,38,15:30:00,38.65,657.0,10384.0,102.0,24.0,3890.0,129.0,-10.0,-3951.0,0.0,0.0,1000.0,1000.0,13570.0,12502.0,548.0,1019.0,11254.0,11037.0,179.0,179.0,7994459
NORMANDIE,2015-10-28 23:00:00,2015,301,23:00:00,301.96,234.0,7743.0,125.0,0.0,12.0,58.0,0.0,-4571.0,0.0,0.0,773.0,193.0,10640.0,9310.0,538.0,216.0,24.0,24.0,95.0,95.0,3339131
OCCITANIE,2019-11-07 17:30:00,2019,311,17:30:00,311.73,65.0,1274.0,397.0,5.0,2626.0,95.0,-17.0,519.0,0.0,0.0,307.0,307.0,2620.0,1310.0,1570.0,2148.0,5489.0,5312.0,146.0,146.0,5933185
BOURGOGNE FRANCHE COMTE,2014-06-24 22:30:00,2014,175,22:30:00,175.94,16.0,0.0,59.0,0.0,8.0,9.0,0.0,2117.0,0.0,0.0,313.0,68.0,0.0,0.0,254.0,248.0,508.0,508.0,26.0,26.0,2820623
PAYS DE LA LOIRE,2016-04-03 23:00:00,2016,94,23:00:00,94.96,-36.0,0.0,163.0,0.0,5.0,33.0,0.0,3320.0,0.0,0.0,1880.0,1372.0,0.0,0.0,641.0,459.0,8.0,8.0,61.0,61.0,3737632
ILE DE FRANCE,2018-05-15 16:30:00,2018,135,16:30:00,135.69,-2.0,0.0,6.0,41.0,9.0,115.0,0.0,7550.0,0.0,0.0,2157.0,2094.0,0.0,0.0,88.0,122.0,20.0,20.0,306.0,306.0,12213447
OCCITANIE,2015-08-22 06:00:00,2015,234,06:00:00,234.25,-3.0,1156.0,180.0,0.0,292.0,97.0,-626.0,1497.0,0.0,0.0,266.0,0.0,2620.0,1310.0,1039.0,1436.0,5455.0,5228.0,137.0,137.0,5774185
AUVERGNE RHONE ALPES,2013-04-07 14:00:00,2013,97,14:00:00,97.58,48.0,10591.0,74.0,187.0,1936.0,48.0,-1174.0,-3912.0,0.0,0.0,919.0,919.0,13570.0,13570.0,335.0,712.0,11115.0,11115.0,106.0,106.0,7757595
OCCITANIE,2015-08-20 16:30:00,2015,232,16:30:00,232.69,-5.0,418.0,72.0,754.0,699.0,91.0,0.0,1702.0,0.0,0.0,266.0,0.0,2620.0,1310.0,1039.0,1436.0,5455.0,5308.0,137.0,137.0,5774185
BRETAGNE,2018-07-11 14:30:00,2018,192,14:30:00,192.6,1.0,0.0,81.0,137.0,109.0,47.0,-1.0,2062.0,0.0,0.0,904.0,770.0,0.0,0.0,969.0,253.0,270.0,270.0,69.0,69.0,3335414
GRAND EST,2020-06-07 21:30:00,2020,159,21:30:00,159.9,1037.0,5452.0,83.0,1.0,1047.0,127.0,0.0,-4147.0,0.0,0.0,3535.0,3057.0,10820.0,9532.0,3606.0,622.0,2304.0,1909.0,183.0,183.0,5562651
NOUVELLE AQUITAINE,2017-07-03 08:30:00,2017,184,08:30:00,184.35,36.0,2661.0,13.0,177.0,455.0,160.0,0.0,841.0,0.0,0.0,465.0,465.0,6630.0,5330.0,742.0,1973.0,1780.0,1670.0,306.0,306.0,5956978
BRETAGNE,2022-02-03 11:00:00,2022,34,11:00:00,34.46,697.0,0.0,78.0,24.0,18.0,55.0,-1.0,2829.0,0.0,0.0,1431.0,985.0,0.0,0.0,1149.0,358.0,272.0,272.0,82.0,82.0,3414637
NORMANDIE,2015-02-03 02:30:00,2015,34,02:30:00,34.1,327.0,9118.0,10.0,0.0,12.0,60.0,0.0,-5242.0,0.0,0.0,761.0,181.0,10640.0,9310.0,510.0,214.0,24.0,24.0,91.0,91.0,3339131
HAUTS DE FRANCE,2018-01-25 18:30:00,2018,25,18:30:00,25.77,1439.0,5517.0,580.0,0.0,1.0,116.0,0.0,298.0,0.0,0.0,2922.0,2922.0,5460.0,5460.0,3799.0,217.0,5.0,5.0,170.0,170.0,6004108
BOURGOGNE FRANCHE COMTE,2021-08-11 16:00:00,2021,223,16:00:00,223.67,24.0,0.0,15.0,242.0,62.0,50.0,0.0,1513.0,0.0,0.0,401.0,401.0,0.0,0.0,969.0,459.0,524.0,524.0,72.0,72.0,2800194
AUVERGNE RHONE ALPES,2022-10-13 13:30:00,2022,286,13:30:00,286.56,88.0,6339.0,44.0,497.0,856.0,102.0,-45.0,-552.0,0.0,0.0,1050.0,630.0,13570.0,12658.0,723.0,1799.0,11789.0,11673.0,208.0,208.0,8155762
AUVERGNE RHONE ALPES,2020-01-25 18:30:00,2020,25,18:30:00,25.77,611.0,11574.0,64.0,0.0,6159.0,137.0,-3.0,-9567.0,0.0,0.0,1032.0,1032.0,13570.0,12657.0,647.0,1236.0,11741.0,11589.0,191.0,191.0,8078652
AUVERGNE RHONE ALPES,2015-12-29 09:00:00,2015,363,09:00:00,363.38,298.0,9255.0,117.0,4.0,1323.0,103.0,-7.0,-2900.0,0.0,0.0,952.0,952.0,13570.0,12762.0,384.0,894.0,11203.0,10893.0,170.0,170.0,7877698
PAYS DE LA LOIRE,2018-01-31 22:30:00,2018,31,22:30:00,31.94,693.0,0.0,252.0,0.0,3.0,50.0,0.0,2693.0,0.0,0.0,1954.0,1954.0,0.0,0.0,786.0,534.0,8.0,8.0,69.0,69.0,3781423
OCCITANIE,2017-11-15 09:00:00,2017,319,09:00:00,319.38,61.0,2621.0,504.0,216.0,2434.0,91.0,0.0,207.0,0.0,0.0,282.0,282.0,2620.0,2620.0,1273.0,1770.0,5477.0,5227.0,144.0,144.0,5845102
BRETAGNE,2018-01-29 19:30:00,2018,29,19:30:00,29.81,239.0,0.0,91.0,0.0,18.0,45.0,-51.0,3136.0,0.0,0.0,904.0,904.0,0.0,0.0,951.0,250.0,270.0,270.0,67.0,67.0,3335414
BOURGOGNE FRANCHE COMTE,2018-03-12 13:00:00,2018,71,13:00:00,71.54,138.0,0.0,501.0,91.0,110.0,26.0,0.0,2193.0,0.0,0.0,386.0,386.0,0.0,0.0,676.0,305.0,520.0,443.0,36.0,36.0,2807807
NORMANDIE,2013-01-04 08:00:00,2013,4,08:00:00,4.33,942.0,10174.0,108.0,0.0,19.0,55.0,0.0,-7283.0,0.0,0.0,761.0,761.0,10640.0,10640.0,423.0,206.0,22.0,22.0,88.0,88.0,3328364
CENTRE VAL DE LOIRE,2019-07-29 21:30:00,2019,210,21:30:00,210.9,0.0,8244.0,135.0,0.0,0.0,54.0,0.0,-6645.0,0.0,0.0,229.0,229.0,11630.0,10614.0,1168.0,323.0,91.0,91.0,85.0,85.0,2573180
AUVERGNE RHONE ALPES,2021-02-02 21:00:00,2021,33,21:00:00,33.88,259.0,10061.0,251.0,0.0,3274.0,113.0,-1350.0,-4075.0,0.0,0.0,1047.0,1047.0,13570.0,12680.0,723.0,1382.0,11753.0,11596.0,208.0,208.0,8114361
NOUVELLE AQUITAINE,2019-07-30 03:30:00,2019,211,03:30:00,211.15,12.0,3507.0,256.0,0.0,46.0,173.0,0.0,-732.0,0.0,0.0,538.0,538.0,6630.0,5446.0,1017.0,2531.0,1782.0,1669.0,319.0,319.0,6010289
PAYS DE LA LOIRE,2023-01-24 11:30:00,2023,24,11:30:00,24.48,1278.0,0.0,583.0,50.0,6.0,52.0,0.0,3226.0,0.0,0.0,2068.0,1976.0,0.0,0.0,1707.0,941.0,10.0,10.0,80.0,80.0,3907426
CENTRE VAL DE LOIRE,2017-05-19 11:00:00,2017,139,11:00:00,139.46,0.0,9456.0,122.0,98.0,28.0,61.0,0.0,-7725.0,0.0,0.0,198.0,198.0,11630.0,10731.0,947.0,268.0,91.0,91.0,76.0,76.0,2576252
HAUTS DE FRANCE,2014-02-16 23:00:00,2014,47,23:00:00,47.96,512.0,4519.0,534.0,0.0,2.0,102.0,0.0,483.0,0.0,0.0,2278.0,2278.0,5460.0,5460.0,2259.0,211.0,5.0,5.0,139.0,139.0,6006156
GRAND EST,2017-06-14 15:30:00,2017,165,15:30:00,165.65,1143.0,9953.0,21.0,298.0,871.0,68.0,0.0,-7099.0,0.0,0.0,3453.0,2858.0,10820.0,9730.0,2914.0,542.0,2298.0,1972.0,140.0,140.0,5549586
NORMANDIE,2020-08-31 22:30:00,2020,244,22:30:00,244.94,665.0,3670.0,33.0,0.0,12.0,62.0,0.0,-1624.0,0.0,0.0,838.0,258.0,10640.0,9310.0,819.0,266.0,31.0,31.0,112.0,112.0,3325522
AUVERGNE RHONE ALPES,2021-12-18 12:00:00,2021,352,12:00:00,352.5,598.0,12668.0,41.0,388.0,1739.0,117.0,-1482.0,-4088.0,0.0,0.0,1048.0,1048.0,13570.0,12669.0,723.0,1589.0,11779.0,11651.0,208.0,208.0,8114361
PAYS DE LA LOIRE,2021-11-03 03:00:00,2021,307,03:00:00,307.12,1170.0,0.0,93.0,0.0,2.0,55.0,0.0,1700.0,0.0,0.0,2065.0,2065.0,0.0,0.0,1124.0,778.0,10.0,10.0,79.0,79.0,3853999
PAYS DE LA LOIRE,2021-04-14 00:00:00,2021,104,00:00:00,104.0,624.0,0.0,491.0,0.0,3.0,56.0,0.0,2420.0,0.0,0.0,2055.0,2055.0,0.0,0.0,1088.0,708.0,10.0,10.0,78.0,78.0,3853999
PAYS DE LA LOIRE,2020-02-02 15:00:00,2020,33,15:00:00,33.62,187.0,0.0,592.0,23.0,3.0,50.0,0.0,2003.0,0.0,0.0,2050.0,1857.0,0.0,0.0,977.0,627.0,10.0,10.0,76.0,76.0,3832120
GRAND EST,2017-05-02 08:00:00,2017,122,08:00:00,122.33,1825.0,8746.0,11.0,52.0,1327.0,92.0,0.0,-6534.0,0.0,0.0,3453.0,2949.0,10820.0,9524.0,2891.0,536.0,2298.0,2029.0,140.0,140.0,5549586
NOUVELLE AQUITAINE,2013-01-22 18:00:00,2013,22,18:00:00,22.75,255.0,6688.0,141.0,0.0,1145.0,124.0,0.0,-676.0,0.0,0.0,418.0,418.0,6630.0,6630.0,356.0,944.0,1757.0,1757.0,208.0,208.0,5844177
NOUVELLE AQUITAINE,2018-02-23 03:00:00,2018,54,03:00:00,54.12,210.0,6616.0,303.0,-1.0,845.0,189.0,0.0,-1341.0,0.0,0.0,482.0,482.0,6630.0,5720.0,882.0,2267.0,1781.0,1781.0,314.0,314.0,5979778
BOURGOGNE FRANCHE COMTE,2016-02-07 10:30:00,2016,38,10:30:00,38.44,110.0,0.0,172.0,11.0,198.0,22.0,0.0,2089.0,0.0,0.0,329.0,329.0,0.0,0.0,414.0,264.0,513.0,513.0,29.0,29.0,2818338
BRETAGNE,2018-10-29 21:00:00,2018,302,21:00:00,302.88,14.0,0.0,103.0,0.0,0.0,28.0,-1.0,3094.0,0.0,0.0,936.0,851.0,0.0,0.0,988.0,255.0,270.0,270.0,70.0,70.0,3335414
PROVENCE ALPES COTE D AZUR,2022-01-08 18:30:00,2022,8,18:30:00,8.77,265.0,0.0,27.0,0.0,737.0,82.0,0.0,5282.0,0.0,0.0,2724.0,2460.0,0.0,0.0,96.0,1750.0,3266.0,3222.0,357.0,357.0,5150362
AUVERGNE RHONE ALPES,2015-12-04 09:30:00,2015,338,09:30:00,338.4,607.0,11668.0,36.0,37.0,4899.0,127.0,-6.0,-7269.0,0.0,0.0,947.0,947.0,13570.0,12930.0,384.0,893.0,11196.0,10929.0,167.0,167.0,7877698
ILE DE FRANCE,2013-03-22 05:30:00,2013,81,05:30:00,81.23,859.0,0.0,8.0,0.0,2.0,129.0,0.0,7731.0,0.0,0.0,2121.0,2121.0,0.0,0.0,37.0,108.0,19.0,19.0,262.0,262.0,11959807
OCCITANIE,2022-12-21 20:30:00,2022,355,20:30:00,355.85,77.0,1252.0,89.0,1.0,648.0,107.0,0.0,2443.0,0.0,0.0,326.0,326.0,2620.0,1310.0,1667.0,3137.0,5505.0,5505.0,175.0,175.0,6067101
BOURGOGNE FRANCHE COMTE,2016-07-14 10:30:00,2016,196,10:30:00,196.44,27.0,0.0,11.0,59.0,61.0,26.0,0.0,1684.0,0.0,0.0,329.0,329.0,0.0,0.0,446.0,264.0,513.0,513.0,30.0,30.0,2818338
NORMANDIE,2016-01-30 04:30:00,2016,30,04:30:00,30.19,357.0,6364.0,505.0,0.0,25.0,52.0,0.0,-4186.0,0.0,0.0,773.0,773.0,10640.0,9619.0,538.0,217.0,31.0,31.0,95.0,95.0,3335929
BOURGOGNE FRANCHE COMTE,2020-10-01 15:30:00,2020,275,15:30:00,275.65,61.0,0.0,384.0,105.0,33.0,26.0,0.0,1933.0,0.0,0.0,401.0,401.0,0.0,0.0,889.0,372.0,521.0,521.0,71.0,71.0,2801695
AUVERGNE RHONE ALPES,2020-08-09 00:30:00,2020,222,00:30:00,222.02,344.0,6509.0,21.0,0.0,4079.0,96.0,-17.0,-5750.0,0.0,0.0,1034.0,1034.0,13570.0,12718.0,647.0,1294.0,11746.0,11578.0,193.0,193.0,8078652
AUVERGNE RHONE ALPES,2017-04-13 15:30:00,2017,103,15:30:00,103.65,401.0,10145.0,74.0,497.0,1935.0,84.0,-12.0,-5556.0,0.0,0.0,985.0,985.0,13570.0,12521.0,486.0,942.0,11239.0,11064.0,178.0,178.0,7948287
PROVENCE ALPES COTE D AZUR,2022-11-18 12:30:00,2022,322,12:30:00,322.52,1468.0,0.0,27.0,1018.0,571.0,91.0,0.0,1120.0,0.0,0.0,2724.0,2379.0,0.0,0.0,96.0,1981.0,3270.0,3226.0,357.0,357.0,5150362
BRETAGNE,2014-02-07 18:00:00,2014,38,18:00:00,38.75,81.0,0.0,522.0,1.0,130.0,30.0,-1.0,2561.0,0.0,0.0,684.0,684.0,0.0,0.0,747.0,209.0,251.0,251.0,50.0,50.0,3276543
PROVENCE ALPES COTE D AZUR,2016-11-24 17:00:00,2016,329,17:00:00,329.71,2312.0,0.0,1.0,0.0,914.0,166.0,0.0,1730.0,0.0,0.0,2628.0,2383.0,0.0,0.0,48.0,1049.0,3192.0,3192.0,354.0,354.0,5021928
PAYS DE LA LOIRE,2017-06-23 07:00:00,2017,174,07:00:00,174.29,583.0,0.0,18.0,7.0,0.0,48.0,0.0,2034.0,0.0,0.0,1921.0,1345.0,0.0,0.0,727.0,500.0,8.0,8.0,66.0,66.0,3757600
GRAND EST,2017-12-14 12:00:00,2017,348,12:00:00,348.5,2433.0,9899.0,2681.0,91.0,1426.0,119.0,-6.0,-9209.0,0.0,0.0,3471.0,2876.0,10820.0,9992.0,3047.0,551.0,2299.0,1995.0,141.0,141.0,5549586
AUVERGNE RHONE ALPES,2018-03-30 19:00:00,2018,89,19:00:00,89.79,184.0,9342.0,135.0,87.0,4038.0,128.0,-3.0,-4918.0,0.0,0.0,1000.0,1000.0,13570.0,12542.0,578.0,1026.0,11254.0,11050.0,179.0,179.0,7994459
PROVENCE ALPES COTE D AZUR,2017-03-28 05:00:00,2017,87,05:00:00,87.21,1611.0,0.0,0.0,0.0,1336.0,116.0,0.0,912.0,0.0,0.0,2630.0,2268.0,0.0,0.0,48.0,1061.0,3193.0,3193.0,354.0,354.0,5030890
NOUVELLE AQUITAINE,2013-10-10 02:30:00,2013,283,02:30:00,283.1,59.0,5667.0,56.0,0.0,164.0,108.0,0.0,-2243.0,0.0,0.0,421.0,421.0,6630.0,6630.0,364.0,1001.0,1760.0,1760.0,213.0,213.0,5844177
HAUTS DE FRANCE,2020-02-13 05:00:00,2020,44,05:00:00,44.21,1544.0,4546.0,3282.0,0.0,2.0,128.0,0.0,-3364.0,0.0,0.0,2970.0,2970.0,5460.0,4550.0,4957.0,241.0,5.0,5.0,180.0,180.0,5997734
AUVERGNE RHONE ALPES,2019-11-12 13:30:00,2019,316,13:30:00,316.56,611.0,6595.0,138.0,422.0,3413.0,124.0,-6.0,-2445.0,0.0,0.0,1032.0,1032.0,13570.0,12652.0,635.0,1214.0,11647.0,11478.0,191.0,191.0,8042936
NOUVELLE AQUITAINE,2018-08-20 05:30:00,2018,232,05:30:00,232.23,25.0,3905.0,71.0,-1.0,43.0,197.0,0.0,-1026.0,0.0,0.0,485.0,485.0,6630.0,5634.0,947.0,2385.0,1781.0,1667.0,316.0,316.0,5979778
ILE DE FRANCE,2018-06-07 10:30:00,2018,158,10:30:00,158.44,-1.0,0.0,7.0,35.0,7.0,127.0,0.0,7542.0,0.0,0.0,2157.0,2080.0,0.0,0.0,88.0,122.0,20.0,20.0,306.0,306.0,12213447
NOUVELLE AQUITAINE,2013-10-23 07:30:00,2013,296,07:30:00,296.31,59.0,5703.0,190.0,0.0,415.0,100.0,0.0,-2100.0,0.0,0.0,421.0,421.0,6630.0,6630.0,364.0,1002.0,1760.0,1760.0,214.0,214.0,5844177
PROVENCE ALPES COTE D AZUR,2020-12-22 03:30:00,2020,357,03:30:00,357.15,128.0,0.0,0.0,0.0,529.0,117.0,-51.0,3913.0,0.0,0.0,2715.0,2341.0,0.0,0.0,96.0,1541.0,3266.0,3178.0,357.0,357.0,5098666
AUVERGNE RHONE ALPES,2014-08-12 11:30:00,2014,224,11:30:00,224.48,33.0,8465.0,24.0,306.0,3915.0,80.0,-20.0,-6515.0,0.0,0.0,938.0,938.0,13570.0,13570.0,347.0,819.0,11153.0,11001.0,140.0,140.0,7820966
PROVENCE ALPES COTE D AZUR,2016-03-17 20:00:00,2016,77,20:00:00,77.83,1459.0,0.0,3.0,0.0,1866.0,122.0,0.0,2684.0,0.0,0.0,2614.0,2350.0,0.0,0.0,48.0,996.0,3178.0,3054.0,204.0,204.0,5021928
BOURGOGNE FRANCHE COMTE,2022-09-18 15:00:00,2022,261,15:00:00,261.62,17.0,0.0,67.0,438.0,27.0,52.0,-67.0,1130.0,0.0,0.0,401.0,401.0,0.0,0.0,1067.0,596.0,524.0,524.0,75.0,75.0,2797366
NOUVELLE AQUITAINE,2015-06-05 00:30:00,2015,156,00:30:00,156.02,16.0,3171.0,46.0,0.0,410.0,169.0,0.0,558.0,0.0,0.0,427.0,427.0,6630.0,5525.0,488.0,1504.0,1775.0,1664.0,239.0,239.0,5911482
OCCITANIE,2022-11-26 15:30:00,2022,330,15:30:00,330.65,62.0,1281.0,107.0,659.0,630.0,111.0,-77.0,1578.0,0.0,0.0,326.0,326.0,2620.0,1310.0,1621.0,3097.0,5505.0,5470.0,175.0,175.0,6067101
PAYS DE LA LOIRE,2018-07-20 04:30:00,2018,201,04:30:00,201.19,1327.0,0.0,49.0,0.0,1.0,43.0,0.0,758.0,0.0,0.0,1968.0,1804.0,0.0,0.0,804.0,547.0,8.0,8.0,69.0,69.0,3781423
CENTRE VAL DE LOIRE,2016-05-16 20:30:00,2016,137,20:30:00,137.85,0.0,8011.0,64.0,8.0,12.0,52.0,0.0,-6543.0,0.0,0.0,170.0,170.0,11630.0,10734.0,874.0,249.0,91.0,91.0,71.0,71.0,2577866
NORMANDIE,2022-12-22 00:00:00,2022,356,00:00:00,356.0,343.0,6481.0,399.0,0.0,9.0,87.0,0.0,-3811.0,0.0,0.0,853.0,853.0,10640.0,9310.0,965.0,326.0,31.0,31.0,149.0,149.0,3327604
CENTRE VAL DE LOIRE,2016-11-28 07:00:00,2016,333,07:00:00,333.29,76.0,10433.0,587.0,0.0,2.0,47.0,0.0,-8276.0,0.0,0.0,198.0,198.0,11630.0,10899.0,896.0,261.0,91.0,91.0,71.0,71.0,2577866
GRAND EST,2020-04-19 23:00:00,2020,110,23:00:00,110.96,52.0,4420.0,1934.0,0.0,1059.0,116.0,0.0,-3824.0,0.0,0.0,3535.0,3086.0,10820.0,9530.0,3606.0,619.0,2303.0,1928.0,183.0,183.0,5562651
ILE DE FRANCE,2020-08-07 19:30:00,2020,220,19:30:00,220.81,0.0,0.0,0.0,16.0,4.0,89.0,0.0,6877.0,0.0,0.0,2170.0,2074.0,0.0,0.0,108.0,168.0,20.0,20.0,314.0,314.0,12271794
OCCITANIE,2021-07-01 14:30:00,2021,182,14:30:00,182.6,3.0,1243.0,33.0,1537.0,1359.0,76.0,-18.0,-69.0,0.0,0.0,318.0,318.0,2620.0,2620.0,1593.0,2594.0,5499.0,5332.0,172.0,172.0,6022176
ILE DE FRANCE,2016-06-09 06:30:00,2016,161,06:30:00,161.27,-3.0,0.0,5.0,0.0,0.0,110.0,0.0,5539.0,0.0,0.0,2149.0,1620.0,0.0,0.0,61.0,114.0,19.0,19.0,300.0,300.0,12117132
NOUVELLE AQUITAINE,2016-01-27 07:00:00,2016,27,07:00:00,27.29,168.0,6619.0,180.0,-1.0,487.0,171.0,0.0,-1702.0,0.0,0.0,429.0,429.0,6630.0,6630.0,547.0,1805.0,1778.0,1778.0,279.0,279.0,5935603
NOUVELLE AQUITAINE,2014-12-21 07:30:00,2014,355,07:30:00,355.31,125.0,5224.0,3.0,0.0,331.0,147.0,0.0,-661.0,0.0,0.0,427.0,427.0,6630.0,5720.0,469.0,1344.0,1774.0,1774.0,229.0,229.0,5879144
CENTRE VAL DE LOIRE,2014-10-14 03:30:00,2014,287,03:30:00,287.15,7.0,7599.0,54.0,0.0,13.0,48.0,0.0,-6114.0,0.0,0.0,162.0,162.0,11630.0,11630.0,801.0,221.0,91.0,91.0,70.0,70.0,2577435
PAYS DE LA LOIRE,2014-11-09 15:00:00,2014,313,15:00:00,313.62,555.0,0.0,8.0,109.0,4.0,49.0,0.0,1483.0,0.0,0.0,1864.0,1864.0,0.0,0.0,527.0,434.0,7.0,7.0,58.0,58.0,3690833
NOUVELLE AQUITAINE,2015-12-20 17:30:00,2015,354,17:30:00,354.73,133.0,5065.0,96.0,-1.0,105.0,174.0,0.0,-1014.0,0.0,0.0,429.0,429.0,6630.0,5135.0,547.0,1779.0,1778.0,1778.0,258.0,258.0,5911482
ILE DE FRANCE,2018-05-11 23:00:00,2018,131,23:00:00,131.96,-2.0,0.0,4.0,0.0,9.0,137.0,0.0,6926.0,0.0,0.0,2157.0,2109.0,0.0,0.0,88.0,122.0,20.0,20.0,306.0,306.0,12213447
ILE DE FRANCE,2014-07-08 02:00:00,2014,189,02:00:00,189.08,-2.0,0.0,0.0,0.0,3.0,159.0,0.0,5080.0,0.0,0.0,2122.0,2122.0,0.0,0.0,37.0,111.0,19.0,19.0,282.0,282.0,12027565
BRETAGNE,2017-05-25 09:30:00,2017,145,09:30:00,145.4,1.0,0.0,137.0,66.0,0.0,43.0,-16.0,1567.0,0.0,0.0,848.0,763.0,0.0,0.0,898.0,235.0,275.0,275.0,66.0,66.0,3318904
NOUVELLE AQUITAINE,2015-10-18 20:30:00,2015,291,20:30:00,291.85,62.0,6557.0,165.0,-1.0,215.0,149.0,0.0,-2233.0,0.0,0.0,427.0,427.0,6630.0,6630.0,534.0,1770.0,1777.0,1777.0,239.0,239.0,5911482
OCCITANIE,2018-07-19 02:30:00,2018,200,02:30:00,200.1,0.0,1135.0,42.0,0.0,665.0,90.0,-655.0,1995.0,0.0,0.0,295.0,295.0,2620.0,1310.0,1425.0,1924.0,5485.0,5298.0,146.0,146.0,5885496
BOURGOGNE FRANCHE COMTE,2015-01-04 21:30:00,2015,4,21:30:00,4.9,109.0,0.0,35.0,0.0,195.0,20.0,0.0,2680.0,0.0,0.0,325.0,80.0,0.0,0.0,344.0,253.0,510.0,510.0,28.0,28.0,2820940
PAYS DE LA LOIRE,2016-05-08 18:00:00,2016,129,18:00:00,129.75,12.0,0.0,238.0,52.0,3.0,37.0,0.0,1598.0,0.0,0.0,1880.0,1337.0,0.0,0.0,649.0,466.0,8.0,8.0,62.0,62.0,3737632
GRAND EST,2021-10-06 03:00:00,2021,279,03:00:00,279.12,73.0,5701.0,2060.0,1.0,566.0,129.0,0.0,-3921.0,0.0,0.0,3585.0,3585.0,10820.0,10264.0,3987.0,947.0,2305.0,2103.0,209.0,209.0,5561287
BOURGOGNE FRANCHE COMTE,2014-08-18 06:30:00,2014,230,06:30:00,230.27,15.0,0.0,42.0,0.0,131.0,19.0,0.0,1300.0,0.0,0.0,313.0,68.0,0.0,0.0,254.0,251.0,508.0,508.0,28.0,28.0,2820623
OCCITANIE,2016-11-17 09:00:00,2016,322,09:00:00,322.38,58.0,2449.0,151.0,116.0,1146.0,97.0,0.0,1206.0,0.0,0.0,273.0,273.0,2620.0,2620.0,1172.0,1654.0,5463.0,5232.0,140.0,140.0,5808435
BRETAGNE,2017-07-12 14:00:00,2017,193,14:00:00,193.58,1.0,0.0,68.0,48.0,144.0,47.0,-1.0,2195.0,0.0,0.0,848.0,747.0,0.0,0.0,916.0,238.0,275.0,275.0,66.0,66.0,3318904
BOURGOGNE FRANCHE COMTE,2017-08-13 05:30:00,2017,225,05:30:00,225.23,27.0,0.0,22.0,0.0,18.0,23.0,0.0,1074.0,0.0,0.0,331.0,331.0,0.0,0.0,610.0,270.0,519.0,519.0,33.0,33.0,2811423
NOUVELLE AQUITAINE,2018-05-04 18:00:00,2018,124,18:00:00,124.75,24.0,4240.0,355.0,994.0,545.0,172.0,0.0,-2025.0,0.0,0.0,482.0,482.0,6630.0,5428.0,924.0,2304.0,1781.0,1667.0,315.0,315.0,5979778
ILE DE FRANCE,2013-04-24 13:30:00,2013,114,13:30:00,114.56,-3.0,0.0,0.0,41.0,9.0,127.0,0.0,8577.0,0.0,0.0,2121.0,2121.0,0.0,0.0,37.0,109.0,19.0,19.0,262.0,262.0,11959807
PAYS DE LA LOIRE,2013-11-30 04:00:00,2013,334,04:00:00,334.17,1059.0,0.0,142.0,0.0,2.0,36.0,0.0,1761.0,0.0,0.0,1856.0,1856.0,0.0,0.0,512.0,398.0,6.0,6.0,58.0,58.0,3660852
NORMANDIE,2022-10-19 02:00:00,2022,292,02:00:00,292.08,185.0,3635.0,278.0,0.0,8.0,65.0,0.0,-2063.0,0.0,0.0,852.0,852.0,10640.0,9310.0,957.0,319.0,31.0,31.0,149.0,149.0,3327604
OCCITANIE,2015-04-29 20:00:00,2015,119,20:00:00,119.83,-4.0,2467.0,197.0,49.0,1628.0,72.0,-20.0,-532.0,0.0,0.0,266.0,0.0,2620.0,2620.0,943.0,1385.0,5448.0,5221.0,133.0,133.0,5774185
BOURGOGNE FRANCHE COMTE,2018-07-31 21:00:00,2018,212,21:00:00,212.88,52.0,0.0,64.0,2.0,27.0,29.0,-1.0,1799.0,0.0,0.0,386.0,386.0,0.0,0.0,699.0,308.0,520.0,443.0,37.0,37.0,2807807
OCCITANIE,2020-03-17 19:30:00,2020,77,19:30:00,77.81,70.0,2477.0,18.0,0.0,3280.0,94.0,-8.0,-1112.0,0.0,0.0,314.0,314.0,2620.0,2620.0,1579.0,2198.0,5491.0,5210.0,171.0,171.0,5973969
NOUVELLE AQUITAINE,2017-12-27 16:30:00,2017,361,16:30:00,361.69,182.0,6710.0,609.0,117.0,427.0,165.0,0.0,-1992.0,0.0,0.0,478.0,478.0,6630.0,6630.0,882.0,2219.0,1781.0,1781.0,307.0,307.0,5956978
NOUVELLE AQUITAINE,2017-11-20 23:00:00,2017,324,23:00:00,324.96,212.0,6750.0,32.0,-1.0,246.0,187.0,0.0,-974.0,0.0,0.0,473.0,473.0,6630.0,6630.0,882.0,2127.0,1780.0,1780.0,307.0,307.0,5956978
ILE DE FRANCE,2017-12-25 21:00:00,2017,359,21:00:00,359.88,293.0,0.0,26.0,0.0,7.0,163.0,0.0,8500.0,0.0,0.0,2157.0,2057.0,0.0,0.0,88.0,119.0,19.0,19.0,306.0,306.0,12174880
CENTRE VAL DE LOIRE,2014-07-10 22:00:00,2014,191,22:00:00,191.92,2.0,9307.0,84.0,0.0,2.0,42.0,0.0,-7486.0,0.0,0.0,162.0,162.0,11630.0,11630.0,801.0,217.0,91.0,91.0,56.0,56.0,2577435
BOURGOGNE FRANCHE COMTE,2020-07-20 17:00:00,2020,202,17:00:00,202.71,24.0,0.0,28.0,153.0,8.0,51.0,0.0,1853.0,0.0,0.0,401.0,401.0,0.0,0.0,877.0,354.0,521.0,367.0,69.0,69.0,2801695
NORMANDIE,2022-12-16 19:30:00,2022,350,19:30:00,350.81,523.0,6392.0,27.0,0.0,12.0,81.0,0.0,-2414.0,0.0,0.0,852.0,852.0,10640.0,9310.0,965.0,322.0,31.0,31.0,149.0,149.0,3327604
ILE DE FRANCE,2022-02-28 05:30:00,2022,59,05:30:00,59.23,543.0,0.0,31.0,0.0,9.0,130.0,0.0,8091.0,0.0,0.0,2171.0,2046.0,0.0,0.0,148.0,207.0,20.0,20.0,314.0,314.0,12354286
AUVERGNE RHONE ALPES,2015-06-10 00:00:00,2015,161,00:00:00,161.0,56.0,9900.0,30.0,0.0,3822.0,77.0,-15.0,-7238.0,0.0,0.0,944.0,543.0,13570.0,12851.0,372.0,877.0,11183.0,10920.0,141.0,141.0,7877698
CENTRE VAL DE LOIRE,2014-09-29 12:30:00,2014,272,12:30:00,272.52,1.0,6401.0,12.0,34.0,5.0,31.0,0.0,-4241.0,0.0,0.0,162.0,162.0,11630.0,11630.0,801.0,221.0,91.0,91.0,70.0,70.0,2577435
NORMANDIE,2020-03-17 20:30:00,2020,77,20:30:00,77.85,369.0,6326.0,16.0,0.0,5.0,51.0,0.0,-3398.0,0.0,0.0,833.0,833.0,10640.0,9310.0,806.0,263.0,31.0,31.0,110.0,110.0,3325522
BRETAGNE,2019-08-01 14:30:00,2019,213,14:30:00,213.6,1.0,0.0,5.0,77.0,217.0,52.0,-1.0,2034.0,0.0,0.0,960.0,960.0,0.0,0.0,1021.0,268.0,270.0,270.0,74.0,74.0,3354854
PROVENCE ALPES COTE D AZUR,2018-02-01 02:00:00,2018,32,02:00:00,32.08,155.0,0.0,1.0,0.0,940.0,84.0,-51.0,3947.0,0.0,0.0,2651.0,2345.0,0.0,0.0,48.0,1222.0,3227.0,3227.0,357.0,357.0,5052832
BRETAGNE,2016-05-01 17:30:00,2016,122,17:30:00,122.73,0.0,0.0,82.0,61.0,6.0,38.0,0.0,1643.0,0.0,0.0,771.0,686.0,0.0,0.0,853.0,226.0,275.0,275.0,56.0,56.0,3306529
GRAND EST,2017-12-28 11:00:00,2017,362,11:00:00,362.46,1035.0,11703.0,611.0,49.0,1387.0,120.0,0.0,-8605.0,0.0,0.0,3471.0,2985.0,10820.0,9940.0,3053.0,551.0,2300.0,1970.0,145.0,145.0,5549586
NORMANDIE,2022-07-26 15:30:00,2022,207,15:30:00,207.65,215.0,3729.0,94.0,99.0,9.0,89.0,0.0,-1642.0,0.0,0.0,852.0,852.0,10640.0,9310.0,933.0,314.0,31.0,31.0,149.0,149.0,3327604
ILE DE FRANCE,2022-07-29 04:30:00,2022,210,04:30:00,210.19,0.0,0.0,7.0,0.0,4.0,182.0,0.0,4344.0,0.0,0.0,2171.0,2022.0,0.0,0.0,148.0,227.0,20.0,20.0,314.0,314.0,12354286
BRETAGNE,2019-10-30 12:30:00,2019,303,12:30:00,303.52,8.0,0.0,88.0,23.0,201.0,45.0,-1.0,2955.0,0.0,0.0,969.0,969.0,0.0,0.0,1021.0,270.0,272.0,272.0,75.0,75.0,3354854
HAUTS DE FRANCE,2019-01-16 21:00:00,2019,16,21:00:00,16.88,1930.0,5430.0,2698.0,0.0,2.0,134.0,0.0,-2864.0,0.0,0.0,2969.0,2969.0,5460.0,5460.0,4359.0,235.0,5.0,5.0,177.0,177.0,6004947
HAUTS DE FRANCE,2018-09-09 10:30:00,2018,252,10:30:00,252.44,351.0,2648.0,306.0,53.0,0.0,119.0,0.0,888.0,0.0,0.0,2922.0,2770.0,5460.0,4550.0,4014.0,229.0,5.0,5.0,171.0,171.0,6004108
GRAND EST,2017-01-01 07:30:00,2017,1,07:30:00,1.31,1778.0,11628.0,46.0,0.0,375.0,110.0,-361.0,-8071.0,0.0,0.0,3449.0,2854.0,10820.0,9940.0,2840.0,535.0,2296.0,2070.0,138.0,138.0,5549586
GRAND EST,2020-06-27 08:30:00,2020,179,08:30:00,179.35,1071.0,5394.0,776.0,59.0,882.0,128.0,0.0,-4718.0,0.0,0.0,3535.0,3086.0,10820.0,9605.0,3629.0,624.0,2304.0,1909.0,184.0,184.0,5562651
CENTRE VAL DE LOIRE,2020-11-19 05:00:00,2020,324,05:00:00,324.21,83.0,8345.0,729.0,0.0,2.0,61.0,0.0,-7275.0,0.0,0.0,229.0,229.0,11630.0,10644.0,1265.0,403.0,92.0,92.0,88.0,88.0,2574863
BOURGOGNE FRANCHE COMTE,2019-10-09 13:30:00,2019,282,13:30:00,282.56,63.0,0.0,556.0,96.0,42.0,22.0,0.0,1908.0,0.0,0.0,401.0,401.0,0.0,0.0,831.0,341.0,521.0,521.0,68.0,68.0,2805580
BRETAGNE,2022-03-10 22:00:00,2022,69,22:00:00,69.92,644.0,0.0,361.0,0.0,8.0,56.0,-1.0,1887.0,0.0,0.0,1432.0,1166.0,0.0,0.0,1149.0,362.0,272.0,272.0,82.0,82.0,3414637
BOURGOGNE FRANCHE COMTE,2017-11-29 09:00:00,2017,333,09:00:00,333.38,163.0,0.0,29.0,5.0,74.0,24.0,0.0,3267.0,0.0,0.0,356.0,356.0,0.0,0.0,676.0,295.0,520.0,520.0,35.0,35.0,2811423
PAYS DE LA LOIRE,2015-03-24 12:00:00,2015,83,12:00:00,83.5,588.0,0.0,29.0,45.0,4.0,45.0,0.0,3729.0,0.0,0.0,1867.0,1234.0,0.0,0.0,545.0,442.0,7.0,7.0,59.0,59.0,3718512
HAUTS DE FRANCE,2015-04-10 01:30:00,2015,100,01:30:00,100.06,469.0,4403.0,177.0,0.0,3.0,84.0,0.0,668.0,0.0,0.0,2301.0,2040.0,5460.0,4550.0,2713.0,213.0,5.0,5.0,159.0,159.0,6009976
GRAND EST,2020-12-05 23:00:00,2020,340,23:00:00,340.96,1164.0,10604.0,943.0,0.0,685.0,119.0,0.0,-7751.0,0.0,0.0,3585.0,3172.0,10820.0,9697.0,3849.0,673.0,2305.0,2103.0,192.0,192.0,5562651
PAYS DE LA LOIRE,2013-11-12 07:00:00,2013,316,07:00:00,316.29,1247.0,0.0,19.0,0.0,2.0,35.0,0.0,2120.0,0.0,0.0,1854.0,1854.0,0.0,0.0,502.0,397.0,6.0,6.0,58.0,58.0,3660852
HAUTS DE FRANCE,2020-04-01 06:30:00,2020,92,06:30:00,92.27,1203.0,3299.0,623.0,0.0,2.0,131.0,0.0,194.0,0.0,0.0,2970.0,2970.0,5460.0,4662.0,5037.0,242.0,5.0,5.0,181.0,181.0,5997734
ILE DE FRANCE,2020-09-24 02:00:00,2020,268,02:00:00,268.08,0.0,0.0,26.0,0.0,5.0,177.0,0.0,4635.0,0.0,0.0,2170.0,2024.0,0.0,0.0,125.0,168.0,20.0,20.0,314.0,314.0,12271794
NORMANDIE,2019-06-21 19:00:00,2019,172,19:00:00,172.79,197.0,7463.0,46.0,55.0,10.0,55.0,0.0,-5140.0,0.0,0.0,833.0,833.0,10640.0,9610.0,801.0,255.0,31.0,31.0,106.0,106.0,3325032
PROVENCE ALPES COTE D AZUR,2022-09-25 00:00:00,2022,268,00:00:00,268.0,804.0,0.0,1.0,0.0,204.0,224.0,0.0,2439.0,0.0,0.0,2724.0,2360.0,0.0,0.0,96.0,1872.0,3267.0,3236.0,357.0,357.0,5150362
NORMANDIE,2019-07-24 10:00:00,2019,205,10:00:00,205.42,206.0,6328.0,58.0,54.0,3.0,20.0,0.0,-3751.0,0.0,0.0,833.0,253.0,10640.0,9310.0,806.0,256.0,31.0,31.0,106.0,106.0,3325032
CENTRE VAL DE LOIRE,2014-09-22 15:00:00,2014,265,15:00:00,265.62,1.0,6344.0,105.0,90.0,2.0,42.0,0.0,-4593.0,0.0,0.0,162.0,162.0,11630.0,11630.0,801.0,220.0,91.0,91.0,69.0,69.0,2577435
OCCITANIE,2022-02-18 16:30:00,2022,49,16:30:00,49.69,86.0,2299.0,578.0,526.0,887.0,98.0,-45.0,-283.0,0.0,0.0,326.0,326.0,2620.0,1677.0,1593.0,2812.0,5502.0,5347.0,174.0,174.0,6067101
PAYS DE LA LOIRE,2019-03-19 16:30:00,2019,78,16:30:00,78.69,593.0,0.0,5.0,77.0,4.0,48.0,0.0,2967.0,0.0,0.0,2037.0,2037.0,0.0,0.0,897.0,570.0,8.0,8.0,70.0,70.0,3806461
NORMANDIE,2016-01-14 19:00:00,2016,14,19:00:00,14.79,1014.0,7666.0,322.0,0.0,24.0,44.0,0.0,-4355.0,0.0,0.0,773.0,773.0,10640.0,9310.0,538.0,217.0,31.0,31.0,95.0,95.0,3335929
PROVENCE ALPES COTE D AZUR,2015-04-15 11:30:00,2015,105,11:30:00,105.48,1144.0,0.0,4.0,526.0,1189.0,57.0,0.0,1350.0,0.0,0.0,2605.0,2250.0,0.0,0.0,45.0,912.0,3168.0,3168.0,183.0,183.0,5007977
PAYS DE LA LOIRE,2015-04-26 22:30:00,2015,116,22:30:00,116.94,17.0,0.0,79.0,0.0,3.0,37.0,0.0,2246.0,0.0,0.0,1867.0,1234.0,0.0,0.0,545.0,446.0,7.0,7.0,59.0,59.0,3718512
PAYS DE LA LOIRE,2014-05-07 05:30:00,2014,127,05:30:00,127.23,460.0,0.0,154.0,0.0,3.0,39.0,0.0,1736.0,0.0,0.0,1864.0,1429.0,0.0,0.0,518.0,412.0,7.0,7.0,58.0,58.0,3690833
PROVENCE ALPES COTE D AZUR,2021-05-23 10:00:00,2021,143,10:00:00,143.42,29.0,0.0,30.0,539.0,1855.0,78.0,-51.0,1430.0,0.0,0.0,2715.0,2341.0,0.0,0.0,96.0,1596.0,3266.0,3235.0,357.0,357.0,5127840
HAUTS DE FRANCE,2017-05-08 18:30:00,2017,128,18:30:00,128.77,338.0,3612.0,870.0,11.0,1.0,126.0,0.0,512.0,0.0,0.0,2900.0,2325.0,5460.0,4550.0,3405.0,214.0,5.0,5.0,165.0,165.0,6003815
OCCITANIE,2020-05-16 03:00:00,2020,137,03:00:00,137.12,0.0,2382.0,125.0,0.0,1820.0,82.0,-83.0,-1331.0,0.0,0.0,314.0,314.0,2620.0,1310.0,1579.0,2207.0,5492.0,5315.0,171.0,171.0,5973969
AUVERGNE RHONE ALPES,2013-11-27 03:00:00,2013,331,03:00:00,331.12,252.0,10319.0,108.0,0.0,2821.0,83.0,-1464.0,-2534.0,0.0,0.0,926.0,926.0,13570.0,12764.0,335.0,743.0,11125.0,11125.0,125.0,125.0,7757595
BRETAGNE,2021-08-24 00:00:00,2021,236,00:00:00,236.0,1.0,0.0,259.0,0.0,62.0,55.0,-1.0,1978.0,0.0,0.0,1428.0,1428.0,0.0,0.0,1106.0,331.0,272.0,272.0,82.0,82.0,3394567
BOURGOGNE FRANCHE COMTE,2017-07-20 09:30:00,2017,201,09:30:00,201.4,25.0,0.0,186.0,49.0,76.0,17.0,0.0,2106.0,0.0,0.0,331.0,331.0,0.0,0.0,605.0,270.0,519.0,519.0,33.0,33.0,2811423
NOUVELLE AQUITAINE,2019-02-28 06:30:00,2019,59,06:30:00,59.27,287.0,6441.0,278.0,-1.0,295.0,200.0,0.0,-2530.0,0.0,0.0,538.0,538.0,6630.0,6529.0,975.0,2448.0,1781.0,1676.0,319.0,319.0,6010289
CENTRE VAL DE LOIRE,2013-04-20 09:30:00,2013,110,09:30:00,110.4,7.0,7644.0,287.0,20.0,36.0,13.0,0.0,-5914.0,0.0,0.0,157.0,157.0,11630.0,11630.0,662.0,209.0,91.0,91.0,49.0,49.0,2570548
GRAND EST,2017-11-10 13:30:00,2017,314,13:30:00,314.56,2092.0,8732.0,1603.0,23.0,723.0,123.0,0.0,-6509.0,0.0,0.0,3471.0,2960.0,10820.0,9558.0,3040.0,549.0,2299.0,1995.0,141.0,141.0,5549586
OCCITANIE,2016-09-04 18:30:00,2016,248,18:30:00,248.77,1.0,2444.0,150.0,213.0,454.0,89.0,-615.0,949.0,0.0,0.0,266.0,266.0,2620.0,2620.0,1142.0,1624.0,5463.0,5206.0,139.0,139.0,5808435
PAYS DE LA LOIRE,2018-09-04 05:30:00,2018,247,05:30:00,247.23,520.0,0.0,156.0,0.0,0.0,41.0,0.0,1452.0,0.0,0.0,1976.0,1769.0,0.0,0.0,824.0,550.0,8.0,8.0,70.0,70.0,3781423
OCCITANIE,2015-06-17 04:30:00,2015,168,04:30:00,168.19,-3.0,2188.0,579.0,0.0,1151.0,46.0,-674.0,-718.0,0.0,0.0,266.0,0.0,2620.0,2620.0,1039.0,1405.0,5454.0,5227.0,133.0,133.0,5774185
PAYS DE LA LOIRE,2015-11-07 10:00:00,2015,311,10:00:00,311.42,77.0,0.0,118.0,64.0,1.0,47.0,0.0,2363.0,0.0,0.0,1869.0,1289.0,0.0,0.0,570.0,456.0,7.0,7.0,61.0,61.0,3718512
NOUVELLE AQUITAINE,2018-04-15 16:30:00,2018,105,16:30:00,105.69,19.0,4223.0,224.0,781.0,536.0,156.0,0.0,-2229.0,0.0,0.0,482.0,482.0,6630.0,5386.0,924.0,2299.0,1781.0,1667.0,314.0,314.0,5979778
BRETAGNE,2020-04-12 00:00:00,2020,103,00:00:00,103.0,1.0,0.0,65.0,0.0,4.0,53.0,-50.0,2192.0,0.0,0.0,978.0,868.0,0.0,0.0,1028.0,280.0,272.0,272.0,79.0,79.0,3373835
ILE DE FRANCE,2020-04-28 22:00:00,2020,119,22:00:00,119.92,0.0,0.0,28.0,0.0,6.0,126.0,0.0,5924.0,0.0,0.0,2170.0,2074.0,0.0,0.0,108.0,144.0,20.0,20.0,314.0,314.0,12271794
ILE DE FRANCE,2018-09-06 10:00:00,2018,249,10:00:00,249.42,-2.0,0.0,4.0,6.0,2.0,142.0,0.0,7598.0,0.0,0.0,2157.0,2108.0,0.0,0.0,88.0,123.0,20.0,20.0,306.0,306.0,12213447
PAYS DE LA LOIRE,2015-06-05 13:30:00,2015,156,13:30:00,156.56,-2.0,0.0,30.0,239.0,1.0,35.0,0.0,2760.0,0.0,0.0,1867.0,1274.0,0.0,0.0,560.0,451.0,7.0,7.0,61.0,61.0,3718512
ILE DE FRANCE,2019-12-28 06:30:00,2019,362,06:30:00,362.27,312.0,0.0,7.0,0.0,0.0,142.0,0.0,6666.0,0.0,0.0,2170.0,2170.0,0.0,0.0,108.0,143.0,20.0,20.0,314.0,314.0,12262544
NORMANDIE,2022-01-29 19:30:00,2022,29,19:30:00,29.81,368.0,8943.0,545.0,0.0,20.0,94.0,0.0,-5986.0,0.0,0.0,852.0,852.0,10640.0,9456.0,920.0,306.0,31.0,31.0,148.0,148.0,3327604
PROVENCE ALPES COTE D AZUR,2015-07-27 20:30:00,2015,208,20:30:00,208.85,130.0,0.0,14.0,14.0,1031.0,81.0,0.0,3597.0,0.0,0.0,2610.0,2265.0,0.0,0.0,48.0,929.0,3168.0,2976.0,183.0,183.0,5007977
NOUVELLE AQUITAINE,2014-10-07 21:00:00,2014,280,21:00:00,280.88,18.0,4059.0,76.0,0.0,289.0,141.0,0.0,-171.0,0.0,0.0,421.0,421.0,6630.0,5720.0,459.0,1274.0,1772.0,1772.0,223.0,223.0,5879144
AUVERGNE RHONE ALPES,2018-03-27 18:00:00,2018,86,18:00:00,86.75,183.0,9433.0,254.0,77.0,3183.0,116.0,-167.0,-3887.0,0.0,0.0,1000.0,1000.0,13570.0,12557.0,578.0,1026.0,11254.0,11072.0,179.0,179.0,7994459
OCCITANIE,2017-06-18 10:30:00,2017,169,10:30:00,169.44,3.0,2246.0,66.0,846.0,499.0,71.0,-625.0,351.0,0.0,0.0,282.0,282.0,2620.0,2105.0,1237.0,1716.0,5475.0,5134.0,140.0,140.0,5845102
ILE DE FRANCE,2016-11-24 12:00:00,2016,329,12:00:00,329.5,280.0,0.0,8.0,10.0,3.0,151.0,0.0,9933.0,0.0,0.0,2149.0,1576.0,0.0,0.0,61.0,116.0,19.0,19.0,301.0,301.0,12117132
BOURGOGNE FRANCHE COMTE,2015-03-03 00:30:00,2015,62,00:30:00,62.02,117.0,0.0,31.0,0.0,87.0,23.0,0.0,2420.0,0.0,0.0,325.0,80.0,0.0,0.0,344.0,253.0,510.0,225.0,29.0,29.0,2820940
BRETAGNE,2019-07-06 01:00:00,2019,187,01:00:00,187.04,1.0,0.0,83.0,0.0,0.0,52.0,0.0,1810.0,0.0,0.0,960.0,875.0,0.0,0.0,1021.0,267.0,270.0,270.0,73.0,73.0,3354854
BRETAGNE,2013-06-22 23:00:00,2013,173,23:00:00,173.96,0.0,0.0,328.0,0.0,154.0,22.0,-1.0,1582.0,0.0,0.0,660.0,660.0,0.0,0.0,722.0,205.0,11.0,11.0,38.0,38.0,3258707
GRAND EST,2022-09-23 09:00:00,2022,266,09:00:00,266.38,1397.0,3821.0,46.0,199.0,1052.0,141.0,0.0,-1865.0,0.0,0.0,3590.0,3145.0,10820.0,9903.0,4348.0,1099.0,2308.0,1985.0,235.0,235.0,5563889
BRETAGNE,2019-11-08 12:30:00,2019,312,12:30:00,312.52,185.0,0.0,245.0,89.0,65.0,41.0,-1.0,2699.0,0.0,0.0,974.0,840.0,0.0,0.0,1021.0,271.0,272.0,272.0,75.0,75.0,3354854
PAYS DE LA LOIRE,2016-07-17 07:30:00,2016,199,07:30:00,199.31,14.0,0.0,132.0,12.0,1.0,39.0,0.0,1514.0,0.0,0.0,1880.0,1337.0,0.0,0.0,649.0,477.0,8.0,8.0,63.0,63.0,3737632
OCCITANIE,2018-08-20 18:00:00,2018,232,18:00:00,232.75,0.0,1165.0,414.0,671.0,1469.0,89.0,0.0,423.0,0.0,0.0,295.0,295.0,2620.0,1370.0,1425.0,1945.0,5485.0,5254.0,146.0,146.0,5885496
PAYS DE LA LOIRE,2014-01-18 07:30:00,2014,18,07:30:00,18.31,576.0,0.0,330.0,0.0,4.0,45.0,0.0,2569.0,0.0,0.0,1864.0,1864.0,0.0,0.0,518.0,400.0,6.0,6.0,58.0,58.0,3690833
PROVENCE ALPES COTE D AZUR,2020-12-03 12:30:00,2020,338,12:30:00,338.52,1990.0,0.0,8.0,734.0,1688.0,108.0,0.0,1423.0,0.0,0.0,2714.0,2386.0,0.0,0.0,96.0,1540.0,3262.0,3231.0,357.0,357.0,5098666
GRAND EST,2017-05-15 22:30:00,2017,135,22:30:00,135.94,1993.0,8435.0,102.0,0.0,1096.0,82.0,0.0,-6950.0,0.0,0.0,3453.0,2858.0,10820.0,9524.0,2891.0,536.0,2298.0,1997.0,140.0,140.0,5549586
BOURGOGNE FRANCHE COMTE,2022-03-05 13:30:00,2022,64,13:30:00,64.56,174.0,0.0,53.0,344.0,136.0,55.0,0.0,1816.0,0.0,0.0,401.0,401.0,0.0,0.0,1034.0,501.0,524.0,524.0,74.0,74.0,2797366
CENTRE VAL DE LOIRE,2013-06-11 09:00:00,2013,162,09:00:00,162.38,8.0,7287.0,11.0,21.0,18.0,28.0,0.0,-5408.0,0.0,0.0,162.0,162.0,11630.0,11630.0,662.0,210.0,91.0,91.0,49.0,49.0,2570548
OCCITANIE,2013-02-05 07:30:00,2013,36,07:30:00,36.31,83.0,2541.0,565.0,0.0,2107.0,75.0,0.0,222.0,0.0,0.0,245.0,245.0,2620.0,2620.0,861.0,1045.0,5369.0,5369.0,126.0,126.0,5683878
ILE DE FRANCE,2021-05-23 16:30:00,2021,143,16:30:00,143.69,0.0,0.0,51.0,37.0,11.0,112.0,0.0,5615.0,0.0,0.0,2171.0,2171.0,0.0,0.0,125.0,173.0,20.0,20.0,314.0,314.0,12317279
AUVERGNE RHONE ALPES,2013-03-07 14:00:00,2013,66,14:00:00,66.58,260.0,11721.0,56.0,181.0,3969.0,51.0,-2.0,-6998.0,0.0,0.0,919.0,919.0,13570.0,12690.0,335.0,709.0,11115.0,11115.0,106.0,106.0,7757595
CENTRE VAL DE LOIRE,2021-03-01 23:00:00,2021,60,23:00:00,60.96,88.0,8789.0,353.0,0.0,29.0,56.0,0.0,-7023.0,0.0,0.0,229.0,229.0,11630.0,10320.0,1278.0,481.0,92.0,92.0,88.0,88.0,2573303
BOURGOGNE FRANCHE COMTE,2022-09-03 06:30:00,2022,246,06:30:00,246.27,23.0,0.0,226.0,0.0,12.0,32.0,0.0,1284.0,0.0,0.0,401.0,401.0,0.0,0.0,1067.0,595.0,524.0,524.0,75.0,75.0,2797366
NOUVELLE AQUITAINE,2019-05-05 11:00:00,2019,125,11:00:00,125.46,22.0,5671.0,151.0,1545.0,415.0,200.0,0.0,-3086.0,0.0,0.0,538.0,538.0,6630.0,5720.0,999.0,2476.0,1782.0,1673.0,319.0,319.0,6010289
NORMANDIE,2016-12-27 13:30:00,2016,362,13:30:00,362.56,754.0,8261.0,12.0,47.0,15.0,58.0,0.0,-5125.0,0.0,0.0,785.0,785.0,10640.0,9899.0,616.0,220.0,31.0,31.0,96.0,96.0,3335929
CENTRE VAL DE LOIRE,2022-02-09 02:00:00,2022,40,02:00:00,40.08,95.0,10629.0,170.0,0.0,6.0,56.0,0.0,-8393.0,0.0,0.0,229.0,229.0,11630.0,10853.0,1381.0,699.0,92.0,92.0,90.0,90.0,2572916
NOUVELLE AQUITAINE,2014-05-01 15:30:00,2014,121,15:30:00,121.65,28.0,5678.0,196.0,268.0,481.0,125.0,0.0,-2822.0,0.0,0.0,421.0,421.0,6630.0,6630.0,417.0,1098.0,1770.0,1770.0,220.0,220.0,5879144
PAYS DE LA LOIRE,2016-10-03 04:30:00,2016,277,04:30:00,277.19,428.0,0.0,66.0,0.0,0.0,49.0,0.0,1327.0,0.0,0.0,1880.0,1248.0,0.0,0.0,687.0,479.0,8.0,8.0,63.0,63.0,3737632
BOURGOGNE FRANCHE COMTE,2017-08-06 13:30:00,2017,218,13:30:00,218.56,27.0,0.0,20.0,125.0,15.0,23.0,0.0,1440.0,0.0,0.0,331.0,331.0,0.0,0.0,605.0,270.0,519.0,519.0,33.0,33.0,2811423
PROVENCE ALPES COTE D AZUR,2018-01-31 01:00:00,2018,31,01:00:00,31.04,201.0,0.0,3.0,0.0,1190.0,86.0,0.0,3673.0,0.0,0.0,2651.0,2345.0,0.0,0.0,48.0,1222.0,3227.0,3227.0,357.0,357.0,5052832
NOUVELLE AQUITAINE,2015-10-01 02:00:00,2015,274,02:00:00,274.08,59.0,5519.0,135.0,0.0,96.0,161.0,0.0,-2104.0,0.0,0.0,427.0,427.0,6630.0,5720.0,534.0,1769.0,1777.0,1777.0,239.0,239.0,5911482
AUVERGNE RHONE ALPES,2020-02-18 04:30:00,2020,49,04:30:00,49.19,195.0,11882.0,181.0,0.0,2824.0,135.0,-2431.0,-4848.0,0.0,0.0,1034.0,1034.0,13570.0,12708.0,647.0,1241.0,11741.0,11589.0,191.0,191.0,8078652
BOURGOGNE FRANCHE COMTE,2022-07-24 18:00:00,2022,205,18:00:00,205.75,0.0,0.0,8.0,220.0,3.0,52.0,0.0,1531.0,0.0,0.0,401.0,401.0,0.0,0.0,1049.0,593.0,524.0,524.0,75.0,75.0,2797366
HAUTS DE FRANCE,2021-08-22 04:30:00,2021,234,04:30:00,234.19,582.0,3144.0,1181.0,0.0,2.0,105.0,0.0,-1516.0,0.0,0.0,2990.0,2990.0,5460.0,4550.0,5523.0,407.0,5.0,5.0,183.0,183.0,5995292
ILE DE FRANCE,2019-02-02 23:30:00,2019,33,23:30:00,33.98,525.0,0.0,39.0,0.0,5.0,138.0,0.0,10508.0,0.0,0.0,2169.0,2169.0,0.0,0.0,88.0,124.0,20.0,20.0,306.0,306.0,12262544
GRAND EST,2018-06-06 13:30:00,2018,157,13:30:00,157.56,39.0,8322.0,69.0,499.0,1106.0,93.0,0.0,-4528.0,0.0,0.0,3471.0,3019.0,10820.0,9628.0,3104.0,555.0,2300.0,1982.0,156.0,156.0,5550389
NORMANDIE,2013-05-28 21:30:00,2013,148,21:30:00,148.9,559.0,6387.0,73.0,0.0,9.0,41.0,0.0,-4014.0,0.0,0.0,761.0,761.0,10640.0,10640.0,423.0,208.0,23.0,23.0,88.0,88.0,3328364
NOUVELLE AQUITAINE,2017-07-28 20:00:00,2017,209,20:00:00,209.83,41.0,4151.0,119.0,246.0,210.0,193.0,0.0,-556.0,0.0,0.0,465.0,465.0,6630.0,5486.0,752.0,1976.0,1780.0,1669.0,306.0,306.0,5956978
HAUTS DE FRANCE,2022-12-11 07:30:00,2022,345,07:30:00,345.31,1783.0,3663.0,925.0,0.0,1.0,130.0,0.0,-729.0,0.0,0.0,3003.0,2886.0,5460.0,4551.0,6051.0,462.0,6.0,6.0,198.0,198.0,5990765
ILE DE FRANCE,2019-12-20 17:30:00,2019,354,17:30:00,354.73,323.0,0.0,38.0,0.0,2.0,137.0,0.0,9222.0,0.0,0.0,2170.0,2158.0,0.0,0.0,108.0,143.0,20.0,20.0,314.0,314.0,12262544
OCCITANIE,2016-07-11 03:30:00,2016,193,03:30:00,193.15,0.0,1610.0,35.0,0.0,563.0,96.0,-485.0,1245.0,0.0,0.0,266.0,266.0,2620.0,2620.0,1120.0,1610.0,5462.0,5235.0,139.0,139.0,5808435
PAYS DE LA LOIRE,2014-07-28 13:00:00,2014,209,13:00:00,209.54,10.0,0.0,80.0,157.0,1.0,40.0,0.0,2805.0,0.0,0.0,1864.0,1429.0,0.0,0.0,518.0,418.0,7.0,7.0,58.0,58.0,3690833
AUVERGNE RHONE ALPES,2014-05-22 10:30:00,2014,142,10:30:00,142.44,29.0,8688.0,257.0,166.0,4480.0,75.0,-7.0,-6164.0,0.0,0.0,938.0,938.0,13570.0,13570.0,347.0,804.0,11141.0,10989.0,140.0,140.0,7820966
NOUVELLE AQUITAINE,2020-02-22 02:00:00,2020,53,02:00:00,53.08,241.0,5114.0,68.0,0.0,384.0,215.0,0.0,-319.0,0.0,0.0,571.0,571.0,6630.0,5479.0,1089.0,2632.0,1783.0,1678.0,340.0,340.0,6033952
BOURGOGNE FRANCHE COMTE,2018-04-17 07:00:00,2018,107,07:00:00,107.29,20.0,0.0,27.0,0.0,172.0,27.0,0.0,2086.0,0.0,0.0,386.0,386.0,0.0,0.0,676.0,306.0,520.0,443.0,36.0,36.0,2807807
BOURGOGNE FRANCHE COMTE,2013-08-20 02:30:00,2013,232,02:30:00,232.1,24.0,0.0,19.0,0.0,30.0,12.0,0.0,1530.0,0.0,0.0,301.0,301.0,0.0,0.0,204.0,240.0,480.0,480.0,25.0,25.0,2819783
CENTRE VAL DE LOIRE,2020-03-23 18:30:00,2020,83,18:30:00,83.77,102.0,9661.0,349.0,17.0,37.0,56.0,0.0,-8340.0,0.0,0.0,229.0,229.0,11630.0,10740.0,1238.0,361.0,92.0,92.0,86.0,86.0,2574863
GRAND EST,2016-05-16 19:00:00,2016,137,19:00:00,137.79,52.0,9388.0,94.0,37.0,1288.0,88.0,0.0,-6336.0,0.0,0.0,3424.0,2946.0,10820.0,9420.0,2601.0,527.0,2286.0,2084.0,121.0,121.0,5555186
HAUTS DE FRANCE,2015-08-31 05:00:00,2015,243,05:00:00,243.21,277.0,3520.0,80.0,0.0,1.0,90.0,0.0,81.0,0.0,0.0,2301.0,1970.0,5460.0,5132.0,2759.0,213.0,5.0,5.0,160.0,160.0,6009976
BOURGOGNE FRANCHE COMTE,2016-01-01 00:00:00,2016,1,00:00:00,1.0,117.0,0.0,85.0,0.0,23.0,19.0,0.0,2213.0,0.0,0.0,329.0,84.0,0.0,0.0,414.0,263.0,513.0,373.0,29.0,29.0,2818338
GRAND EST,2016-06-22 02:00:00,2016,174,02:00:00,174.08,314.0,7994.0,67.0,0.0,1275.0,80.0,-531.0,-4862.0,0.0,0.0,3424.0,2829.0,10820.0,9709.0,2611.0,527.0,2295.0,2093.0,123.0,123.0,5555186
PROVENCE ALPES COTE D AZUR,2013-05-20 17:00:00,2013,140,17:00:00,140.71,410.0,0.0,4.0,307.0,1592.0,39.0,0.0,1490.0,0.0,0.0,2590.0,2528.0,0.0,0.0,45.0,694.0,3158.0,3158.0,151.0,151.0,4953675
NOUVELLE AQUITAINE,2016-02-23 07:30:00,2016,54,07:30:00,54.31,167.0,5616.0,211.0,-1.0,1055.0,182.0,0.0,-1367.0,0.0,0.0,429.0,429.0,6630.0,5890.0,559.0,1829.0,1778.0,1778.0,279.0,279.0,5935603
HAUTS DE FRANCE,2016-07-29 06:30:00,2016,211,06:30:00,211.27,817.0,3418.0,287.0,0.0,2.0,106.0,0.0,-183.0,0.0,0.0,2864.0,2727.0,5460.0,4769.0,3088.0,213.0,5.0,5.0,163.0,163.0,6006870
AUVERGNE RHONE ALPES,2019-07-30 01:00:00,2019,211,01:00:00,211.04,37.0,9738.0,36.0,0.0,2653.0,126.0,-758.0,-6326.0,0.0,0.0,1027.0,1027.0,13570.0,12684.0,635.0,1166.0,11631.0,11472.0,190.0,190.0,8042936
PROVENCE ALPES COTE D AZUR,2018-11-04 08:30:00,2018,308,08:30:00,308.35,1235.0,0.0,8.0,48.0,1066.0,105.0,0.0,1327.0,0.0,0.0,2666.0,2330.0,0.0,0.0,48.0,1301.0,3233.0,3109.0,357.0,207.0,5052832
PROVENCE ALPES COTE D AZUR,2017-02-24 09:00:00,2017,55,09:00:00,55.38,1954.0,0.0,12.0,70.0,1015.0,99.0,0.0,1998.0,0.0,0.0,2630.0,2268.0,0.0,0.0,48.0,1059.0,3193.0,3018.0,354.0,354.0,5030890
ILE DE FRANCE,2016-10-07 17:00:00,2016,281,17:00:00,281.71,302.0,0.0,4.0,10.0,8.0,148.0,0.0,7870.0,0.0,0.0,2149.0,1679.0,0.0,0.0,61.0,115.0,19.0,19.0,300.0,300.0,12117132
CENTRE VAL DE LOIRE,2013-01-08 12:30:00,2013,8,12:30:00,8.52,95.0,9749.0,0.0,8.0,7.0,20.0,0.0,-6775.0,0.0,0.0,157.0,157.0,11630.0,10740.0,662.0,207.0,91.0,91.0,41.0,41.0,2570548
ILE DE FRANCE,2021-07-30 01:30:00,2021,211,01:30:00,211.06,0.0,0.0,8.0,0.0,9.0,181.0,0.0,4623.0,0.0,0.0,2171.0,2171.0,0.0,0.0,148.0,174.0,20.0,20.0,314.0,314.0,12317279
BRETAGNE,2018-07-07 07:30:00,2018,188,07:30:00,188.31,1.0,0.0,67.0,7.0,153.0,50.0,-1.0,1303.0,0.0,0.0,904.0,770.0,0.0,0.0,969.0,253.0,270.0,270.0,68.0,68.0,3335414
NOUVELLE AQUITAINE,2017-06-18 10:00:00,2017,169,10:00:00,169.42,45.0,3234.0,252.0,940.0,91.0,188.0,0.0,-1062.0,0.0,0.0,465.0,465.0,6630.0,5428.0,742.0,1970.0,1780.0,1669.0,306.0,306.0,5956978
BOURGOGNE FRANCHE COMTE,2017-12-14 11:00:00,2017,348,11:00:00,348.46,163.0,0.0,452.0,22.0,101.0,25.0,0.0,2839.0,0.0,0.0,356.0,356.0,0.0,0.0,676.0,304.0,520.0,520.0,35.0,35.0,2811423
NORMANDIE,2016-07-22 10:30:00,2016,204,10:30:00,204.44,188.0,6603.0,5.0,48.0,20.0,54.0,0.0,-3989.0,0.0,0.0,773.0,193.0,10640.0,9440.0,598.0,218.0,31.0,31.0,96.0,96.0,3335929
HAUTS DE FRANCE,2017-03-08 10:00:00,2017,67,10:00:00,67.42,1810.0,3658.0,1694.0,6.0,2.0,118.0,0.0,173.0,0.0,0.0,2900.0,2900.0,5460.0,4550.0,3338.0,214.0,5.0,5.0,164.0,164.0,6003815
ILE DE FRANCE,2014-05-01 09:00:00,2014,121,09:00:00,121.38,-4.0,0.0,1.0,11.0,10.0,156.0,0.0,6188.0,0.0,0.0,2122.0,2122.0,0.0,0.0,37.0,111.0,19.0,19.0,282.0,282.0,12027565
NOUVELLE AQUITAINE,2015-08-19 15:00:00,2015,231,15:00:00,231.62,12.0,4694.0,10.0,953.0,64.0,138.0,0.0,-1349.0,0.0,0.0,427.0,427.0,6630.0,5720.0,534.0,1535.0,1775.0,1775.0,239.0,239.0,5911482
GRAND EST,2022-10-31 06:30:00,2022,304,06:30:00,304.27,1632.0,3676.0,628.0,0.0,817.0,152.0,0.0,-3078.0,0.0,0.0,3615.0,3615.0,10820.0,9611.0,4497.0,1106.0,2308.0,1954.0,235.0,235.0,5563889
NORMANDIE,2021-02-10 23:30:00,2021,41,23:30:00,41.98,360.0,7712.0,193.0,0.0,10.0,82.0,0.0,-3276.0,0.0,0.0,852.0,852.0,10640.0,9797.0,831.0,278.0,31.0,31.0,146.0,146.0,3327966
BOURGOGNE FRANCHE COMTE,2021-07-14 13:00:00,2021,195,13:00:00,195.54,24.0,0.0,321.0,67.0,237.0,50.0,0.0,1430.0,0.0,0.0,401.0,401.0,0.0,0.0,955.0,446.0,524.0,524.0,72.0,72.0,2800194
NORMANDIE,2021-06-16 15:30:00,2021,167,15:30:00,167.65,224.0,8851.0,20.0,89.0,10.0,82.0,0.0,-6365.0,0.0,0.0,852.0,852.0,10640.0,10040.0,878.0,294.0,31.0,31.0,147.0,147.0,3327966
OCCITANIE,2019-01-28 10:00:00,2019,28,10:00:00,28.42,96.0,2584.0,325.0,85.0,1504.0,88.0,0.0,2155.0,0.0,0.0,307.0,307.0,2620.0,2620.0,1485.0,1988.0,5485.0,5308.0,146.0,146.0,5933185
AUVERGNE RHONE ALPES,2016-07-15 05:30:00,2016,197,05:30:00,197.23,48.0,6387.0,217.0,0.0,2212.0,119.0,-673.0,-2941.0,0.0,0.0,959.0,959.0,13570.0,12576.0,399.0,919.0,11219.0,11059.0,170.0,170.0,7916889
PAYS DE LA LOIRE,2021-01-23 20:00:00,2021,23,20:00:00,23.83,547.0,0.0,51.0,0.0,6.0,47.0,0.0,3474.0,0.0,0.0,2054.0,2054.0,0.0,0.0,1046.0,689.0,10.0,10.0,78.0,78.0,3853999
HAUTS DE FRANCE,2016-09-14 21:30:00,2016,258,21:30:00,258.9,1158.0,3480.0,278.0,0.0,1.0,110.0,0.0,314.0,0.0,0.0,2864.0,2721.0,5460.0,4708.0,3122.0,213.0,5.0,5.0,163.0,163.0,6006870
CENTRE VAL DE LOIRE,2014-03-05 08:30:00,2014,64,08:30:00,64.35,65.0,10613.0,68.0,23.0,51.0,46.0,0.0,-7773.0,0.0,0.0,162.0,162.0,11630.0,11630.0,739.0,215.0,91.0,91.0,56.0,56.0,2577435
ILE DE FRANCE,2013-12-20 19:00:00,2013,354,19:00:00,354.79,392.0,0.0,8.0,0.0,7.0,124.0,0.0,11629.0,0.0,0.0,2122.0,1872.0,0.0,0.0,37.0,110.0,19.0,19.0,282.0,282.0,11959807
OCCITANIE,2020-08-09 01:00:00,2020,222,01:00:00,222.04,0.0,2033.0,31.0,0.0,544.0,88.0,-298.0,1155.0,0.0,0.0,314.0,314.0,2620.0,1365.0,1593.0,2270.0,5494.0,5238.0,171.0,171.0,5973969
ILE DE FRANCE,2013-02-12 12:30:00,2013,43,12:30:00,43.52,757.0,0.0,0.0,5.0,0.0,112.0,0.0,12560.0,0.0,0.0,2121.0,2121.0,0.0,0.0,37.0,108.0,19.0,19.0,262.0,262.0,11959807
GRAND EST,2013-02-22 01:00:00,2013,53,01:00:00,53.04,2619.0,8391.0,1093.0,0.0,768.0,59.0,-117.0,-5988.0,0.0,0.0,3398.0,3398.0,10820.0,10820.0,1831.0,500.0,2280.0,2280.0,86.0,86.0,5552388
HAUTS DE FRANCE,2016-08-15 00:30:00,2016,228,00:30:00,228.02,531.0,2505.0,717.0,0.0,2.0,117.0,0.0,446.0,0.0,0.0,2864.0,2864.0,5460.0,4550.0,3098.0,213.0,5.0,5.0,163.0,163.0,6006870
GRAND EST,2015-05-08 20:30:00,2015,128,20:30:00,128.85,41.0,9623.0,116.0,2.0,1700.0,81.0,0.0,-7486.0,0.0,0.0,3420.0,3132.0,10820.0,9877.0,2386.0,524.0,2284.0,2284.0,110.0,110.0,5559051
BRETAGNE,2015-11-02 19:30:00,2015,306,19:30:00,306.81,76.0,0.0,284.0,0.0,41.0,38.0,-1.0,2315.0,0.0,0.0,727.0,727.0,0.0,0.0,813.0,222.0,275.0,275.0,56.0,56.0,3293850
ILE DE FRANCE,2016-09-28 15:30:00,2016,272,15:30:00,272.65,264.0,0.0,4.0,27.0,6.0,127.0,0.0,7264.0,0.0,0.0,2149.0,1666.0,0.0,0.0,61.0,115.0,19.0,19.0,300.0,300.0,12117132
GRAND EST,2022-08-13 18:00:00,2022,225,18:00:00,225.75,448.0,2544.0,491.0,418.0,788.0,141.0,0.0,-1349.0,0.0,0.0,3590.0,3151.0,10820.0,9772.0,4290.0,1080.0,2308.0,1954.0,235.0,235.0,5563889
NOUVELLE AQUITAINE,2015-11-16 01:30:00,2015,320,01:30:00,320.06,146.0,6412.0,126.0,-1.0,50.0,169.0,0.0,-1865.0,0.0,0.0,427.0,427.0,6630.0,6630.0,534.0,1772.0,1777.0,1777.0,258.0,258.0,5911482
GRAND EST,2019-10-01 04:30:00,2019,274,04:30:00,274.19,557.0,10138.0,1658.0,0.0,460.0,117.0,-508.0,-8436.0,0.0,0.0,3531.0,3531.0,10820.0,9625.0,3477.0,603.0,2303.0,2102.0,173.0,173.0,5556219
CENTRE VAL DE LOIRE,2017-05-23 06:00:00,2017,143,06:00:00,143.25,0.0,8275.0,268.0,0.0,2.0,70.0,0.0,-7148.0,0.0,0.0,198.0,198.0,11630.0,10801.0,947.0,268.0,91.0,91.0,76.0,76.0,2576252
BOURGOGNE FRANCHE COMTE,2022-07-11 03:00:00,2022,192,03:00:00,192.12,0.0,0.0,490.0,0.0,5.0,55.0,-66.0,1134.0,0.0,0.0,401.0,401.0,0.0,0.0,1049.0,565.0,524.0,524.0,75.0,75.0,2797366
PROVENCE ALPES COTE D AZUR,2016-01-28 10:00:00,2016,28,10:00:00,28.42,1433.0,0.0,8.0,129.0,621.0,99.0,0.0,3455.0,0.0,0.0,2614.0,2350.0,0.0,0.0,48.0,987.0,3178.0,3054.0,204.0,204.0,5021928
OCCITANIE,2019-02-07 12:00:00,2019,38,12:00:00,38.5,94.0,2531.0,412.0,473.0,1559.0,80.0,-17.0,1183.0,0.0,0.0,307.0,307.0,2620.0,2620.0,1499.0,1988.0,5485.0,5308.0,146.0,146.0,5933185
NORMANDIE,2020-01-30 14:00:00,2020,30,14:00:00,30.58,392.0,6482.0,456.0,17.0,24.0,60.0,0.0,-3334.0,0.0,0.0,833.0,253.0,10640.0,9310.0,806.0,262.0,31.0,31.0,109.0,109.0,3325522
GRAND EST,2021-12-18 09:00:00,2021,352,09:00:00,352.38,1815.0,7880.0,1745.0,16.0,736.0,147.0,0.0,-6294.0,0.0,0.0,3590.0,3590.0,10820.0,10007.0,4189.0,965.0,2306.0,2104.0,210.0,210.0,5561287
BRETAGNE,2021-09-23 12:30:00,2021,266,12:30:00,266.52,23.0,0.0,44.0,140.0,88.0,51.0,-1.0,2098.0,0.0,0.0,1428.0,1428.0,0.0,0.0,1106.0,346.0,272.0,272.0,82.0,82.0,3394567
BRETAGNE,2018-09-17 11:00:00,2018,260,11:00:00,260.46,1.0,0.0,52.0,83.0,5.0,47.0,-1.0,2239.0,0.0,0.0,913.0,828.0,0.0,0.0,980.0,254.0,270.0,270.0,69.0,69.0,3335414
PROVENCE ALPES COTE D AZUR,2015-08-13 04:00:00,2015,225,04:00:00,225.17,97.0,0.0,0.0,0.0,460.0,80.0,0.0,2925.0,0.0,0.0,2610.0,2215.0,0.0,0.0,48.0,930.0,3168.0,3168.0,183.0,183.0,5007977
PAYS DE LA LOIRE,2019-01-15 12:30:00,2019,15,12:30:00,15.52,642.0,0.0,9.0,123.0,3.0,47.0,0.0,3541.0,0.0,0.0,2034.0,1702.0,0.0,0.0,876.0,560.0,8.0,8.0,70.0,70.0,3806461
PAYS DE LA LOIRE,2020-03-31 11:00:00,2020,91,11:00:00,91.46,532.0,0.0,762.0,275.0,5.0,46.0,0.0,2017.0,0.0,0.0,2050.0,1953.0,0.0,0.0,989.0,635.0,10.0,10.0,76.0,76.0,3832120
PAYS DE LA LOIRE,2022-03-24 12:00:00,2022,83,12:00:00,83.5,95.0,0.0,32.0,480.0,4.0,61.0,0.0,2773.0,0.0,0.0,2068.0,1850.0,0.0,0.0,1137.0,829.0,10.0,10.0,80.0,80.0,3878839
GRAND EST,2022-04-21 00:00:00,2022,111,00:00:00,111.0,1335.0,5084.0,1750.0,0.0,865.0,152.0,0.0,-4325.0,0.0,0.0,3590.0,3163.0,10820.0,9709.0,4254.0,1004.0,2306.0,2104.0,235.0,235.0,5563889
PROVENCE ALPES COTE D AZUR,2021-08-12 07:30:00,2021,224,07:30:00,224.31,229.0,0.0,9.0,56.0,977.0,79.0,-51.0,2378.0,0.0,0.0,2715.0,2452.0,0.0,0.0,96.0,1655.0,3266.0,3235.0,357.0,357.0,5127840
PROVENCE ALPES COTE D AZUR,2016-04-07 08:00:00,2016,98,08:00:00,98.33,1273.0,0.0,27.0,31.0,1909.0,123.0,0.0,958.0,0.0,0.0,2614.0,2296.0,0.0,0.0,48.0,1014.0,3178.0,3178.0,204.0,204.0,5021928
PROVENCE ALPES COTE D AZUR,2013-09-29 15:30:00,2013,272,15:30:00,272.65,186.0,0.0,0.0,279.0,807.0,52.0,0.0,2456.0,0.0,0.0,2590.0,2316.0,0.0,0.0,45.0,729.0,3159.0,3159.0,151.0,151.0,4953675
CENTRE VAL DE LOIRE,2013-09-12 17:30:00,2013,255,17:30:00,255.73,6.0,6362.0,24.0,14.0,0.0,17.0,0.0,-4565.0,0.0,0.0,162.0,162.0,11630.0,11630.0,717.0,212.0,91.0,91.0,56.0,56.0,2570548
CENTRE VAL DE LOIRE,2016-11-02 18:00:00,2016,307,18:00:00,307.75,71.0,8740.0,116.0,0.0,10.0,52.0,0.0,-6498.0,0.0,0.0,178.0,178.0,11630.0,10722.0,896.0,261.0,91.0,91.0,71.0,71.0,2577866
BRETAGNE,2020-11-23 19:30:00,2020,328,19:30:00,328.81,213.0,0.0,66.0,1.0,76.0,45.0,-1.0,2910.0,0.0,0.0,980.0,980.0,0.0,0.0,1041.0,291.0,272.0,272.0,81.0,81.0,3373835
PROVENCE ALPES COTE D AZUR,2018-12-04 09:30:00,2018,338,09:30:00,338.4,1439.0,0.0,7.0,211.0,1539.0,99.0,0.0,1932.0,0.0,0.0,2671.0,2367.0,0.0,0.0,48.0,1318.0,3235.0,3111.0,357.0,207.0,5052832
PROVENCE ALPES COTE D AZUR,2021-02-22 01:30:00,2021,53,01:30:00,53.06,182.0,0.0,68.0,0.0,814.0,83.0,-2.0,3607.0,0.0,0.0,2715.0,2386.0,0.0,0.0,96.0,1562.0,3266.0,3235.0,357.0,357.0,5127840
GRAND EST,2021-05-08 16:30:00,2021,128,16:30:00,128.69,91.0,4361.0,1594.0,286.0,1110.0,139.0,0.0,-3479.0,0.0,0.0,3585.0,3172.0,10820.0,9940.0,3900.0,886.0,2305.0,2103.0,207.0,207.0,5561287
ILE DE FRANCE,2022-11-14 01:30:00,2022,318,01:30:00,318.06,224.0,0.0,2.0,0.0,9.0,148.0,0.0,6053.0,0.0,0.0,2171.0,2045.0,0.0,0.0,148.0,256.0,20.0,20.0,320.0,320.0,12354286
AUVERGNE RHONE ALPES,2013-08-04 02:30:00,2013,216,02:30:00,216.1,41.0,7955.0,23.0,0.0,2637.0,68.0,-190.0,-5545.0,0.0,0.0,919.0,919.0,13570.0,13570.0,335.0,725.0,11122.0,11122.0,106.0,106.0,7757595
HAUTS DE FRANCE,2014-11-20 00:00:00,2014,324,00:00:00,324.0,703.0,4946.0,117.0,0.0,2.0,110.0,0.0,895.0,0.0,0.0,2301.0,2301.0,5460.0,5460.0,2524.0,212.0,5.0,5.0,142.0,142.0,6006156
PAYS DE LA LOIRE,2017-06-17 12:30:00,2017,168,12:30:00,168.52,-2.0,0.0,94.0,302.0,0.0,45.0,0.0,2068.0,0.0,0.0,1921.0,1345.0,0.0,0.0,727.0,500.0,8.0,8.0,66.0,66.0,3757600
PAYS DE LA LOIRE,2016-07-16 19:30:00,2016,198,19:30:00,198.81,12.0,0.0,69.0,89.0,0.0,39.0,0.0,2067.0,0.0,0.0,1880.0,1337.0,0.0,0.0,649.0,477.0,8.0,8.0,63.0,63.0,3737632
GRAND EST,2020-11-19 22:00:00,2020,324,22:00:00,324.92,978.0,10517.0,591.0,0.0,686.0,119.0,-172.0,-7286.0,0.0,0.0,3585.0,3172.0,10820.0,9671.0,3833.0,672.0,2305.0,2103.0,192.0,192.0,5562651
BRETAGNE,2017-02-19 13:30:00,2017,50,13:30:00,50.56,198.0,0.0,39.0,44.0,6.0,40.0,-53.0,2462.0,0.0,0.0,848.0,848.0,0.0,0.0,877.0,233.0,275.0,275.0,60.0,60.0,3318904
AUVERGNE RHONE ALPES,2020-05-15 08:00:00,2020,136,08:00:00,136.33,11.0,7396.0,100.0,48.0,5561.0,107.0,-6.0,-6482.0,0.0,0.0,1034.0,1034.0,13570.0,12628.0,647.0,1263.0,11746.0,11583.0,192.0,192.0,8078652
BRETAGNE,2015-09-07 15:00:00,2015,250,15:00:00,250.62,5.0,0.0,49.0,114.0,0.0,37.0,-6.0,2062.0,0.0,0.0,724.0,639.0,0.0,0.0,801.0,222.0,275.0,275.0,55.0,55.0,3293850
NOUVELLE AQUITAINE,2018-07-03 13:30:00,2018,184,13:30:00,184.56,25.0,4004.0,16.0,1349.0,465.0,183.0,0.0,-902.0,0.0,0.0,482.0,482.0,6630.0,5862.0,924.0,2356.0,1781.0,1669.0,315.0,315.0,5979778
OCCITANIE,2017-01-28 13:00:00,2017,28,13:00:00,28.54,70.0,2538.0,254.0,238.0,805.0,97.0,-419.0,2652.0,0.0,0.0,282.0,282.0,2620.0,2620.0,1194.0,1692.0,5473.0,5246.0,140.0,140.0,5845102
NOUVELLE AQUITAINE,2018-04-23 10:30:00,2018,113,10:30:00,113.44,19.0,4239.0,11.0,444.0,508.0,170.0,0.0,-865.0,0.0,0.0,482.0,482.0,6630.0,5428.0,924.0,2301.0,1781.0,1667.0,314.0,314.0,5979778
CENTRE VAL DE LOIRE,2022-05-04 06:30:00,2022,124,06:30:00,124.27,14.0,5478.0,153.0,0.0,3.0,55.0,0.0,-3974.0,0.0,0.0,229.0,229.0,11630.0,10751.0,1455.0,731.0,92.0,92.0,90.0,90.0,2572916
OCCITANIE,2020-05-27 05:00:00,2020,148,05:00:00,148.21,0.0,2484.0,112.0,0.0,1104.0,83.0,-666.0,-534.0,0.0,0.0,314.0,314.0,2620.0,1310.0,1579.0,2215.0,5492.0,5315.0,171.0,171.0,5973969
BOURGOGNE FRANCHE COMTE,2019-06-09 22:00:00,2019,160,22:00:00,160.92,23.0,0.0,52.0,0.0,37.0,31.0,0.0,1804.0,0.0,0.0,401.0,401.0,0.0,0.0,831.0,336.0,520.0,520.0,67.0,67.0,2805580
NOUVELLE AQUITAINE,2022-08-10 20:00:00,2022,222,20:00:00,222.83,28.0,1073.0,456.0,302.0,270.0,163.0,0.0,2629.0,0.0,0.0,579.0,579.0,6630.0,5659.0,1555.0,3746.0,1786.0,1657.0,356.0,356.0,6098051
ILE DE FRANCE,2014-03-04 21:30:00,2014,63,21:30:00,63.9,500.0,0.0,0.0,0.0,1.0,165.0,0.0,9813.0,0.0,0.0,2122.0,2122.0,0.0,0.0,37.0,110.0,19.0,19.0,282.0,282.0,12027565
BOURGOGNE FRANCHE COMTE,2013-09-30 16:30:00,2013,273,16:30:00,273.69,27.0,0.0,1.0,19.0,149.0,14.0,0.0,2120.0,0.0,0.0,301.0,301.0,0.0,0.0,204.0,240.0,480.0,480.0,25.0,25.0,2819783
HAUTS DE FRANCE,2016-03-19 04:30:00,2016,79,04:30:00,79.19,479.0,5270.0,545.0,0.0,3.0,110.0,0.0,-696.0,0.0,0.0,2864.0,2864.0,5460.0,4550.0,2919.0,213.0,5.0,5.0,160.0,160.0,6006870
HAUTS DE FRANCE,2020-10-11 19:00:00,2020,285,19:00:00,285.79,1090.0,2706.0,968.0,0.0,1.0,107.0,0.0,135.0,0.0,0.0,2983.0,2983.0,5460.0,4550.0,5211.0,272.0,5.0,5.0,181.0,181.0,5997734
NOUVELLE AQUITAINE,2020-04-17 10:30:00,2020,108,10:30:00,108.44,16.0,5128.0,292.0,774.0,536.0,196.0,0.0,-2952.0,0.0,0.0,571.0,571.0,6630.0,5428.0,1089.0,2644.0,1783.0,1678.0,341.0,341.0,6033952
BRETAGNE,2016-10-29 04:00:00,2016,303,04:00:00,303.17,17.0,0.0,181.0,0.0,19.0,35.0,-1.0,1824.0,0.0,0.0,796.0,662.0,0.0,0.0,877.0,231.0,275.0,275.0,57.0,57.0,3306529
BOURGOGNE FRANCHE COMTE,2017-09-26 14:30:00,2017,269,14:30:00,269.6,22.0,0.0,10.0,43.0,179.0,17.0,0.0,2353.0,0.0,0.0,331.0,331.0,0.0,0.0,647.0,271.0,519.0,519.0,34.0,34.0,2811423
BRETAGNE,2022-03-16 08:00:00,2022,75,08:00:00,75.33,604.0,0.0,68.0,0.0,10.0,55.0,-30.0,2254.0,0.0,0.0,1432.0,1257.0,0.0,0.0,1149.0,362.0,272.0,272.0,82.0,82.0,3414637
HAUTS DE FRANCE,2019-06-16 09:30:00,2019,167,09:30:00,167.4,217.0,2487.0,578.0,40.0,1.0,123.0,0.0,860.0,0.0,0.0,2969.0,2689.0,5460.0,4550.0,4517.0,236.0,5.0,5.0,178.0,178.0,6004947
CENTRE VAL DE LOIRE,2022-08-05 12:30:00,2022,217,12:30:00,217.52,15.0,7973.0,194.0,469.0,1.0,57.0,0.0,-6834.0,0.0,0.0,229.0,229.0,11630.0,10836.0,1482.0,766.0,92.0,92.0,90.0,90.0,2572916
ILE DE FRANCE,2022-08-13 07:30:00,2022,225,07:30:00,225.31,0.0,0.0,44.0,5.0,5.0,146.0,0.0,4470.0,0.0,0.0,2171.0,2030.0,0.0,0.0,148.0,227.0,20.0,20.0,314.0,314.0,12354286
BOURGOGNE FRANCHE COMTE,2013-10-16 09:00:00,2013,289,09:00:00,289.38,36.0,0.0,0.0,5.0,136.0,11.0,0.0,2658.0,0.0,0.0,301.0,301.0,0.0,0.0,204.0,240.0,490.0,490.0,25.0,25.0,2819783
NORMANDIE,2016-08-31 11:30:00,2016,244,11:30:00,244.48,382.0,5119.0,12.0,64.0,21.0,52.0,0.0,-2642.0,0.0,0.0,773.0,226.0,10640.0,9310.0,598.0,219.0,31.0,31.0,96.0,96.0,3335929
PAYS DE LA LOIRE,2016-04-30 09:30:00,2016,121,09:30:00,121.4,14.0,0.0,220.0,50.0,5.0,36.0,0.0,3075.0,0.0,0.0,1880.0,1337.0,0.0,0.0,649.0,466.0,8.0,8.0,62.0,62.0,3737632
AUVERGNE RHONE ALPES,2017-08-25 00:00:00,2017,237,00:00:00,237.0,22.0,11029.0,117.0,0.0,1483.0,101.0,-19.0,-6412.0,0.0,0.0,985.0,985.0,13570.0,12637.0,486.0,962.0,11246.0,11055.0,178.0,178.0,7948287
PROVENCE ALPES COTE D AZUR,2022-08-03 08:00:00,2022,215,08:00:00,215.33,787.0,0.0,7.0,164.0,688.0,79.0,0.0,2561.0,0.0,0.0,2724.0,2407.0,0.0,0.0,96.0,1866.0,3267.0,3170.0,357.0,357.0,5150362
HAUTS DE FRANCE,2021-11-20 06:00:00,2021,324,06:00:00,324.25,1923.0,3508.0,270.0,0.0,2.0,118.0,0.0,-698.0,0.0,0.0,2990.0,2990.0,5460.0,4550.0,5609.0,434.0,5.0,5.0,190.0,190.0,5995292
AUVERGNE RHONE ALPES,2020-10-13 16:30:00,2020,287,16:30:00,287.69,394.0,9872.0,79.0,167.0,2444.0,98.0,-324.0,-4832.0,0.0,0.0,1035.0,1035.0,13570.0,12656.0,700.0,1328.0,11751.0,11564.0,194.0,194.0,8078652
NOUVELLE AQUITAINE,2017-10-15 11:30:00,2017,288,11:30:00,288.48,83.0,6624.0,199.0,981.0,121.0,188.0,0.0,-4322.0,0.0,0.0,465.0,465.0,6630.0,6630.0,842.0,2044.0,1780.0,1670.0,307.0,307.0,5956978
PAYS DE LA LOIRE,2022-10-25 02:00:00,2022,298,02:00:00,298.08,176.0,0.0,331.0,0.0,0.0,63.0,0.0,1903.0,0.0,0.0,2068.0,1778.0,0.0,0.0,1684.0,923.0,10.0,10.0,80.0,80.0,3878839
BOURGOGNE FRANCHE COMTE,2013-12-21 22:00:00,2013,355,22:00:00,355.92,103.0,0.0,99.0,0.0,93.0,16.0,0.0,2518.0,0.0,0.0,313.0,313.0,0.0,0.0,216.0,241.0,490.0,490.0,25.0,25.0,2819783
CENTRE VAL DE LOIRE,2015-06-12 05:30:00,2015,163,05:30:00,163.23,1.0,10132.0,139.0,0.0,1.0,43.0,0.0,-8741.0,0.0,0.0,166.0,166.0,11630.0,10715.0,832.0,236.0,91.0,91.0,71.0,71.0,2578592
PROVENCE ALPES COTE D AZUR,2020-07-14 15:00:00,2020,196,15:00:00,196.62,1213.0,0.0,3.0,856.0,873.0,84.0,0.0,1307.0,0.0,0.0,2710.0,2297.0,0.0,0.0,48.0,1476.0,3261.0,3163.0,357.0,207.0,5098666
PROVENCE ALPES COTE D AZUR,2018-11-11 00:30:00,2018,315,00:30:00,315.02,200.0,0.0,31.0,0.0,1012.0,96.0,0.0,2966.0,0.0,0.0,2668.0,2362.0,0.0,0.0,48.0,1306.0,3233.0,3109.0,357.0,207.0,5052832
PROVENCE ALPES COTE D AZUR,2013-01-31 12:00:00,2013,31,12:00:00,31.5,926.0,0.0,3.0,235.0,2145.0,71.0,0.0,2363.0,0.0,0.0,2590.0,2528.0,0.0,0.0,45.0,669.0,3158.0,3158.0,149.0,149.0,4953675
BOURGOGNE FRANCHE COMTE,2017-09-28 09:30:00,2017,271,09:30:00,271.4,23.0,0.0,155.0,33.0,93.0,17.0,0.0,2326.0,0.0,0.0,331.0,331.0,0.0,0.0,647.0,271.0,519.0,519.0,34.0,34.0,2811423
BOURGOGNE FRANCHE COMTE,2019-11-18 20:00:00,2019,322,20:00:00,322.83,164.0,0.0,172.0,0.0,315.0,25.0,0.0,2585.0,0.0,0.0,401.0,401.0,0.0,0.0,849.0,342.0,521.0,387.0,68.0,68.0,2805580
NOUVELLE AQUITAINE,2018-08-06 05:30:00,2018,218,05:30:00,218.23,27.0,5520.0,95.0,-1.0,59.0,182.0,0.0,-2269.0,0.0,0.0,485.0,485.0,6630.0,6081.0,947.0,2383.0,1781.0,1667.0,316.0,316.0,5979778
OCCITANIE,2014-02-18 11:00:00,2014,49,11:00:00,49.46,65.0,2593.0,78.0,176.0,3423.0,88.0,-16.0,-777.0,0.0,0.0,251.0,251.0,2620.0,2620.0,889.0,1214.0,5398.0,5398.0,127.0,127.0,5730753
ILE DE FRANCE,2018-02-23 06:30:00,2018,54,06:30:00,54.27,539.0,0.0,33.0,0.0,0.0,158.0,0.0,10387.0,0.0,0.0,2157.0,2157.0,0.0,0.0,88.0,122.0,20.0,20.0,306.0,306.0,12213447
HAUTS DE FRANCE,2016-10-16 15:30:00,2016,290,15:30:00,290.65,750.0,2695.0,429.0,73.0,1.0,86.0,0.0,548.0,0.0,0.0,2872.0,2589.0,5460.0,4550.0,3169.0,214.0,5.0,5.0,164.0,164.0,6006870
NOUVELLE AQUITAINE,2019-03-11 12:30:00,2019,70,12:30:00,70.52,215.0,6478.0,289.0,1363.0,445.0,199.0,0.0,-3121.0,0.0,0.0,538.0,538.0,6630.0,6529.0,975.0,2455.0,1781.0,1676.0,319.0,319.0,6010289
GRAND EST,2018-07-24 20:00:00,2018,205,20:00:00,205.83,1455.0,7985.0,39.0,60.0,1107.0,105.0,0.0,-5903.0,0.0,0.0,3471.0,2980.0,10820.0,9501.0,3143.0,557.0,2300.0,1955.0,158.0,158.0,5550389
AUVERGNE RHONE ALPES,2016-12-31 08:30:00,2016,366,08:30:00,366.35,528.0,9566.0,86.0,0.0,1805.0,128.0,-818.0,-2111.0,0.0,0.0,984.0,984.0,13570.0,12718.0,425.0,936.0,11233.0,10974.0,177.0,177.0,7916889
AUVERGNE RHONE ALPES,2019-05-09 07:30:00,2019,129,07:30:00,129.31,321.0,7915.0,344.0,20.0,4333.0,126.0,-6.0,-5279.0,0.0,0.0,1027.0,1027.0,13570.0,12662.0,607.0,1151.0,11247.0,11089.0,189.0,189.0,8042936
NOUVELLE AQUITAINE,2017-09-14 06:00:00,2017,257,06:00:00,257.25,44.0,4607.0,258.0,-1.0,166.0,160.0,0.0,-1575.0,0.0,0.0,465.0,465.0,6630.0,5652.0,814.0,2016.0,1780.0,1670.0,306.0,306.0,5956978
BRETAGNE,2015-06-03 02:30:00,2015,154,02:30:00,154.1,0.0,0.0,124.0,0.0,198.0,30.0,-1.0,1633.0,0.0,0.0,724.0,639.0,0.0,0.0,801.0,220.0,272.0,272.0,55.0,55.0,3293850
OCCITANIE,2014-06-07 12:30:00,2014,158,12:30:00,158.52,-5.0,1214.0,401.0,637.0,1390.0,72.0,-298.0,136.0,0.0,0.0,251.0,251.0,2620.0,2620.0,906.0,1253.0,5409.0,5409.0,128.0,128.0,5730753
AUVERGNE RHONE ALPES,2019-10-31 09:00:00,2019,304,09:00:00,304.38,452.0,9879.0,50.0,35.0,3216.0,117.0,-6.0,-6220.0,0.0,0.0,1032.0,1032.0,13570.0,12608.0,635.0,1205.0,11632.0,11433.0,191.0,191.0,8042936
GRAND EST,2014-02-22 00:30:00,2014,53,00:30:00,53.02,200.0,10712.0,1025.0,0.0,909.0,85.0,0.0,-7168.0,0.0,0.0,3398.0,3043.0,10820.0,10820.0,1999.0,509.0,2283.0,2283.0,94.0,94.0,5554645
CENTRE VAL DE LOIRE,2017-01-20 08:00:00,2017,20,08:00:00,20.33,122.0,11730.0,313.0,0.0,38.0,53.0,0.0,-8138.0,0.0,0.0,198.0,198.0,11630.0,11630.0,917.0,262.0,91.0,91.0,74.0,74.0,2576252
NORMANDIE,2020-07-15 09:30:00,2020,197,09:30:00,197.4,223.0,3732.0,60.0,39.0,34.0,64.0,0.0,-1410.0,0.0,0.0,838.0,258.0,10640.0,9310.0,819.0,265.0,31.0,31.0,111.0,111.0,3325522
BRETAGNE,2014-03-05 04:00:00,2014,64,04:00:00,64.17,80.0,0.0,67.0,0.0,222.0,32.0,-1.0,2505.0,0.0,0.0,688.0,688.0,0.0,0.0,747.0,209.0,251.0,251.0,50.0,50.0,3276543
BRETAGNE,2016-08-25 05:00:00,2016,238,05:00:00,238.21,1.0,0.0,51.0,0.0,150.0,39.0,-1.0,1352.0,0.0,0.0,771.0,686.0,0.0,0.0,877.0,229.0,275.0,275.0,56.0,56.0,3306529
NOUVELLE AQUITAINE,2019-09-17 05:30:00,2019,260,05:30:00,260.23,19.0,5589.0,252.0,0.0,21.0,181.0,0.0,-2737.0,0.0,0.0,538.0,538.0,6630.0,5720.0,1017.0,2573.0,1782.0,1677.0,319.0,319.0,6010289
NOUVELLE AQUITAINE,2013-12-29 21:00:00,2013,363,21:00:00,363.88,77.0,4235.0,73.0,0.0,382.0,112.0,0.0,952.0,0.0,0.0,421.0,421.0,6630.0,6630.0,381.0,1023.0,1760.0,1760.0,214.0,214.0,5844177
BOURGOGNE FRANCHE COMTE,2013-08-06 15:30:00,2013,218,15:30:00,218.65,24.0,0.0,0.0,77.0,35.0,12.0,0.0,1829.0,0.0,0.0,301.0,301.0,0.0,0.0,204.0,240.0,480.0,480.0,25.0,25.0,2819783
ILE DE FRANCE,2022-04-29 12:30:00,2022,119,12:30:00,119.52,0.0,0.0,15.0,81.0,8.0,120.0,0.0,7591.0,0.0,0.0,2171.0,2027.0,0.0,0.0,148.0,218.0,20.0,20.0,314.0,314.0,12354286
NOUVELLE AQUITAINE,2021-03-23 03:30:00,2021,82,03:30:00,82.15,198.0,4278.0,327.0,0.0,239.0,126.0,0.0,296.0,0.0,0.0,578.0,578.0,6630.0,6630.0,1227.0,3016.0,1783.0,1783.0,353.0,353.0,6069352
BOURGOGNE FRANCHE COMTE,2018-01-12 23:30:00,2018,12,23:30:00,12.98,159.0,0.0,43.0,0.0,101.0,29.0,0.0,2594.0,0.0,0.0,356.0,356.0,0.0,0.0,676.0,304.0,520.0,366.0,35.0,35.0,2807807
NOUVELLE AQUITAINE,2016-03-23 01:30:00,2016,83,01:30:00,83.06,150.0,5195.0,229.0,-1.0,471.0,170.0,0.0,-592.0,0.0,0.0,429.0,429.0,6630.0,5679.0,559.0,1841.0,1778.0,1673.0,279.0,279.0,5935603
CENTRE VAL DE LOIRE,2018-02-25 20:00:00,2018,56,20:00:00,56.83,116.0,10377.0,598.0,0.0,34.0,60.0,0.0,-7999.0,0.0,0.0,216.0,216.0,11630.0,10910.0,996.0,284.0,91.0,91.0,76.0,76.0,2572853
NOUVELLE AQUITAINE,2019-10-31 14:30:00,2019,304,14:30:00,304.6,93.0,5749.0,276.0,793.0,248.0,158.0,0.0,-2231.0,0.0,0.0,555.0,555.0,6630.0,5720.0,1029.0,2600.0,1782.0,1673.0,340.0,340.0,6010289
AUVERGNE RHONE ALPES,2013-04-11 13:00:00,2013,101,13:00:00,101.54,47.0,10185.0,88.0,100.0,5509.0,50.0,-3.0,-7101.0,0.0,0.0,919.0,919.0,13570.0,12690.0,335.0,713.0,11115.0,11115.0,106.0,106.0,7757595
HAUTS DE FRANCE,2022-07-31 09:30:00,2022,212,09:30:00,212.4,1300.0,2688.0,1050.0,55.0,0.0,110.0,0.0,-1249.0,0.0,0.0,2996.0,2903.0,5460.0,4550.0,5821.0,448.0,6.0,6.0,197.0,197.0,5990765
CENTRE VAL DE LOIRE,2018-12-03 23:30:00,2018,337,23:30:00,337.98,76.0,7968.0,509.0,0.0,1.0,56.0,0.0,-6300.0,0.0,0.0,228.0,228.0,11630.0,10642.0,1066.0,304.0,91.0,91.0,84.0,84.0,2572853
GRAND EST,2018-05-20 05:30:00,2018,140,05:30:00,140.23,51.0,8571.0,812.0,0.0,1172.0,92.0,-359.0,-6848.0,0.0,0.0,3471.0,2997.0,10820.0,9520.0,3084.0,555.0,2300.0,1977.0,156.0,156.0,5550389
HAUTS DE FRANCE,2022-03-14 13:30:00,2022,73,13:30:00,73.56,1896.0,3352.0,185.0,196.0,3.0,118.0,0.0,412.0,0.0,0.0,2990.0,2990.0,5460.0,4624.0,5729.0,440.0,6.0,6.0,190.0,190.0,5990765
CENTRE VAL DE LOIRE,2016-12-02 19:30:00,2016,337,19:30:00,337.81,83.0,10744.0,169.0,0.0,9.0,54.0,0.0,-7807.0,0.0,0.0,198.0,198.0,11630.0,10740.0,917.0,261.0,91.0,91.0,71.0,71.0,2577866
AUVERGNE RHONE ALPES,2021-10-05 19:00:00,2021,278,19:00:00,278.79,19.0,8492.0,229.0,17.0,4113.0,101.0,-5.0,-5630.0,0.0,0.0,1047.0,1047.0,13570.0,12690.0,723.0,1548.0,11775.0,11632.0,208.0,208.0,8114361
PAYS DE LA LOIRE,2018-08-02 20:30:00,2018,214,20:30:00,214.85,607.0,0.0,39.0,27.0,0.0,35.0,0.0,1963.0,0.0,0.0,1976.0,1722.0,0.0,0.0,814.0,548.0,8.0,8.0,70.0,70.0,3781423
NORMANDIE,2019-08-29 01:30:00,2019,241,01:30:00,241.06,341.0,5084.0,51.0,0.0,10.0,57.0,0.0,-3106.0,0.0,0.0,833.0,253.0,10640.0,9310.0,806.0,258.0,31.0,31.0,107.0,107.0,3325032
NORMANDIE,2020-09-01 12:30:00,2020,245,12:30:00,245.52,651.0,3694.0,14.0,109.0,11.0,60.0,0.0,-1559.0,0.0,0.0,838.0,838.0,10640.0,9395.0,819.0,266.0,31.0,31.0,113.0,113.0,3325522
ILE DE FRANCE,2022-06-20 18:30:00,2022,171,18:30:00,171.77,0.0,0.0,27.0,46.0,5.0,127.0,0.0,7068.0,0.0,0.0,2171.0,2014.0,0.0,0.0,148.0,226.0,20.0,20.0,314.0,314.0,12354286
NOUVELLE AQUITAINE,2016-12-12 20:00:00,2016,347,20:00:00,347.83,231.0,5227.0,37.0,-1.0,413.0,151.0,0.0,533.0,0.0,0.0,450.0,450.0,6630.0,5135.0,696.0,1919.0,1779.0,1779.0,293.0,293.0,5935603
CENTRE VAL DE LOIRE,2019-06-13 12:00:00,2019,164,12:00:00,164.5,0.0,8314.0,311.0,124.0,11.0,59.0,0.0,-6834.0,0.0,0.0,229.0,229.0,11630.0,10675.0,1160.0,315.0,91.0,91.0,85.0,85.0,2573180
NORMANDIE,2016-04-08 11:00:00,2016,99,11:00:00,99.46,235.0,7498.0,12.0,35.0,21.0,41.0,0.0,-4579.0,0.0,0.0,773.0,773.0,10640.0,9778.0,563.0,217.0,31.0,31.0,95.0,95.0,3335929
CENTRE VAL DE LOIRE,2016-08-22 06:30:00,2016,235,06:30:00,235.27,0.0,7156.0,16.0,0.0,0.0,61.0,0.0,-5790.0,0.0,0.0,170.0,170.0,11630.0,10678.0,896.0,259.0,91.0,91.0,71.0,71.0,2577866
NOUVELLE AQUITAINE,2019-10-29 18:30:00,2019,302,18:30:00,302.77,54.0,5767.0,26.0,0.0,537.0,155.0,0.0,-1343.0,0.0,0.0,555.0,555.0,6630.0,5720.0,1029.0,2599.0,1782.0,1673.0,340.0,340.0,6010289
GRAND EST,2018-03-10 20:30:00,2018,69,20:30:00,69.85,207.0,9974.0,993.0,0.0,1180.0,98.0,0.0,-7153.0,0.0,0.0,3471.0,3471.0,10820.0,9758.0,3053.0,553.0,2300.0,2072.0,146.0,146.0,5550389
HAUTS DE FRANCE,2013-01-09 22:30:00,2013,9,22:30:00,9.94,983.0,4895.0,8.0,0.0,1.0,77.0,0.0,974.0,0.0,0.0,2268.0,2268.0,5460.0,5460.0,2084.0,209.0,4.0,4.0,122.0,122.0,5987883
GRAND EST,2022-12-27 02:30:00,2022,361,02:30:00,361.1,171.0,4291.0,1207.0,0.0,1107.0,135.0,-515.0,-1992.0,0.0,0.0,3615.0,3169.0,10820.0,9731.0,4536.0,1133.0,2308.0,2106.0,237.0,237.0,5563889
OCCITANIE,2019-11-14 16:00:00,2019,318,16:00:00,318.67,77.0,1277.0,143.0,85.0,2733.0,90.0,-16.0,1350.0,0.0,0.0,307.0,307.0,2620.0,1310.0,1570.0,2149.0,5489.0,5312.0,146.0,146.0,5933185
BOURGOGNE FRANCHE COMTE,2013-11-09 04:00:00,2013,313,04:00:00,313.17,127.0,0.0,44.0,0.0,94.0,15.0,0.0,1708.0,0.0,0.0,313.0,313.0,0.0,0.0,204.0,240.0,490.0,490.0,25.0,25.0,2819783
GRAND EST,2018-12-04 22:00:00,2018,338,22:00:00,338.92,2231.0,12507.0,82.0,0.0,754.0,114.0,-179.0,-9809.0,0.0,0.0,3531.0,3531.0,10820.0,9940.0,3325.0,561.0,2301.0,2006.0,161.0,161.0,5550389
BOURGOGNE FRANCHE COMTE,2020-08-13 18:30:00,2020,226,18:30:00,226.77,23.0,0.0,265.0,41.0,17.0,30.0,0.0,1580.0,0.0,0.0,401.0,401.0,0.0,0.0,877.0,357.0,521.0,521.0,70.0,70.0,2801695
BOURGOGNE FRANCHE COMTE,2016-04-03 17:30:00,2016,94,17:30:00,94.73,32.0,0.0,175.0,34.0,78.0,23.0,-2.0,1566.0,0.0,0.0,329.0,329.0,0.0,0.0,414.0,264.0,513.0,513.0,30.0,30.0,2818338
AUVERGNE RHONE ALPES,2015-01-03 06:30:00,2015,3,06:30:00,3.27,205.0,11521.0,104.0,0.0,1605.0,90.0,-1316.0,-4077.0,0.0,0.0,940.0,940.0,13570.0,13210.0,357.0,855.0,11165.0,10901.0,141.0,141.0,7877698
NOUVELLE AQUITAINE,2020-11-04 04:00:00,2020,309,04:00:00,309.17,193.0,4883.0,16.0,1.0,171.0,141.0,0.0,-980.0,0.0,0.0,576.0,576.0,6630.0,5486.0,1183.0,2769.0,1783.0,1678.0,347.0,347.0,6033952
HAUTS DE FRANCE,2020-07-22 08:00:00,2020,204,08:00:00,204.33,925.0,3461.0,465.0,19.0,1.0,109.0,0.0,17.0,0.0,0.0,2983.0,2697.0,5460.0,4550.0,5120.0,244.0,5.0,5.0,181.0,181.0,5997734
CENTRE VAL DE LOIRE,2018-10-21 18:30:00,2018,294,18:30:00,294.77,13.0,6827.0,156.0,11.0,0.0,66.0,0.0,-5639.0,0.0,0.0,222.0,222.0,11630.0,10658.0,1060.0,302.0,91.0,91.0,84.0,84.0,2572853
BOURGOGNE FRANCHE COMTE,2014-12-20 13:30:00,2014,354,13:30:00,354.56,101.0,0.0,75.0,13.0,68.0,22.0,0.0,2136.0,0.0,0.0,325.0,80.0,0.0,0.0,344.0,253.0,510.0,510.0,28.0,28.0,2820623
AUVERGNE RHONE ALPES,2022-02-16 08:30:00,2022,47,08:30:00,47.35,215.0,10081.0,334.0,10.0,3571.0,132.0,-8.0,-4136.0,0.0,0.0,1048.0,992.0,13570.0,12660.0,723.0,1643.0,11780.0,11647.0,208.0,208.0,8155762
OCCITANIE,2013-05-15 23:00:00,2013,135,23:00:00,135.96,-2.0,2511.0,359.0,0.0,2107.0,70.0,-8.0,-570.0,0.0,0.0,245.0,245.0,2620.0,2620.0,861.0,1055.0,5379.0,5379.0,126.0,126.0,5683878
GRAND EST,2019-10-28 15:30:00,2019,301,15:30:00,301.65,1730.0,11106.0,741.0,78.0,815.0,111.0,0.0,-9042.0,0.0,0.0,3531.0,3531.0,10820.0,9730.0,3477.0,604.0,2303.0,2090.0,174.0,174.0,5556219
ILE DE FRANCE,2015-03-08 09:30:00,2015,67,09:30:00,67.4,407.0,0.0,1.0,18.0,4.0,127.0,0.0,8282.0,0.0,0.0,2144.0,1894.0,0.0,0.0,37.0,112.0,19.0,19.0,286.0,286.0,12082144
PROVENCE ALPES COTE D AZUR,2017-09-23 21:00:00,2017,266,21:00:00,266.88,802.0,0.0,0.0,0.0,772.0,111.0,0.0,2331.0,0.0,0.0,2630.0,2260.0,0.0,0.0,48.0,1167.0,3221.0,3097.0,354.0,354.0,5030890
CENTRE VAL DE LOIRE,2021-03-25 17:30:00,2021,84,17:30:00,84.73,85.0,7852.0,127.0,86.0,28.0,59.0,0.0,-6303.0,0.0,0.0,229.0,229.0,11630.0,11630.0,1288.0,486.0,92.0,92.0,88.0,88.0,2573303
NORMANDIE,2015-01-24 10:00:00,2015,24,10:00:00,24.42,457.0,10440.0,290.0,12.0,15.0,62.0,0.0,-6849.0,0.0,0.0,761.0,181.0,10640.0,10640.0,496.0,214.0,24.0,24.0,91.0,91.0,3339131
PROVENCE ALPES COTE D AZUR,2014-05-29 00:00:00,2014,149,00:00:00,149.0,143.0,0.0,1.0,0.0,1653.0,49.0,0.0,2594.0,0.0,0.0,2592.0,2268.0,0.0,0.0,45.0,833.0,3165.0,3165.0,170.0,170.0,4983438
PAYS DE LA LOIRE,2020-12-04 02:00:00,2020,339,02:00:00,339.08,1277.0,0.0,489.0,0.0,3.0,46.0,0.0,1921.0,0.0,0.0,2054.0,2054.0,0.0,0.0,1046.0,680.0,10.0,10.0,77.0,77.0,3832120
HAUTS DE FRANCE,2019-05-15 11:00:00,2019,135,11:00:00,135.46,908.0,3561.0,183.0,95.0,1.0,103.0,0.0,928.0,0.0,0.0,2969.0,2752.0,5460.0,4550.0,4467.0,236.0,5.0,5.0,178.0,178.0,6004947
OCCITANIE,2016-06-21 21:30:00,2016,173,21:30:00,173.9,0.0,2438.0,17.0,2.0,1880.0,83.0,0.0,-938.0,0.0,0.0,266.0,266.0,2620.0,2420.0,1098.0,1601.0,5462.0,5235.0,139.0,139.0,5808435
BOURGOGNE FRANCHE COMTE,2013-01-19 19:30:00,2013,19,19:30:00,19.81,238.0,0.0,63.0,0.0,220.0,14.0,0.0,2908.0,0.0,0.0,289.0,289.0,0.0,0.0,204.0,226.0,479.0,479.0,24.0,24.0,2819783
AUVERGNE RHONE ALPES,2016-11-22 10:00:00,2016,327,10:00:00,327.42,674.0,6951.0,86.0,29.0,3787.0,126.0,-6.0,-2527.0,0.0,0.0,982.0,982.0,13570.0,12665.0,399.0,932.0,11229.0,11006.0,177.0,177.0,7916889
BOURGOGNE FRANCHE COMTE,2020-02-29 00:30:00,2020,60,00:30:00,60.02,132.0,0.0,544.0,0.0,242.0,52.0,0.0,1634.0,0.0,0.0,401.0,401.0,0.0,0.0,877.0,346.0,521.0,521.0,69.0,69.0,2801695
HAUTS DE FRANCE,2018-12-10 22:00:00,2018,344,22:00:00,344.92,2084.0,5453.0,280.0,0.0,2.0,119.0,0.0,-1212.0,0.0,0.0,2969.0,2384.0,5460.0,5460.0,4285.0,234.0,5.0,5.0,177.0,177.0,6004108
CENTRE VAL DE LOIRE,2016-07-23 18:30:00,2016,205,18:30:00,205.77,0.0,5473.0,99.0,63.0,5.0,51.0,0.0,-4105.0,0.0,0.0,170.0,170.0,11630.0,10661.0,886.0,258.0,91.0,91.0,71.0,71.0,2577866
BOURGOGNE FRANCHE COMTE,2020-11-14 03:00:00,2020,319,03:00:00,319.12,159.0,0.0,165.0,0.0,24.0,50.0,0.0,1649.0,0.0,0.0,401.0,401.0,0.0,0.0,889.0,391.0,523.0,523.0,71.0,71.0,2801695
AUVERGNE RHONE ALPES,2014-04-08 16:00:00,2014,98,16:00:00,98.67,31.0,8102.0,76.0,255.0,3015.0,63.0,-330.0,-3544.0,0.0,0.0,938.0,938.0,13570.0,13570.0,347.0,802.0,11136.0,11136.0,140.0,140.0,7820966
GRAND EST,2017-06-23 04:00:00,2017,174,04:00:00,174.17,986.0,9766.0,266.0,0.0,709.0,69.0,-360.0,-7054.0,0.0,0.0,3453.0,3034.0,10820.0,9730.0,2914.0,543.0,2298.0,2005.0,140.0,140.0,5549586
BRETAGNE,2016-02-27 07:00:00,2016,58,07:00:00,58.29,156.0,0.0,244.0,0.0,16.0,34.0,-1.0,2657.0,0.0,0.0,771.0,771.0,0.0,0.0,829.0,225.0,275.0,275.0,56.0,56.0,3306529
BRETAGNE,2022-04-05 09:30:00,2022,95,09:30:00,95.4,638.0,0.0,115.0,13.0,5.0,44.0,-1.0,2584.0,0.0,0.0,1432.0,1347.0,0.0,0.0,1179.0,364.0,272.0,272.0,82.0,82.0,3414637
GRAND EST,2015-09-22 05:30:00,2015,265,05:30:00,265.23,266.0,6826.0,803.0,0.0,548.0,59.0,-517.0,-3692.0,0.0,0.0,3420.0,3199.0,10820.0,9468.0,2504.0,525.0,2285.0,2083.0,119.0,119.0,5559051
PAYS DE LA LOIRE,2013-03-07 11:00:00,2013,66,11:00:00,66.46,1240.0,0.0,42.0,76.0,2.0,39.0,0.0,2545.0,0.0,0.0,1837.0,1837.0,0.0,0.0,466.0,388.0,5.0,5.0,57.0,57.0,3660852
AUVERGNE RHONE ALPES,2017-01-12 17:30:00,2017,12,17:30:00,12.73,668.0,10696.0,261.0,0.0,2538.0,114.0,-324.0,-3248.0,0.0,0.0,984.0,984.0,13570.0,12711.0,425.0,936.0,11233.0,10984.0,177.0,177.0,7948287
CENTRE VAL DE LOIRE,2016-09-20 05:00:00,2016,264,05:00:00,264.21,0.0,7373.0,41.0,0.0,1.0,56.0,0.0,-6156.0,0.0,0.0,170.0,170.0,11630.0,10678.0,896.0,259.0,91.0,91.0,71.0,71.0,2577866
GRAND EST,2022-05-03 23:00:00,2022,123,23:00:00,123.96,1314.0,5033.0,1262.0,0.0,984.0,155.0,0.0,-4130.0,0.0,0.0,3590.0,3163.0,10820.0,9709.0,4263.0,1006.0,2306.0,1952.0,235.0,235.0,5563889
NOUVELLE AQUITAINE,2020-01-23 15:00:00,2020,23,15:00:00,23.62,232.0,5582.0,261.0,275.0,863.0,165.0,0.0,-481.0,0.0,0.0,571.0,571.0,6630.0,5558.0,1089.0,2619.0,1783.0,1678.0,340.0,340.0,6033952
BOURGOGNE FRANCHE COMTE,2022-02-05 22:30:00,2022,36,22:30:00,36.94,166.0,0.0,485.0,0.0,112.0,51.0,0.0,2018.0,0.0,0.0,401.0,401.0,0.0,0.0,1034.0,498.0,524.0,524.0,74.0,74.0,2797366
CENTRE VAL DE LOIRE,2013-09-11 21:30:00,2013,254,21:30:00,254.9,6.0,6311.0,75.0,0.0,0.0,22.0,0.0,-4538.0,0.0,0.0,162.0,162.0,11630.0,11630.0,717.0,212.0,91.0,91.0,56.0,56.0,2570548
PROVENCE ALPES COTE D AZUR,2016-10-08 21:00:00,2016,282,21:00:00,282.88,1993.0,0.0,21.0,0.0,458.0,90.0,0.0,1516.0,0.0,0.0,2614.0,2369.0,0.0,0.0,48.0,1048.0,3192.0,3192.0,354.0,354.0,5021928
CENTRE VAL DE LOIRE,2014-05-12 19:30:00,2014,132,19:30:00,132.81,1.0,8310.0,108.0,14.0,9.0,41.0,0.0,-6330.0,0.0,0.0,162.0,162.0,11630.0,11630.0,749.0,215.0,91.0,91.0,56.0,56.0,2577435
PAYS DE LA LOIRE,2014-08-03 16:00:00,2014,215,16:00:00,215.67,8.0,0.0,68.0,180.0,2.0,36.0,0.0,1470.0,0.0,0.0,1864.0,1429.0,0.0,0.0,518.0,419.0,7.0,7.0,58.0,58.0,3690833
NOUVELLE AQUITAINE,2022-01-14 04:30:00,2022,14,04:30:00,14.19,198.0,3612.0,131.0,0.0,677.0,141.0,0.0,2234.0,0.0,0.0,578.0,578.0,6630.0,5135.0,1368.0,3460.0,1784.0,1666.0,356.0,356.0,6098051
PROVENCE ALPES COTE D AZUR,2020-04-25 12:30:00,2020,116,12:30:00,116.52,83.0,0.0,1.0,994.0,677.0,111.0,-51.0,2007.0,0.0,0.0,2710.0,2313.0,0.0,0.0,48.0,1457.0,3256.0,3256.0,357.0,207.0,5098666
BOURGOGNE FRANCHE COMTE,2021-08-02 14:30:00,2021,214,14:30:00,214.6,24.0,0.0,111.0,148.0,53.0,52.0,0.0,1525.0,0.0,0.0,401.0,401.0,0.0,0.0,969.0,459.0,524.0,524.0,72.0,72.0,2800194
OCCITANIE,2017-06-30 07:00:00,2017,181,07:00:00,181.29,3.0,2416.0,247.0,24.0,509.0,62.0,-635.0,532.0,0.0,0.0,282.0,282.0,2620.0,1710.0,1237.0,1725.0,5475.0,5248.0,140.0,140.0,5845102
CENTRE VAL DE LOIRE,2021-03-10 23:30:00,2021,69,23:30:00,69.98,88.0,8300.0,1137.0,0.0,7.0,62.0,0.0,-7039.0,0.0,0.0,229.0,229.0,11630.0,11630.0,1278.0,483.0,92.0,92.0,88.0,88.0,2573303
BOURGOGNE FRANCHE COMTE,2020-12-10 02:00:00,2020,345,02:00:00,345.08,170.0,0.0,131.0,0.0,39.0,29.0,0.0,2445.0,0.0,0.0,401.0,401.0,0.0,0.0,897.0,395.0,523.0,523.0,71.0,71.0,2801695
PROVENCE ALPES COTE D AZUR,2019-09-03 13:30:00,2019,246,13:30:00,246.56,600.0,0.0,12.0,895.0,489.0,107.0,0.0,2915.0,0.0,0.0,2674.0,2293.0,0.0,0.0,48.0,1389.0,3242.0,3080.0,357.0,207.0,5081101
PROVENCE ALPES COTE D AZUR,2015-08-14 19:00:00,2015,226,19:00:00,226.79,95.0,0.0,22.0,130.0,1130.0,79.0,0.0,3207.0,0.0,0.0,2610.0,2215.0,0.0,0.0,48.0,937.0,3168.0,3168.0,183.0,183.0,5007977
GRAND EST,2019-01-06 23:30:00,2019,6,23:30:00,6.98,1856.0,12388.0,54.0,0.0,632.0,113.0,0.0,-9154.0,0.0,0.0,3531.0,2936.0,10820.0,10048.0,3355.0,562.0,2301.0,1983.0,163.0,163.0,5556219
NOUVELLE AQUITAINE,2014-12-05 15:00:00,2014,339,15:00:00,339.62,114.0,5710.0,28.0,116.0,650.0,155.0,0.0,-349.0,0.0,0.0,427.0,427.0,6630.0,5720.0,469.0,1332.0,1774.0,1774.0,225.0,225.0,5879144
CENTRE VAL DE LOIRE,2018-12-09 08:30:00,2018,343,08:30:00,343.35,76.0,8864.0,825.0,0.0,1.0,57.0,0.0,-7647.0,0.0,0.0,228.0,228.0,11630.0,10745.0,1071.0,305.0,91.0,91.0,84.0,84.0,2572853
NOUVELLE AQUITAINE,2014-10-25 09:30:00,2014,298,09:30:00,298.4,55.0,4127.0,9.0,62.0,230.0,149.0,0.0,-316.0,0.0,0.0,421.0,421.0,6630.0,5720.0,459.0,1304.0,1772.0,1772.0,223.0,223.0,5879144
BOURGOGNE FRANCHE COMTE,2015-09-19 16:30:00,2015,262,16:30:00,262.69,21.0,0.0,39.0,58.0,41.0,18.0,-66.0,1682.0,0.0,0.0,325.0,80.0,0.0,0.0,376.0,262.0,513.0,513.0,29.0,29.0,2820940
ILE DE FRANCE,2017-08-30 20:30:00,2017,242,20:30:00,242.85,0.0,0.0,21.0,0.0,6.0,115.0,0.0,6968.0,0.0,0.0,2149.0,1852.0,0.0,0.0,88.0,117.0,19.0,19.0,301.0,301.0,12174880
NOUVELLE AQUITAINE,2013-09-24 05:30:00,2013,267,05:30:00,267.23,26.0,5606.0,54.0,0.0,56.0,118.0,0.0,-2431.0,0.0,0.0,421.0,421.0,6630.0,6630.0,364.0,997.0,1760.0,1760.0,210.0,210.0,5844177
PAYS DE LA LOIRE,2022-04-21 00:30:00,2022,111,00:30:00,111.02,25.0,0.0,82.0,0.0,3.0,59.0,0.0,2691.0,0.0,0.0,2068.0,1633.0,0.0,0.0,1137.0,833.0,10.0,10.0,80.0,80.0,3878839
ILE DE FRANCE,2015-10-23 19:30:00,2015,296,19:30:00,296.81,166.0,0.0,1.0,0.0,9.0,146.0,0.0,9643.0,0.0,0.0,2144.0,1917.0,0.0,0.0,49.0,113.0,19.0,19.0,300.0,300.0,12082144
OCCITANIE,2014-04-11 18:00:00,2014,101,18:00:00,101.75,-11.0,2422.0,28.0,238.0,1802.0,70.0,0.0,-1125.0,0.0,0.0,251.0,251.0,2620.0,2620.0,897.0,1221.0,5400.0,5400.0,127.0,127.0,5730753
NOUVELLE AQUITAINE,2021-12-07 11:30:00,2021,341,11:30:00,341.48,199.0,2744.0,923.0,243.0,1219.0,170.0,0.0,1447.0,0.0,0.0,578.0,578.0,6630.0,5135.0,1368.0,3391.0,1784.0,1784.0,356.0,356.0,6069352
CENTRE VAL DE LOIRE,2015-06-29 03:00:00,2015,180,03:00:00,180.12,1.0,7498.0,193.0,0.0,0.0,47.0,0.0,-6247.0,0.0,0.0,166.0,166.0,11630.0,10730.0,832.0,237.0,91.0,91.0,71.0,71.0,2578592
ILE DE FRANCE,2016-11-10 07:00:00,2016,315,07:00:00,315.29,872.0,0.0,14.0,0.0,10.0,141.0,0.0,8728.0,0.0,0.0,2149.0,1629.0,0.0,0.0,61.0,116.0,19.0,19.0,300.0,300.0,12117132
CENTRE VAL DE LOIRE,2018-04-25 05:00:00,2018,115,05:00:00,115.21,0.0,6334.0,270.0,0.0,2.0,59.0,0.0,-5290.0,0.0,0.0,216.0,216.0,11630.0,10734.0,1014.0,286.0,91.0,91.0,76.0,76.0,2572853
AUVERGNE RHONE ALPES,2015-01-24 06:30:00,2015,24,06:30:00,24.27,225.0,13536.0,68.0,0.0,2866.0,103.0,-1453.0,-6271.0,0.0,0.0,940.0,940.0,13570.0,13570.0,372.0,857.0,11166.0,10867.0,141.0,141.0,7877698
NOUVELLE AQUITAINE,2017-03-19 14:00:00,2017,78,14:00:00,78.58,250.0,5638.0,113.0,691.0,394.0,181.0,0.0,-2432.0,0.0,0.0,465.0,465.0,6630.0,5720.0,734.0,1932.0,1780.0,1780.0,304.0,304.0,5956978
PAYS DE LA LOIRE,2022-12-31 12:00:00,2022,365,12:00:00,365.5,113.0,0.0,1371.0,107.0,6.0,58.0,0.0,1233.0,0.0,0.0,2068.0,1850.0,0.0,0.0,1707.0,941.0,10.0,10.0,80.0,80.0,3878839
NORMANDIE,2022-09-27 01:00:00,2022,270,01:00:00,270.04,220.0,3511.0,367.0,0.0,11.0,101.0,0.0,-1802.0,0.0,0.0,852.0,852.0,10640.0,9329.0,949.0,318.0,31.0,31.0,149.0,149.0,3327604
AUVERGNE RHONE ALPES,2017-07-27 13:30:00,2017,208,13:30:00,208.56,28.0,10680.0,42.0,416.0,2687.0,114.0,-17.0,-6299.0,0.0,0.0,985.0,584.0,13570.0,12670.0,486.0,960.0,11246.0,11080.0,178.0,178.0,7948287
NOUVELLE AQUITAINE,2013-07-16 10:00:00,2013,197,10:00:00,197.42,28.0,4380.0,6.0,256.0,459.0,128.0,0.0,-185.0,0.0,0.0,421.0,421.0,6630.0,6630.0,356.0,979.0,1760.0,1760.0,210.0,210.0,5844177
PROVENCE ALPES COTE D AZUR,2017-09-15 15:30:00,2017,258,15:30:00,258.65,1016.0,0.0,4.0,143.0,326.0,117.0,0.0,2794.0,0.0,0.0,2630.0,2324.0,0.0,0.0,48.0,1163.0,3221.0,3097.0,354.0,354.0,5030890
PAYS DE LA LOIRE,2022-07-29 01:30:00,2022,210,01:30:00,210.06,63.0,0.0,165.0,0.0,0.0,60.0,0.0,2139.0,0.0,0.0,2068.0,1609.0,0.0,0.0,1662.0,865.0,10.0,10.0,80.0,80.0,3878839
OCCITANIE,2022-08-05 09:30:00,2022,217,09:30:00,217.4,0.0,289.0,233.0,723.0,993.0,89.0,0.0,2095.0,0.0,0.0,326.0,326.0,2620.0,1460.0,1593.0,3004.0,5503.0,5329.0,174.0,174.0,6067101
BOURGOGNE FRANCHE COMTE,2015-03-16 08:00:00,2015,75,08:00:00,75.33,173.0,0.0,11.0,9.0,268.0,23.0,0.0,2656.0,0.0,0.0,325.0,80.0,0.0,0.0,344.0,253.0,510.0,510.0,29.0,29.0,2820940
BRETAGNE,2019-04-05 07:30:00,2019,95,07:30:00,95.31,1.0,0.0,185.0,0.0,47.0,42.0,-1.0,3205.0,0.0,0.0,956.0,871.0,0.0,0.0,1004.0,264.0,270.0,270.0,71.0,71.0,3354854
CENTRE VAL DE LOIRE,2017-01-31 02:00:00,2017,31,02:00:00,31.08,110.0,8836.0,181.0,0.0,3.0,51.0,0.0,-6791.0,0.0,0.0,198.0,198.0,11630.0,10971.0,917.0,263.0,91.0,91.0,74.0,74.0,2576252
OCCITANIE,2014-12-22 18:30:00,2014,356,18:30:00,356.77,65.0,2604.0,19.0,0.0,2145.0,94.0,-8.0,1137.0,0.0,0.0,255.0,0.0,2620.0,2620.0,943.0,1347.0,5431.0,5204.0,132.0,132.0,5730753
ILE DE FRANCE,2020-02-28 00:30:00,2020,59,00:30:00,59.02,296.0,0.0,38.0,0.0,2.0,112.0,0.0,9369.0,0.0,0.0,2170.0,2170.0,0.0,0.0,108.0,144.0,20.0,20.0,314.0,314.0,12271794
PAYS DE LA LOIRE,2013-08-10 10:30:00,2013,222,10:30:00,222.44,0.0,0.0,6.0,120.0,0.0,32.0,0.0,2026.0,0.0,0.0,1837.0,1257.0,0.0,0.0,490.0,394.0,5.0,5.0,58.0,58.0,3660852
NOUVELLE AQUITAINE,2022-10-27 05:00:00,2022,300,05:00:00,300.21,63.0,2112.0,937.0,0.0,76.0,190.0,0.0,-551.0,0.0,0.0,579.0,579.0,6630.0,5659.0,1592.0,3808.0,1786.0,1668.0,356.0,356.0,6098051
GRAND EST,2018-02-20 14:00:00,2018,51,14:00:00,51.58,1899.0,9590.0,91.0,214.0,1020.0,94.0,0.0,-5778.0,0.0,0.0,3471.0,2876.0,10820.0,9875.0,3053.0,552.0,2300.0,2072.0,146.0,146.0,5550389
CENTRE VAL DE LOIRE,2019-01-12 13:00:00,2019,12,13:00:00,12.54,105.0,9339.0,352.0,32.0,1.0,55.0,0.0,-6826.0,0.0,0.0,228.0,228.0,11630.0,10600.0,1112.0,305.0,91.0,91.0,84.0,84.0,2573180
NOUVELLE AQUITAINE,2014-10-09 23:00:00,2014,282,23:00:00,282.96,19.0,3993.0,71.0,0.0,261.0,142.0,0.0,-54.0,0.0,0.0,421.0,421.0,6630.0,5720.0,459.0,1275.0,1772.0,1772.0,223.0,223.0,5879144
GRAND EST,2022-01-13 06:30:00,2022,13,06:30:00,13.27,2295.0,7491.0,507.0,0.0,1009.0,157.0,0.0,-4530.0,0.0,0.0,3590.0,3590.0,10820.0,9989.0,4189.0,969.0,2306.0,2104.0,211.0,211.0,5563889
AUVERGNE RHONE ALPES,2019-03-15 11:30:00,2019,74,11:30:00,74.48,187.0,10774.0,259.0,224.0,4938.0,139.0,-3.0,-6949.0,0.0,0.0,1027.0,1027.0,13570.0,12812.0,607.0,1131.0,11241.0,11042.0,189.0,189.0,8042936
PROVENCE ALPES COTE D AZUR,2020-03-29 13:30:00,2020,89,13:30:00,89.56,207.0,0.0,27.0,928.0,1402.0,112.0,-51.0,1693.0,0.0,0.0,2710.0,2382.0,0.0,0.0,48.0,1454.0,3256.0,3256.0,357.0,207.0,5098666
NORMANDIE,2017-02-27 17:30:00,2017,58,17:30:00,58.73,383.0,6427.0,548.0,8.0,14.0,42.0,0.0,-3509.0,0.0,0.0,785.0,205.0,10640.0,9310.0,622.0,220.0,31.0,31.0,97.0,97.0,3330478
BOURGOGNE FRANCHE COMTE,2016-02-17 21:00:00,2016,48,21:00:00,48.88,135.0,0.0,25.0,0.0,279.0,18.0,0.0,2862.0,0.0,0.0,329.0,329.0,0.0,0.0,414.0,264.0,513.0,513.0,29.0,29.0,2818338
PROVENCE ALPES COTE D AZUR,2020-02-12 18:00:00,2020,43,18:00:00,43.75,1930.0,0.0,5.0,6.0,2227.0,97.0,0.0,1005.0,0.0,0.0,2705.0,2376.0,0.0,0.0,48.0,1449.0,3249.0,3249.0,357.0,207.0,5098666
ILE DE FRANCE,2016-08-02 20:00:00,2016,215,20:00:00,215.83,-2.0,0.0,10.0,2.0,9.0,151.0,0.0,6556.0,0.0,0.0,2149.0,1619.0,0.0,0.0,61.0,115.0,19.0,19.0,300.0,300.0,12117132
PROVENCE ALPES COTE D AZUR,2020-02-10 23:30:00,2020,41,23:30:00,41.98,195.0,0.0,24.0,0.0,1474.0,96.0,0.0,3661.0,0.0,0.0,2705.0,2376.0,0.0,0.0,48.0,1447.0,3249.0,3249.0,357.0,207.0,5098666
ILE DE FRANCE,2021-11-02 03:00:00,2021,306,03:00:00,306.12,442.0,0.0,37.0,0.0,9.0,148.0,0.0,5580.0,0.0,0.0,2171.0,2171.0,0.0,0.0,148.0,193.0,20.0,20.0,314.0,314.0,12317279
OCCITANIE,2020-04-06 08:00:00,2020,97,08:00:00,97.33,1.0,2492.0,787.0,58.0,786.0,89.0,-36.0,-543.0,0.0,0.0,314.0,314.0,2620.0,2620.0,1579.0,2200.0,5492.0,5168.0,171.0,171.0,5973969
BOURGOGNE FRANCHE COMTE,2015-10-14 14:30:00,2015,287,14:30:00,287.6,23.0,0.0,22.0,15.0,11.0,12.0,0.0,2915.0,0.0,0.0,325.0,80.0,0.0,0.0,408.0,262.0,513.0,513.0,29.0,29.0,2820940
PROVENCE ALPES COTE D AZUR,2013-05-21 09:00:00,2013,141,09:00:00,141.38,791.0,0.0,4.0,182.0,1917.0,36.0,0.0,1551.0,0.0,0.0,2590.0,2528.0,0.0,0.0,45.0,694.0,3158.0,3158.0,151.0,151.0,4953675
OCCITANIE,2013-09-24 22:30:00,2013,267,22:30:00,267.94,-4.0,2506.0,30.0,0.0,686.0,60.0,-6.0,94.0,0.0,0.0,246.0,246.0,2620.0,2620.0,889.0,1154.0,5387.0,5387.0,126.0,126.0,5683878
GRAND EST,2013-04-24 03:00:00,2013,114,03:00:00,114.12,788.0,9762.0,9.0,0.0,1199.0,44.0,-358.0,-6682.0,0.0,0.0,3398.0,3398.0,10820.0,10820.0,1849.0,502.0,2280.0,2280.0,86.0,86.0,5552388
CENTRE VAL DE LOIRE,2014-02-12 06:00:00,2014,43,06:00:00,43.25,75.0,10161.0,306.0,0.0,70.0,49.0,0.0,-7803.0,0.0,0.0,162.0,162.0,11630.0,11630.0,739.0,214.0,91.0,91.0,56.0,56.0,2577435
PROVENCE ALPES COTE D AZUR,2015-10-09 15:30:00,2015,282,15:30:00,282.65,1296.0,0.0,3.0,328.0,1051.0,50.0,0.0,1649.0,0.0,0.0,2610.0,2080.0,0.0,0.0,48.0,962.0,3171.0,3171.0,183.0,183.0,5007977
BRETAGNE,2014-10-29 16:30:00,2014,302,16:30:00,302.69,14.0,0.0,88.0,13.0,199.0,40.0,-1.0,2127.0,0.0,0.0,703.0,703.0,0.0,0.0,781.0,217.0,272.0,272.0,52.0,52.0,3276543
PROVENCE ALPES COTE D AZUR,2013-10-05 22:30:00,2013,278,22:30:00,278.94,218.0,0.0,21.0,0.0,1045.0,46.0,0.0,2515.0,0.0,0.0,2590.0,2316.0,0.0,0.0,45.0,739.0,3159.0,3159.0,151.0,151.0,4953675
PAYS DE LA LOIRE,2013-07-01 15:00:00,2013,182,15:00:00,182.62,484.0,0.0,6.0,159.0,0.0,38.0,0.0,2328.0,0.0,0.0,1837.0,1837.0,0.0,0.0,490.0,392.0,5.0,5.0,58.0,58.0,3660852
HAUTS DE FRANCE,2022-04-03 17:00:00,2022,93,17:00:00,93.71,1101.0,2562.0,420.0,127.0,3.0,105.0,0.0,1123.0,0.0,0.0,2993.0,2856.0,5460.0,4588.0,5748.0,440.0,6.0,6.0,190.0,190.0,5990765
OCCITANIE,2021-09-23 12:00:00,2021,266,12:00:00,266.5,0.0,1246.0,5.0,1550.0,289.0,68.0,0.0,860.0,0.0,0.0,325.0,325.0,2620.0,2620.0,1593.0,2678.0,5499.0,5464.0,173.0,173.0,6022176
BOURGOGNE FRANCHE COMTE,2021-02-27 12:30:00,2021,58,12:30:00,58.52,155.0,0.0,684.0,200.0,74.0,52.0,0.0,1555.0,0.0,0.0,401.0,401.0,0.0,0.0,928.0,405.0,523.0,523.0,71.0,71.0,2800194
PROVENCE ALPES COTE D AZUR,2018-10-03 06:30:00,2018,276,06:30:00,276.27,474.0,0.0,26.0,0.0,341.0,90.0,0.0,2368.0,0.0,0.0,2666.0,2280.0,0.0,0.0,48.0,1297.0,3233.0,3086.0,357.0,227.0,5052832
NOUVELLE AQUITAINE,2022-12-28 00:30:00,2022,362,00:30:00,362.02,160.0,2001.0,571.0,0.0,177.0,196.0,0.0,1449.0,0.0,0.0,581.0,581.0,6630.0,5673.0,1644.0,3939.0,1786.0,1786.0,356.0,356.0,6098051
BRETAGNE,2014-03-07 16:30:00,2014,66,16:30:00,66.69,77.0,0.0,1.0,20.0,232.0,35.0,-1.0,2502.0,0.0,0.0,688.0,688.0,0.0,0.0,747.0,209.0,251.0,251.0,50.0,50.0,3276543
NORMANDIE,2013-08-08 08:30:00,2013,220,08:30:00,220.35,707.0,8277.0,5.0,9.0,13.0,48.0,0.0,-6529.0,0.0,0.0,761.0,761.0,10640.0,9980.0,444.0,209.0,23.0,23.0,88.0,88.0,3328364
CENTRE VAL DE LOIRE,2017-01-29 00:30:00,2017,29,00:30:00,29.02,114.0,11290.0,458.0,0.0,1.0,54.0,0.0,-8938.0,0.0,0.0,198.0,198.0,11630.0,11310.0,917.0,263.0,91.0,91.0,74.0,74.0,2576252
OCCITANIE,2017-06-20 11:30:00,2017,171,11:30:00,171.48,3.0,2428.0,53.0,859.0,1472.0,70.0,-19.0,-223.0,0.0,0.0,282.0,282.0,2620.0,1910.0,1237.0,1724.0,5475.0,5150.0,140.0,140.0,5845102
GRAND EST,2019-08-12 19:00:00,2019,224,19:00:00,224.79,684.0,5968.0,1225.0,76.0,1132.0,113.0,0.0,-5099.0,0.0,0.0,3531.0,3048.0,10820.0,9652.0,3434.0,591.0,2303.0,2032.0,172.0,172.0,5556219
PAYS DE LA LOIRE,2016-10-15 18:00:00,2016,289,18:00:00,289.75,410.0,0.0,263.0,53.0,0.0,48.0,0.0,1736.0,0.0,0.0,1880.0,1352.0,0.0,0.0,687.0,481.0,8.0,8.0,63.0,63.0,3737632
BOURGOGNE FRANCHE COMTE,2022-11-27 12:00:00,2022,331,12:00:00,331.5,133.0,0.0,230.0,123.0,99.0,55.0,0.0,1834.0,0.0,0.0,401.0,401.0,0.0,0.0,1067.0,629.0,524.0,524.0,75.0,75.0,2797366
GRAND EST,2019-07-24 19:00:00,2019,205,19:00:00,205.79,1342.0,5725.0,37.0,155.0,941.0,96.0,0.0,-3220.0,0.0,0.0,3531.0,3531.0,10820.0,9556.0,3434.0,590.0,2302.0,1922.0,172.0,172.0,5556219
HAUTS DE FRANCE,2020-02-14 11:30:00,2020,45,11:30:00,45.48,1875.0,4516.0,476.0,58.0,2.0,118.0,0.0,108.0,0.0,0.0,2970.0,2832.0,5460.0,4550.0,4957.0,241.0,5.0,5.0,180.0,180.0,5997734
OCCITANIE,2017-02-17 03:00:00,2017,48,03:00:00,48.12,67.0,2023.0,43.0,0.0,1193.0,94.0,-782.0,1878.0,0.0,0.0,282.0,282.0,2620.0,1883.0,1194.0,1697.0,5473.0,5246.0,140.0,140.0,5845102
NORMANDIE,2020-09-15 12:30:00,2020,259,12:30:00,259.52,800.0,3713.0,18.0,105.0,9.0,44.0,0.0,-1709.0,0.0,0.0,838.0,503.0,10640.0,9310.0,819.0,267.0,31.0,31.0,113.0,113.0,3325522
CENTRE VAL DE LOIRE,2022-05-20 12:00:00,2022,140,12:00:00,140.5,24.0,5751.0,579.0,326.0,1.0,58.0,0.0,-4738.0,0.0,0.0,229.0,229.0,11630.0,10760.0,1455.0,733.0,92.0,92.0,90.0,90.0,2572916
OCCITANIE,2019-07-01 02:30:00,2019,182,02:30:00,182.1,0.0,1102.0,261.0,0.0,538.0,79.0,-471.0,1840.0,0.0,0.0,307.0,307.0,2620.0,1310.0,1559.0,2067.0,5489.0,5290.0,146.0,146.0,5933185
GRAND EST,2021-05-27 06:00:00,2021,147,06:00:00,147.25,523.0,6511.0,274.0,1.0,1227.0,144.0,-6.0,-3885.0,0.0,0.0,3585.0,3172.0,10820.0,9940.0,3913.0,889.0,2305.0,2103.0,207.0,207.0,5561287
ILE DE FRANCE,2021-03-18 18:30:00,2021,77,18:30:00,77.77,404.0,0.0,14.0,2.0,9.0,136.0,0.0,9987.0,0.0,0.0,2171.0,2171.0,0.0,0.0,125.0,171.0,20.0,20.0,314.0,314.0,12317279
OCCITANIE,2017-04-05 14:30:00,2017,95,14:30:00,95.6,2.0,1274.0,847.0,905.0,1876.0,90.0,0.0,-838.0,0.0,0.0,282.0,282.0,2620.0,1310.0,1194.0,1704.0,5475.0,5077.0,140.0,140.0,5845102
PROVENCE ALPES COTE D AZUR,2021-09-08 09:00:00,2021,251,09:00:00,251.38,413.0,0.0,19.0,272.0,939.0,85.0,0.0,2481.0,0.0,0.0,2715.0,2452.0,0.0,0.0,96.0,1659.0,3266.0,3235.0,357.0,357.0,5127840
NOUVELLE AQUITAINE,2022-07-25 08:30:00,2022,206,08:30:00,206.35,35.0,1950.0,167.0,353.0,365.0,159.0,0.0,1259.0,0.0,0.0,579.0,579.0,6630.0,5676.0,1555.0,3734.0,1786.0,1657.0,356.0,356.0,6098051
PROVENCE ALPES COTE D AZUR,2019-12-30 20:00:00,2019,364,20:00:00,364.83,990.0,0.0,0.0,0.0,2030.0,106.0,0.0,3034.0,0.0,0.0,2679.0,2361.0,0.0,0.0,48.0,1430.0,3249.0,3249.0,357.0,207.0,5081101
HAUTS DE FRANCE,2017-11-16 17:00:00,2017,320,17:00:00,320.71,1543.0,4453.0,95.0,0.0,2.0,140.0,0.0,653.0,0.0,0.0,2913.0,2528.0,5460.0,4675.0,3679.0,217.0,5.0,5.0,165.0,165.0,6003815
BOURGOGNE FRANCHE COMTE,2016-07-24 20:00:00,2016,206,20:00:00,206.83,26.0,0.0,27.0,15.0,40.0,23.0,0.0,1645.0,0.0,0.0,329.0,329.0,0.0,0.0,446.0,264.0,513.0,513.0,30.0,30.0,2818338
CENTRE VAL DE LOIRE,2013-01-07 02:30:00,2013,7,02:30:00,7.1,100.0,10474.0,19.0,0.0,21.0,25.0,0.0,-8390.0,0.0,0.0,157.0,157.0,11630.0,11630.0,662.0,207.0,91.0,91.0,41.0,41.0,2570548
CENTRE VAL DE LOIRE,2014-02-02 08:30:00,2014,33,08:30:00,33.35,75.0,11174.0,336.0,0.0,18.0,53.0,0.0,-9089.0,0.0,0.0,162.0,162.0,11630.0,11630.0,739.0,214.0,91.0,91.0,56.0,56.0,2577435
CENTRE VAL DE LOIRE,2020-03-05 08:30:00,2020,65,08:30:00,65.35,103.0,8583.0,523.0,3.0,59.0,55.0,0.0,-6341.0,0.0,0.0,229.0,229.0,11630.0,10735.0,1238.0,360.0,92.0,92.0,86.0,86.0,2574863
NOUVELLE AQUITAINE,2017-04-29 18:00:00,2017,119,18:00:00,119.75,85.0,5597.0,99.0,770.0,161.0,176.0,0.0,-3036.0,0.0,0.0,465.0,465.0,6630.0,5720.0,742.0,1959.0,1780.0,1668.0,306.0,306.0,5956978
BOURGOGNE FRANCHE COMTE,2020-04-16 02:30:00,2020,107,02:30:00,107.1,22.0,0.0,329.0,0.0,19.0,47.0,0.0,1582.0,0.0,0.0,401.0,401.0,0.0,0.0,877.0,348.0,521.0,521.0,69.0,69.0,2801695
CENTRE VAL DE LOIRE,2022-01-23 15:30:00,2022,23,15:30:00,23.65,103.0,9423.0,229.0,43.0,3.0,61.0,0.0,-7001.0,0.0,0.0,229.0,229.0,11630.0,10832.0,1381.0,696.0,92.0,92.0,90.0,90.0,2572916
GRAND EST,2017-05-27 06:00:00,2017,147,06:00:00,147.25,38.0,7100.0,775.0,0.0,739.0,95.0,-189.0,-5158.0,0.0,0.0,3453.0,2858.0,10820.0,9553.0,2891.0,537.0,2298.0,2024.0,140.0,140.0,5549586
OCCITANIE,2013-01-03 19:30:00,2013,3,19:30:00,3.81,88.0,2599.0,330.0,0.0,1945.0,75.0,0.0,1260.0,0.0,0.0,245.0,245.0,2620.0,2620.0,861.0,1040.0,5368.0,5368.0,126.0,126.0,5683878
PAYS DE LA LOIRE,2014-02-18 07:00:00,2014,49,07:00:00,49.29,144.0,0.0,77.0,0.0,3.0,41.0,0.0,4042.0,0.0,0.0,1864.0,1864.0,0.0,0.0,518.0,404.0,6.0,6.0,58.0,58.0,3690833
ILE DE FRANCE,2020-08-08 18:00:00,2020,221,18:00:00,221.75,0.0,0.0,1.0,40.0,4.0,109.0,0.0,6158.0,0.0,0.0,2170.0,2057.0,0.0,0.0,108.0,168.0,20.0,20.0,314.0,314.0,12271794
PAYS DE LA LOIRE,2013-01-29 12:30:00,2013,29,12:30:00,29.52,1249.0,0.0,399.0,14.0,2.0,33.0,0.0,2777.0,0.0,0.0,1837.0,1152.0,0.0,0.0,454.0,386.0,5.0,5.0,57.0,57.0,3660852
HAUTS DE FRANCE,2019-08-11 11:00:00,2019,223,11:00:00,223.46,309.0,3295.0,429.0,45.0,0.0,133.0,0.0,-257.0,0.0,0.0,2969.0,2557.0,5460.0,4608.0,4531.0,238.0,5.0,5.0,178.0,178.0,6004947
ILE DE FRANCE,2013-06-19 14:30:00,2013,170,14:30:00,170.6,833.0,0.0,0.0,33.0,10.0,102.0,0.0,7862.0,0.0,0.0,2121.0,1942.0,0.0,0.0,37.0,109.0,19.0,19.0,265.0,265.0,11959807
AUVERGNE RHONE ALPES,2018-01-09 12:30:00,2018,9,12:30:00,9.52,604.0,12216.0,168.0,72.0,4103.0,116.0,-3.0,-7301.0,0.0,0.0,1000.0,1000.0,13570.0,12702.0,548.0,998.0,11253.0,11037.0,179.0,179.0,7994459
ILE DE FRANCE,2021-06-18 15:00:00,2021,169,15:00:00,169.62,0.0,0.0,78.0,70.0,10.0,123.0,0.0,7343.0,0.0,0.0,2171.0,2171.0,0.0,0.0,125.0,174.0,20.0,20.0,314.0,314.0,12317279
HAUTS DE FRANCE,2015-03-23 03:30:00,2015,82,03:30:00,82.15,666.0,4520.0,36.0,0.0,2.0,117.0,0.0,525.0,0.0,0.0,2301.0,2121.0,5460.0,4550.0,2701.0,213.0,5.0,5.0,159.0,159.0,6009976
AUVERGNE RHONE ALPES,2013-03-01 00:30:00,2013,60,00:30:00,60.02,280.0,11687.0,50.0,0.0,3019.0,69.0,-4.0,-5482.0,0.0,0.0,919.0,919.0,13570.0,12655.0,335.0,708.0,11115.0,11115.0,106.0,106.0,7757595
NORMANDIE,2021-07-25 11:00:00,2021,206,11:00:00,206.46,187.0,7611.0,40.0,40.0,13.0,79.0,0.0,-5737.0,0.0,0.0,852.0,852.0,10640.0,9675.0,878.0,295.0,31.0,31.0,147.0,147.0,3327966
OCCITANIE,2015-06-18 22:00:00,2015,169,22:00:00,169.92,-4.0,2507.0,489.0,0.0,1251.0,72.0,-26.0,-900.0,0.0,0.0,266.0,0.0,2620.0,2620.0,1039.0,1405.0,5454.0,5227.0,133.0,133.0,5774185
NORMANDIE,2020-09-27 22:30:00,2020,271,22:30:00,271.94,251.0,3156.0,343.0,0.0,9.0,53.0,0.0,-978.0,0.0,0.0,838.0,258.0,10640.0,9442.0,819.0,268.0,31.0,31.0,113.0,113.0,3325522
PROVENCE ALPES COTE D AZUR,2016-09-03 07:30:00,2016,247,07:30:00,247.31,75.0,0.0,2.0,9.0,388.0,107.0,0.0,2872.0,0.0,0.0,2614.0,2309.0,0.0,0.0,48.0,1046.0,3192.0,3192.0,354.0,354.0,5021928
NORMANDIE,2020-08-20 01:30:00,2020,233,01:30:00,233.06,226.0,3553.0,261.0,0.0,10.0,62.0,0.0,-1847.0,0.0,0.0,838.0,258.0,10640.0,9310.0,819.0,266.0,31.0,31.0,112.0,112.0,3325522
NOUVELLE AQUITAINE,2016-10-14 00:00:00,2016,288,00:00:00,288.0,72.0,5058.0,27.0,-1.0,144.0,82.0,0.0,-527.0,0.0,0.0,429.0,429.0,6630.0,5135.0,660.0,1912.0,1779.0,1779.0,280.0,280.0,5935603
OCCITANIE,2018-01-09 22:00:00,2018,9,22:00:00,9.92,87.0,2466.0,243.0,0.0,1696.0,94.0,-840.0,1640.0,0.0,0.0,291.0,291.0,2620.0,2620.0,1365.0,1809.0,5481.0,5321.0,145.0,145.0,5885496
BRETAGNE,2022-07-22 10:30:00,2022,203,10:30:00,203.44,515.0,0.0,197.0,85.0,40.0,48.0,-1.0,1514.0,0.0,0.0,1432.0,1298.0,0.0,0.0,1191.0,376.0,272.0,272.0,83.0,83.0,3414637
GRAND EST,2022-03-02 02:00:00,2022,61,02:00:00,61.08,2457.0,6442.0,818.0,0.0,589.0,160.0,-166.0,-4254.0,0.0,0.0,3590.0,3590.0,10820.0,9823.0,4206.0,999.0,2306.0,2104.0,212.0,212.0,5563889
GRAND EST,2020-01-25 12:30:00,2020,25,12:30:00,25.52,1921.0,10703.0,63.0,173.0,684.0,126.0,0.0,-7040.0,0.0,0.0,3535.0,3535.0,10820.0,10006.0,3575.0,609.0,2303.0,2089.0,179.0,179.0,5562651
ILE DE FRANCE,2017-01-04 10:00:00,2017,4,10:00:00,4.42,1708.0,0.0,3.0,1.0,7.0,146.0,0.0,11543.0,0.0,0.0,2149.0,1581.0,0.0,0.0,61.0,116.0,19.0,19.0,301.0,301.0,12174880
OCCITANIE,2022-04-19 08:30:00,2022,109,08:30:00,109.35,4.0,1271.0,224.0,222.0,2340.0,94.0,-37.0,-120.0,0.0,0.0,326.0,326.0,2620.0,1310.0,1593.0,2890.0,5503.0,5362.0,174.0,174.0,6067101
PAYS DE LA LOIRE,2022-04-30 16:30:00,2022,120,16:30:00,120.69,11.0,0.0,115.0,463.0,3.0,62.0,0.0,1482.0,0.0,0.0,2068.0,1656.0,0.0,0.0,1137.0,841.0,10.0,10.0,80.0,80.0,3878839
PAYS DE LA LOIRE,2014-11-22 18:00:00,2014,326,18:00:00,326.75,656.0,0.0,24.0,0.0,5.0,49.0,0.0,2360.0,0.0,0.0,1864.0,1864.0,0.0,0.0,527.0,435.0,7.0,7.0,58.0,58.0,3690833
BRETAGNE,2013-06-19 15:00:00,2013,170,15:00:00,170.62,0.0,0.0,122.0,40.0,4.0,21.0,0.0,2331.0,0.0,0.0,660.0,660.0,0.0,0.0,722.0,205.0,11.0,11.0,38.0,38.0,3258707
ILE DE FRANCE,2020-09-28 14:00:00,2020,272,14:00:00,272.58,292.0,0.0,25.0,9.0,4.0,135.0,0.0,8033.0,0.0,0.0,2170.0,2023.0,0.0,0.0,125.0,168.0,20.0,20.0,314.0,314.0,12271794
CENTRE VAL DE LOIRE,2018-05-21 11:30:00,2018,141,11:30:00,141.48,0.0,8847.0,1.0,150.0,3.0,61.0,0.0,-7395.0,0.0,0.0,216.0,216.0,11630.0,10806.0,1014.0,287.0,91.0,91.0,76.0,76.0,2572853
CENTRE VAL DE LOIRE,2019-03-16 10:30:00,2019,75,10:30:00,75.44,86.0,9521.0,713.0,43.0,3.0,56.0,0.0,-7805.0,0.0,0.0,228.0,228.0,11630.0,10808.0,1127.0,307.0,91.0,91.0,84.0,84.0,2573180
OCCITANIE,2020-09-07 14:30:00,2020,251,14:30:00,251.6,0.0,0.0,895.0,1371.0,310.0,68.0,0.0,1451.0,0.0,0.0,314.0,314.0,2620.0,1310.0,1593.0,2278.0,5494.0,5219.0,171.0,171.0,5973969
BRETAGNE,2014-06-22 08:00:00,2014,173,08:00:00,173.33,0.0,0.0,119.0,16.0,93.0,19.0,-1.0,1072.0,0.0,0.0,688.0,688.0,0.0,0.0,763.0,212.0,272.0,272.0,51.0,51.0,3276543
HAUTS DE FRANCE,2019-04-29 13:30:00,2019,119,13:30:00,119.56,963.0,3562.0,17.0,68.0,2.0,124.0,0.0,1318.0,0.0,0.0,2969.0,2384.0,5460.0,4621.0,4467.0,235.0,5.0,5.0,178.0,178.0,6004947
AUVERGNE RHONE ALPES,2015-04-29 11:00:00,2015,119,11:00:00,119.46,71.0,10377.0,14.0,353.0,4713.0,96.0,-3.0,-7228.0,0.0,0.0,944.0,944.0,13570.0,12445.0,372.0,875.0,11181.0,10875.0,141.0,141.0,7877698
AUVERGNE RHONE ALPES,2021-09-13 20:00:00,2021,256,20:00:00,256.83,392.0,8964.0,143.0,1.0,3829.0,79.0,-13.0,-6493.0,0.0,0.0,1047.0,1047.0,13570.0,12690.0,723.0,1519.0,11772.0,11631.0,208.0,208.0,8114361
NOUVELLE AQUITAINE,2017-10-13 15:30:00,2017,286,15:30:00,286.65,86.0,6628.0,6.0,1062.0,78.0,183.0,0.0,-3328.0,0.0,0.0,465.0,465.0,6630.0,6630.0,842.0,2044.0,1780.0,1633.0,307.0,307.0,5956978
NOUVELLE AQUITAINE,2022-08-03 06:00:00,2022,215,06:00:00,215.25,29.0,1274.0,121.0,0.0,81.0,182.0,0.0,2075.0,0.0,0.0,579.0,579.0,6630.0,5667.0,1555.0,3744.0,1786.0,1659.0,356.0,356.0,6098051
HAUTS DE FRANCE,2018-01-01 13:30:00,2018,1,13:30:00,1.56,546.0,2734.0,2071.0,5.0,2.0,117.0,0.0,767.0,0.0,0.0,2913.0,2913.0,5460.0,5051.0,3799.0,217.0,5.0,5.0,170.0,170.0,6004108
HAUTS DE FRANCE,2016-07-19 15:30:00,2016,201,15:30:00,201.65,1215.0,3492.0,154.0,90.0,2.0,97.0,0.0,507.0,0.0,0.0,2864.0,2727.0,5460.0,4676.0,3077.0,213.0,5.0,5.0,163.0,163.0,6006870
ILE DE FRANCE,2019-04-08 14:30:00,2019,98,14:30:00,98.6,-2.0,0.0,0.0,29.0,11.0,109.0,0.0,8532.0,0.0,0.0,2170.0,2110.0,0.0,0.0,88.0,125.0,20.0,20.0,306.0,306.0,12262544
HAUTS DE FRANCE,2018-01-30 14:00:00,2018,30,14:00:00,30.58,1668.0,5426.0,61.0,17.0,2.0,110.0,0.0,307.0,0.0,0.0,2922.0,2691.0,5460.0,4550.0,3799.0,217.0,5.0,5.0,170.0,170.0,6004108
GRAND EST,2022-09-21 17:30:00,2022,264,17:30:00,264.73,1570.0,3580.0,495.0,370.0,616.0,135.0,-164.0,-2185.0,0.0,0.0,3590.0,3163.0,10820.0,9955.0,4348.0,1097.0,2308.0,1985.0,235.0,235.0,5563889
BOURGOGNE FRANCHE COMTE,2016-05-16 18:30:00,2016,137,18:30:00,137.77,29.0,0.0,19.0,27.0,96.0,19.0,0.0,1851.0,0.0,0.0,329.0,329.0,0.0,0.0,426.0,264.0,513.0,513.0,30.0,30.0,2818338
NOUVELLE AQUITAINE,2017-01-07 23:00:00,2017,7,23:00:00,7.96,260.0,5192.0,87.0,-1.0,293.0,195.0,0.0,1797.0,0.0,0.0,452.0,452.0,6630.0,5135.0,706.0,1924.0,1780.0,1780.0,295.0,295.0,5956978
NORMANDIE,2022-02-24 06:30:00,2022,55,06:30:00,55.27,376.0,7488.0,408.0,0.0,14.0,96.0,0.0,-4404.0,0.0,0.0,852.0,852.0,10640.0,9483.0,920.0,307.0,31.0,31.0,148.0,148.0,3327604
ILE DE FRANCE,2015-05-03 12:30:00,2015,123,12:30:00,123.52,-11.0,0.0,11.0,12.0,0.0,90.0,0.0,7631.0,0.0,0.0,2144.0,1693.0,0.0,0.0,37.0,112.0,19.0,19.0,286.0,286.0,12082144
NOUVELLE AQUITAINE,2017-08-17 00:00:00,2017,229,00:00:00,229.0,45.0,4081.0,63.0,-1.0,64.0,188.0,0.0,-167.0,0.0,0.0,465.0,465.0,6630.0,5574.0,780.0,1987.0,1780.0,1670.0,306.0,306.0,5956978
CENTRE VAL DE LOIRE,2017-07-10 06:00:00,2017,191,06:00:00,191.25,0.0,7047.0,232.0,0.0,0.0,68.0,0.0,-5855.0,0.0,0.0,198.0,198.0,11630.0,10824.0,947.0,270.0,91.0,91.0,76.0,76.0,2576252
HAUTS DE FRANCE,2019-07-07 11:00:00,2019,188,11:00:00,188.46,235.0,2979.0,165.0,31.0,0.0,130.0,0.0,949.0,0.0,0.0,2969.0,2792.0,5460.0,4681.0,4531.0,237.0,5.0,5.0,178.0,178.0,6004947
AUVERGNE RHONE ALPES,2021-10-24 10:30:00,2021,297,10:30:00,297.44,63.0,11755.0,132.0,474.0,999.0,102.0,-724.0,-5842.0,0.0,0.0,1048.0,1048.0,13570.0,12669.0,723.0,1554.0,11776.0,11649.0,208.0,208.0,8114361
BRETAGNE,2014-12-01 07:00:00,2014,335,07:00:00,335.29,95.0,0.0,158.0,0.0,93.0,41.0,-1.0,2429.0,0.0,0.0,712.0,712.0,0.0,0.0,781.0,217.0,272.0,272.0,52.0,52.0,3276543
NORMANDIE,2013-06-15 11:00:00,2013,166,11:00:00,166.46,233.0,6046.0,265.0,46.0,18.0,30.0,0.0,-3992.0,0.0,0.0,761.0,761.0,10640.0,9310.0,423.0,208.0,23.0,23.0,88.0,88.0,3328364
OCCITANIE,2021-08-02 04:30:00,2021,214,04:30:00,214.19,0.0,1260.0,214.0,0.0,400.0,94.0,-460.0,1137.0,0.0,0.0,325.0,325.0,2620.0,2620.0,1593.0,2636.0,5499.0,5332.0,172.0,172.0,6022176
HAUTS DE FRANCE,2015-11-14 09:30:00,2015,318,09:30:00,318.4,579.0,4496.0,791.0,6.0,1.0,122.0,0.0,146.0,0.0,0.0,2301.0,2051.0,5460.0,4550.0,2831.0,213.0,5.0,5.0,160.0,160.0,6009976
AUVERGNE RHONE ALPES,2017-12-28 07:30:00,2017,362,07:30:00,362.31,210.0,10158.0,185.0,0.0,3109.0,139.0,-241.0,-4556.0,0.0,0.0,1000.0,599.0,13570.0,12760.0,548.0,998.0,11253.0,11057.0,179.0,179.0,7948287
GRAND EST,2018-11-29 22:30:00,2018,333,22:30:00,333.94,1453.0,11977.0,1701.0,0.0,323.0,109.0,-181.0,-9332.0,0.0,0.0,3531.0,2936.0,10820.0,9940.0,3273.0,561.0,2301.0,2006.0,161.0,161.0,5550389
BOURGOGNE FRANCHE COMTE,2017-11-06 03:00:00,2017,310,03:00:00,310.12,127.0,0.0,105.0,0.0,32.0,23.0,0.0,1957.0,0.0,0.0,343.0,343.0,0.0,0.0,676.0,272.0,520.0,520.0,35.0,35.0,2811423
AUVERGNE RHONE ALPES,2021-07-03 18:30:00,2021,184,18:30:00,184.77,217.0,9905.0,36.0,325.0,4080.0,132.0,-12.0,-8948.0,0.0,0.0,1047.0,1047.0,13570.0,12690.0,723.0,1492.0,11771.0,11624.0,208.0,208.0,8114361
PAYS DE LA LOIRE,2018-02-09 10:30:00,2018,40,10:30:00,40.44,1179.0,0.0,429.0,15.0,4.0,46.0,0.0,3553.0,0.0,0.0,1954.0,1580.0,0.0,0.0,786.0,535.0,8.0,8.0,69.0,69.0,3781423
GRAND EST,2013-11-13 02:00:00,2013,317,02:00:00,317.08,1235.0,9846.0,196.0,0.0,970.0,62.0,-534.0,-6220.0,0.0,0.0,3398.0,3113.0,10820.0,10820.0,1943.0,507.0,2281.0,2281.0,93.0,93.0,5552388
OCCITANIE,2021-03-19 06:30:00,2021,78,06:30:00,78.27,77.0,2600.0,560.0,0.0,1871.0,92.0,0.0,-22.0,0.0,0.0,318.0,318.0,2620.0,2620.0,1593.0,2492.0,5499.0,5266.0,172.0,172.0,6022176
PAYS DE LA LOIRE,2022-12-27 16:00:00,2022,361,16:00:00,361.67,130.0,0.0,435.0,66.0,6.0,56.0,0.0,2468.0,0.0,0.0,2068.0,1908.0,0.0,0.0,1707.0,940.0,10.0,10.0,80.0,80.0,3878839
BOURGOGNE FRANCHE COMTE,2021-09-03 17:30:00,2021,246,17:30:00,246.73,53.0,0.0,9.0,127.0,21.0,31.0,0.0,1942.0,0.0,0.0,401.0,401.0,0.0,0.0,969.0,462.0,524.0,524.0,72.0,72.0,2800194
NORMANDIE,2015-01-16 21:30:00,2015,16,21:30:00,16.9,419.0,10371.0,67.0,0.0,16.0,64.0,0.0,-6567.0,0.0,0.0,761.0,181.0,10640.0,10640.0,496.0,214.0,24.0,24.0,91.0,91.0,3339131
PAYS DE LA LOIRE,2017-09-29 00:00:00,2017,272,00:00:00,272.0,492.0,0.0,53.0,0.0,0.0,49.0,0.0,2293.0,0.0,0.0,1921.0,1325.0,0.0,0.0,735.0,506.0,8.0,8.0,66.0,66.0,3757600
CENTRE VAL DE LOIRE,2016-07-31 22:30:00,2016,213,22:30:00,213.94,0.0,5441.0,136.0,0.0,1.0,51.0,0.0,-4101.0,0.0,0.0,170.0,170.0,11630.0,10648.0,886.0,258.0,91.0,91.0,71.0,71.0,2577866
PROVENCE ALPES COTE D AZUR,2016-01-13 10:00:00,2016,13,10:00:00,13.42,1027.0,0.0,4.0,242.0,1071.0,85.0,0.0,3668.0,0.0,0.0,2614.0,2240.0,0.0,0.0,48.0,984.0,3178.0,3054.0,204.0,204.0,5021928
HAUTS DE FRANCE,2014-04-16 01:00:00,2014,106,01:00:00,106.04,267.0,2621.0,509.0,0.0,1.0,58.0,0.0,2372.0,0.0,0.0,2278.0,2278.0,5460.0,5460.0,2296.0,211.0,5.0,5.0,139.0,139.0,6006156
AUVERGNE RHONE ALPES,2018-06-12 00:00:00,2018,163,00:00:00,163.0,20.0,8925.0,42.0,0.0,4931.0,118.0,-17.0,-7496.0,0.0,0.0,1000.0,1000.0,13570.0,12617.0,578.0,1053.0,11260.0,11080.0,179.0,179.0,7994459
AUVERGNE RHONE ALPES,2018-04-03 10:00:00,2018,93,10:00:00,93.42,22.0,8916.0,353.0,158.0,4916.0,103.0,-3.0,-5272.0,0.0,0.0,1000.0,1000.0,13570.0,12580.0,578.0,1026.0,11259.0,11076.0,179.0,179.0,7994459
BRETAGNE,2013-05-29 05:30:00,2013,149,05:30:00,149.23,0.0,0.0,110.0,0.0,156.0,17.0,0.0,1712.0,0.0,0.0,658.0,658.0,0.0,0.0,722.0,204.0,11.0,11.0,37.0,37.0,3258707
PAYS DE LA LOIRE,2020-04-05 23:30:00,2020,96,23:30:00,96.98,8.0,0.0,269.0,0.0,4.0,54.0,0.0,2345.0,0.0,0.0,2050.0,1953.0,0.0,0.0,989.0,635.0,10.0,10.0,76.0,76.0,3832120
PROVENCE ALPES COTE D AZUR,2013-07-17 09:00:00,2013,198,09:00:00,198.38,296.0,0.0,0.0,149.0,1223.0,69.0,0.0,2768.0,0.0,0.0,2590.0,2316.0,0.0,0.0,45.0,717.0,3158.0,3158.0,151.0,151.0,4953675
BOURGOGNE FRANCHE COMTE,2019-03-18 05:00:00,2019,77,05:00:00,77.21,112.0,0.0,210.0,0.0,254.0,46.0,-2.0,1780.0,0.0,0.0,401.0,401.0,0.0,0.0,800.0,332.0,520.0,410.0,66.0,66.0,2805580
PROVENCE ALPES COTE D AZUR,2017-04-27 21:30:00,2017,117,21:30:00,117.9,1697.0,0.0,13.0,0.0,877.0,97.0,0.0,2173.0,0.0,0.0,2630.0,2284.0,0.0,0.0,48.0,1076.0,3193.0,3193.0,354.0,354.0,5030890
PROVENCE ALPES COTE D AZUR,2018-02-17 21:00:00,2018,48,21:00:00,48.88,1866.0,0.0,21.0,0.0,1404.0,232.0,0.0,2228.0,0.0,0.0,2651.0,2345.0,0.0,0.0,48.0,1223.0,3227.0,3227.0,357.0,357.0,5052832
OCCITANIE,2019-12-07 23:30:00,2019,341,23:30:00,341.98,89.0,2575.0,411.0,0.0,1200.0,94.0,-8.0,900.0,0.0,0.0,308.0,308.0,2620.0,2620.0,1570.0,2155.0,5489.0,5302.0,146.0,146.0,5933185
OCCITANIE,2013-11-08 23:30:00,2013,312,23:30:00,312.98,53.0,1124.0,489.0,0.0,1426.0,85.0,0.0,848.0,0.0,0.0,251.0,0.0,2620.0,1310.0,889.0,1167.0,5391.0,5391.0,126.0,126.0,5683878
BOURGOGNE FRANCHE COMTE,2016-07-10 21:30:00,2016,192,21:30:00,192.9,26.0,0.0,92.0,0.0,41.0,22.0,0.0,1747.0,0.0,0.0,329.0,329.0,0.0,0.0,426.0,264.0,513.0,513.0,30.0,30.0,2818338
CENTRE VAL DE LOIRE,2018-08-13 14:00:00,2018,225,14:00:00,225.58,0.0,7488.0,400.0,93.0,0.0,59.0,0.0,-6272.0,0.0,0.0,216.0,216.0,11630.0,10786.0,1036.0,298.0,91.0,91.0,76.0,76.0,2572853
PROVENCE ALPES COTE D AZUR,2013-01-02 17:00:00,2013,2,17:00:00,2.71,361.0,0.0,39.0,13.0,1547.0,35.0,0.0,3790.0,0.0,0.0,2590.0,2528.0,0.0,0.0,45.0,667.0,3158.0,3158.0,149.0,149.0,4953675
HAUTS DE FRANCE,2022-05-19 11:00:00,2022,139,11:00:00,139.46,754.0,3643.0,1669.0,119.0,2.0,112.0,0.0,-899.0,0.0,0.0,2993.0,2494.0,5460.0,4550.0,5774.0,442.0,6.0,6.0,196.0,196.0,5990765
NORMANDIE,2021-08-27 03:00:00,2021,239,03:00:00,239.12,184.0,7535.0,166.0,0.0,7.0,68.0,0.0,-5771.0,0.0,0.0,852.0,852.0,10640.0,9602.0,878.0,297.0,31.0,31.0,147.0,147.0,3327966
NORMANDIE,2017-06-03 06:00:00,2017,154,06:00:00,154.25,176.0,4839.0,60.0,0.0,14.0,44.0,0.0,-3077.0,0.0,0.0,785.0,205.0,10640.0,9442.0,622.0,222.0,31.0,31.0,98.0,98.0,3330478
BRETAGNE,2013-08-27 13:30:00,2013,239,13:30:00,239.56,0.0,0.0,33.0,75.0,4.0,26.0,-42.0,2345.0,0.0,0.0,665.0,665.0,0.0,0.0,722.0,206.0,11.0,11.0,48.0,48.0,3258707
NORMANDIE,2015-02-15 03:00:00,2015,46,03:00:00,46.12,345.0,9045.0,19.0,0.0,17.0,65.0,0.0,-5823.0,0.0,0.0,761.0,181.0,10640.0,9310.0,510.0,214.0,24.0,24.0,92.0,92.0,3339131
AUVERGNE RHONE ALPES,2013-06-29 07:00:00,2013,180,07:00:00,180.29,50.0,7434.0,100.0,3.0,3150.0,72.0,-1543.0,-4048.0,0.0,0.0,919.0,919.0,13570.0,13570.0,335.0,720.0,11116.0,11116.0,106.0,106.0,7757595
BRETAGNE,2020-07-31 21:00:00,2020,213,21:00:00,213.88,272.0,0.0,83.0,5.0,0.0,53.0,0.0,1587.0,0.0,0.0,978.0,978.0,0.0,0.0,1028.0,286.0,272.0,272.0,80.0,80.0,3373835
NOUVELLE AQUITAINE,2022-11-17 15:00:00,2022,321,15:00:00,321.62,165.0,2697.0,815.0,585.0,51.0,173.0,0.0,188.0,0.0,0.0,581.0,581.0,6630.0,5658.0,1592.0,3853.0,1786.0,1786.0,356.0,356.0,6098051
BOURGOGNE FRANCHE COMTE,2013-03-06 03:30:00,2013,65,03:30:00,65.15,163.0,0.0,50.0,0.0,64.0,14.0,0.0,2352.0,0.0,0.0,301.0,56.0,0.0,0.0,204.0,227.0,480.0,480.0,24.0,24.0,2819783
PAYS DE LA LOIRE,2019-01-26 11:30:00,2019,26,11:30:00,26.48,592.0,0.0,251.0,81.0,5.0,49.0,0.0,2765.0,0.0,0.0,2034.0,1620.0,0.0,0.0,897.0,561.0,8.0,8.0,70.0,70.0,3806461
NORMANDIE,2020-01-25 04:30:00,2020,25,04:30:00,25.19,426.0,6464.0,41.0,0.0,16.0,59.0,0.0,-3011.0,0.0,0.0,833.0,833.0,10640.0,9310.0,806.0,262.0,31.0,31.0,109.0,109.0,3325522
OCCITANIE,2016-01-10 01:30:00,2016,10,01:30:00,10.06,61.0,1637.0,85.0,0.0,949.0,94.0,-628.0,2204.0,0.0,0.0,266.0,0.0,2620.0,2620.0,1098.0,1497.0,5460.0,5340.0,137.0,137.0,5808435
GRAND EST,2015-04-16 18:30:00,2015,106,18:30:00,106.77,945.0,5739.0,173.0,44.0,928.0,78.0,0.0,-2919.0,0.0,0.0,3420.0,3160.0,10820.0,9560.0,2376.0,524.0,2284.0,2082.0,109.0,109.0,5559051
PROVENCE ALPES COTE D AZUR,2018-02-27 15:30:00,2018,58,15:30:00,58.65,1512.0,0.0,21.0,343.0,1823.0,76.0,0.0,3578.0,0.0,0.0,2663.0,2267.0,0.0,0.0,48.0,1224.0,3227.0,3227.0,357.0,357.0,5052832
OCCITANIE,2022-03-12 03:30:00,2022,71,03:30:00,71.15,25.0,1274.0,921.0,0.0,654.0,94.0,-472.0,1709.0,0.0,0.0,326.0,326.0,2620.0,1310.0,1593.0,2838.0,5502.0,5467.0,174.0,174.0,6067101
BRETAGNE,2021-12-14 14:30:00,2021,348,14:30:00,348.6,635.0,0.0,4.0,30.0,11.0,51.0,-1.0,2700.0,0.0,0.0,1428.0,982.0,0.0,0.0,1135.0,352.0,272.0,272.0,82.0,82.0,3394567
NOUVELLE AQUITAINE,2021-02-11 05:00:00,2021,42,05:00:00,42.21,216.0,5269.0,274.0,0.0,1129.0,175.0,0.0,-1082.0,0.0,0.0,577.0,577.0,6630.0,5135.0,1206.0,2929.0,1783.0,1783.0,353.0,353.0,6069352
OCCITANIE,2020-12-30 20:30:00,2020,365,20:30:00,365.85,91.0,2589.0,338.0,0.0,1727.0,65.0,-8.0,1590.0,0.0,0.0,318.0,318.0,2620.0,1310.0,1593.0,2364.0,5498.0,5267.0,172.0,172.0,5973969
HAUTS DE FRANCE,2014-06-28 12:30:00,2014,179,12:30:00,179.52,214.0,2506.0,15.0,41.0,1.0,84.0,0.0,2149.0,0.0,0.0,2289.0,2289.0,5460.0,4550.0,2328.0,211.0,5.0,5.0,139.0,139.0,6006156
PROVENCE ALPES COTE D AZUR,2013-12-07 04:00:00,2013,341,04:00:00,341.17,339.0,0.0,40.0,0.0,786.0,53.0,0.0,4184.0,0.0,0.0,2592.0,2318.0,0.0,0.0,45.0,781.0,3160.0,3160.0,151.0,151.0,4953675
CENTRE VAL DE LOIRE,2021-09-08 15:30:00,2021,251,15:30:00,251.65,0.0,8816.0,164.0,164.0,9.0,59.0,0.0,-7301.0,0.0,0.0,229.0,229.0,11630.0,10740.0,1360.0,598.0,92.0,92.0,89.0,89.0,2573303
GRAND EST,2020-01-01 11:00:00,2020,1,11:00:00,1.46,489.0,11786.0,169.0,44.0,905.0,120.0,-504.0,-7741.0,0.0,0.0,3534.0,3534.0,10820.0,10137.0,3567.0,608.0,2303.0,2089.0,178.0,178.0,5562651
NOUVELLE AQUITAINE,2019-09-14 19:30:00,2019,257,19:30:00,257.81,20.0,5658.0,57.0,128.0,156.0,185.0,0.0,-2231.0,0.0,0.0,538.0,538.0,6630.0,5720.0,1017.0,2572.0,1782.0,1677.0,319.0,319.0,6010289
PROVENCE ALPES COTE D AZUR,2013-02-28 11:00:00,2013,59,11:00:00,59.46,2133.0,0.0,2.0,283.0,1921.0,44.0,0.0,2008.0,0.0,0.0,2590.0,2528.0,0.0,0.0,45.0,671.0,3158.0,3158.0,149.0,149.0,4953675
OCCITANIE,2016-05-30 00:30:00,2016,151,00:30:00,151.02,-2.0,1139.0,366.0,0.0,1520.0,73.0,-162.0,415.0,0.0,0.0,266.0,266.0,2620.0,1310.0,1098.0,1577.0,5462.0,5235.0,139.0,139.0,5808435
CENTRE VAL DE LOIRE,2016-06-14 11:00:00,2016,166,11:00:00,166.46,0.0,6914.0,215.0,89.0,35.0,52.0,0.0,-5362.0,0.0,0.0,170.0,170.0,11630.0,10985.0,874.0,250.0,91.0,91.0,71.0,71.0,2577866
BRETAGNE,2019-04-28 00:00:00,2019,118,00:00:00,118.0,1.0,0.0,262.0,0.0,5.0,50.0,-1.0,2469.0,0.0,0.0,956.0,871.0,0.0,0.0,1004.0,264.0,270.0,270.0,72.0,72.0,3354854
AUVERGNE RHONE ALPES,2017-10-28 02:30:00,2017,301,02:30:00,301.1,459.0,5962.0,201.0,0.0,971.0,110.0,-746.0,-587.0,0.0,0.0,992.0,992.0,13570.0,12647.0,548.0,973.0,11246.0,11029.0,178.0,178.0,7948287
GRAND EST,2018-11-08 09:00:00,2018,312,09:00:00,312.38,2481.0,11088.0,113.0,95.0,539.0,94.0,0.0,-8310.0,0.0,0.0,3527.0,2932.0,10820.0,9749.0,3207.0,560.0,2301.0,2006.0,161.0,161.0,5550389
PAYS DE LA LOIRE,2019-10-05 04:00:00,2019,278,04:00:00,278.17,195.0,0.0,171.0,0.0,0.0,47.0,0.0,1462.0,0.0,0.0,2037.0,2037.0,0.0,0.0,926.0,600.0,10.0,10.0,75.0,75.0,3806461
ILE DE FRANCE,2020-08-03 04:00:00,2020,216,04:00:00,216.17,0.0,0.0,2.0,0.0,5.0,142.0,0.0,4079.0,0.0,0.0,2170.0,2068.0,0.0,0.0,108.0,168.0,20.0,20.0,314.0,314.0,12271794
ILE DE FRANCE,2013-12-27 06:30:00,2013,361,06:30:00,361.27,261.0,0.0,18.0,0.0,0.0,135.0,0.0,8167.0,0.0,0.0,2122.0,2122.0,0.0,0.0,37.0,110.0,19.0,19.0,282.0,282.0,11959807
GRAND EST,2020-04-22 00:00:00,2020,113,00:00:00,113.0,50.0,3981.0,2051.0,0.0,937.0,122.0,0.0,-2844.0,0.0,0.0,3535.0,3086.0,10820.0,9530.0,3606.0,619.0,2303.0,1928.0,183.0,183.0,5562651
ILE DE FRANCE,2014-12-20 02:30:00,2014,354,02:30:00,354.1,327.0,0.0,2.0,0.0,2.0,152.0,0.0,7564.0,0.0,0.0,2128.0,1710.0,0.0,0.0,37.0,112.0,19.0,19.0,282.0,282.0,12027565
AUVERGNE RHONE ALPES,2016-05-01 23:00:00,2016,122,23:00:00,122.96,32.0,8641.0,216.0,0.0,3066.0,117.0,-8.0,-4416.0,0.0,0.0,959.0,959.0,13570.0,12658.0,384.0,916.0,11209.0,11027.0,170.0,170.0,7916889
CENTRE VAL DE LOIRE,2017-03-16 11:30:00,2017,75,11:30:00,75.48,100.0,11516.0,7.0,151.0,16.0,47.0,0.0,-9434.0,0.0,0.0,198.0,198.0,11630.0,11630.0,937.0,265.0,91.0,91.0,76.0,76.0,2576252
ILE DE FRANCE,2015-12-13 03:00:00,2015,347,03:00:00,347.12,501.0,0.0,1.0,0.0,11.0,132.0,0.0,6997.0,0.0,0.0,2149.0,1787.0,0.0,0.0,61.0,114.0,19.0,19.0,300.0,300.0,12082144
BOURGOGNE FRANCHE COMTE,2021-05-24 05:00:00,2021,144,05:00:00,144.21,23.0,0.0,432.0,0.0,114.0,44.0,-65.0,1210.0,0.0,0.0,401.0,401.0,0.0,0.0,955.0,425.0,523.0,523.0,71.0,71.0,2800194
BRETAGNE,2020-11-30 17:00:00,2020,335,17:00:00,335.71,230.0,0.0,28.0,3.0,9.0,49.0,-1.0,2915.0,0.0,0.0,980.0,980.0,0.0,0.0,1041.0,292.0,272.0,272.0,81.0,81.0,3373835
ILE DE FRANCE,2020-01-25 04:30:00,2020,25,04:30:00,25.19,303.0,0.0,1.0,0.0,9.0,133.0,0.0,9115.0,0.0,0.0,2170.0,2170.0,0.0,0.0,108.0,143.0,20.0,20.0,314.0,314.0,12271794
PROVENCE ALPES COTE D AZUR,2022-06-05 05:00:00,2022,156,05:00:00,156.21,649.0,0.0,20.0,0.0,429.0,206.0,0.0,1920.0,0.0,0.0,2724.0,2356.0,0.0,0.0,96.0,1833.0,3267.0,3231.0,357.0,357.0,5150362
HAUTS DE FRANCE,2018-08-20 19:30:00,2018,232,19:30:00,232.81,1529.0,2722.0,174.0,8.0,1.0,129.0,0.0,309.0,0.0,0.0,2922.0,2922.0,5460.0,4634.0,3979.0,229.0,5.0,5.0,171.0,171.0,6004108
HAUTS DE FRANCE,2013-07-09 05:00:00,2013,190,05:00:00,190.21,265.0,4465.0,362.0,0.0,1.0,50.0,0.0,-611.0,0.0,0.0,2268.0,2268.0,5460.0,5460.0,2193.0,210.0,5.0,5.0,139.0,139.0,5987883
AUVERGNE RHONE ALPES,2020-03-09 11:30:00,2020,69,11:30:00,69.48,551.0,8902.0,279.0,395.0,5857.0,123.0,-3.0,-6474.0,0.0,0.0,1034.0,1034.0,13570.0,12643.0,647.0,1248.0,11746.0,11545.0,192.0,192.0,8078652
PROVENCE ALPES COTE D AZUR,2019-11-26 03:30:00,2019,330,03:30:00,330.15,1300.0,0.0,1.0,0.0,1356.0,96.0,0.0,1830.0,0.0,0.0,2678.0,2300.0,0.0,0.0,48.0,1416.0,3247.0,3123.0,357.0,207.0,5081101
CENTRE VAL DE LOIRE,2019-09-26 12:00:00,2019,269,12:00:00,269.5,14.0,5585.0,831.0,89.0,0.0,61.0,0.0,-4599.0,0.0,0.0,229.0,229.0,11630.0,10646.0,1195.0,327.0,91.0,91.0,86.0,86.0,2573180
OCCITANIE,2016-11-18 11:00:00,2016,323,11:00:00,323.46,59.0,2444.0,57.0,195.0,691.0,94.0,0.0,1662.0,0.0,0.0,273.0,273.0,2620.0,2620.0,1172.0,1654.0,5463.0,5236.0,140.0,140.0,5808435
PROVENCE ALPES COTE D AZUR,2017-11-04 03:30:00,2017,308,03:30:00,308.15,1553.0,0.0,7.0,0.0,147.0,192.0,-51.0,1799.0,0.0,0.0,2638.0,2303.0,0.0,0.0,48.0,1179.0,3224.0,3224.0,357.0,357.0,5030890
HAUTS DE FRANCE,2021-08-14 11:00:00,2021,226,11:00:00,226.46,93.0,2595.0,77.0,177.0,2.0,116.0,0.0,1195.0,0.0,0.0,2990.0,2990.0,5460.0,4550.0,5523.0,406.0,5.0,5.0,183.0,183.0,5995292
ILE DE FRANCE,2018-06-11 18:30:00,2018,162,18:30:00,162.77,-1.0,0.0,1.0,10.0,8.0,142.0,0.0,7597.0,0.0,0.0,2157.0,2072.0,0.0,0.0,88.0,122.0,20.0,20.0,306.0,306.0,12213447
NOUVELLE AQUITAINE,2016-07-28 04:00:00,2016,210,04:00:00,210.17,35.0,4622.0,36.0,-1.0,135.0,155.0,0.0,-1424.0,0.0,0.0,429.0,429.0,6630.0,5971.0,596.0,1876.0,1779.0,1621.0,280.0,280.0,5935603
HAUTS DE FRANCE,2013-07-20 00:00:00,2013,201,00:00:00,201.0,412.0,4447.0,682.0,0.0,1.0,71.0,0.0,-116.0,0.0,0.0,2268.0,2268.0,5460.0,5460.0,2193.0,210.0,5.0,5.0,139.0,139.0,5987883
PAYS DE LA LOIRE,2014-07-30 11:30:00,2014,211,11:30:00,211.48,11.0,0.0,6.0,161.0,1.0,39.0,0.0,2839.0,0.0,0.0,1864.0,1429.0,0.0,0.0,518.0,418.0,7.0,7.0,58.0,58.0,3690833
AUVERGNE RHONE ALPES,2018-08-06 06:30:00,2018,218,06:30:00,218.27,8.0,3663.0,3.0,0.0,2610.0,105.0,-19.0,-970.0,0.0,0.0,1000.0,599.0,13570.0,12642.0,578.0,1089.0,11260.0,11073.0,180.0,180.0,7994459
CENTRE VAL DE LOIRE,2021-02-02 02:30:00,2021,33,02:30:00,33.1,103.0,10159.0,712.0,0.0,63.0,62.0,0.0,-8566.0,0.0,0.0,229.0,229.0,11630.0,10520.0,1278.0,448.0,92.0,92.0,88.0,88.0,2573303
ILE DE FRANCE,2015-12-25 15:00:00,2015,359,15:00:00,359.62,291.0,0.0,15.0,6.0,10.0,129.0,0.0,6794.0,0.0,0.0,2149.0,1787.0,0.0,0.0,61.0,114.0,19.0,19.0,300.0,300.0,12082144
CENTRE VAL DE LOIRE,2018-10-21 20:00:00,2018,294,20:00:00,294.83,14.0,6836.0,350.0,0.0,0.0,67.0,0.0,-5498.0,0.0,0.0,222.0,222.0,11630.0,10658.0,1060.0,302.0,91.0,91.0,84.0,84.0,2572853
GRAND EST,2021-02-15 19:30:00,2021,46,19:30:00,46.81,1624.0,6037.0,2152.0,0.0,1589.0,138.0,0.0,-4188.0,0.0,0.0,3585.0,3172.0,10820.0,9785.0,3879.0,698.0,2305.0,2103.0,199.0,199.0,5561287
NOUVELLE AQUITAINE,2021-09-30 16:00:00,2021,273,16:00:00,273.67,76.0,4251.0,31.0,1922.0,236.0,176.0,0.0,-2279.0,0.0,0.0,578.0,578.0,6630.0,5135.0,1342.0,3276.0,1784.0,1784.0,354.0,354.0,6069352
AUVERGNE RHONE ALPES,2017-01-07 01:30:00,2017,7,01:30:00,7.06,754.0,10287.0,123.0,0.0,2611.0,126.0,-4.0,-3028.0,0.0,0.0,984.0,984.0,13570.0,12792.0,425.0,936.0,11233.0,10992.0,177.0,177.0,7948287
GRAND EST,2014-12-05 01:00:00,2014,339,01:00:00,339.04,1647.0,12151.0,34.0,0.0,622.0,82.0,-537.0,-8140.0,0.0,0.0,3400.0,3200.0,10820.0,10820.0,2295.0,522.0,2284.0,2284.0,107.0,107.0,5554645
ILE DE FRANCE,2018-06-04 19:00:00,2018,155,19:00:00,155.79,1.0,0.0,7.0,9.0,8.0,125.0,0.0,7878.0,0.0,0.0,2157.0,2080.0,0.0,0.0,88.0,122.0,20.0,20.0,306.0,306.0,12213447
PROVENCE ALPES COTE D AZUR,2018-11-14 04:30:00,2018,318,04:30:00,318.19,737.0,0.0,1.0,0.0,1043.0,82.0,0.0,1590.0,0.0,0.0,2671.0,2338.0,0.0,0.0,48.0,1316.0,3233.0,3110.0,357.0,207.0,5052832
NORMANDIE,2019-08-28 01:30:00,2019,240,01:30:00,240.06,307.0,5047.0,27.0,0.0,6.0,55.0,0.0,-3005.0,0.0,0.0,833.0,253.0,10640.0,9310.0,806.0,258.0,31.0,31.0,107.0,107.0,3325032
ILE DE FRANCE,2017-08-22 08:30:00,2017,234,08:30:00,234.35,1.0,0.0,2.0,7.0,4.0,132.0,0.0,6183.0,0.0,0.0,2149.0,1864.0,0.0,0.0,88.0,117.0,19.0,19.0,301.0,301.0,12174880
NORMANDIE,2013-06-30 00:30:00,2013,181,00:30:00,181.02,228.0,6091.0,27.0,0.0,11.0,34.0,0.0,-3687.0,0.0,0.0,761.0,761.0,10640.0,10640.0,432.0,208.0,23.0,23.0,88.0,88.0,3328364
CENTRE VAL DE LOIRE,2018-07-30 04:30:00,2018,211,04:30:00,211.19,0.0,8348.0,246.0,0.0,0.0,52.0,0.0,-7287.0,0.0,0.0,216.0,216.0,11630.0,10796.0,1036.0,297.0,91.0,91.0,76.0,76.0,2572853
CENTRE VAL DE LOIRE,2016-12-12 17:00:00,2016,347,17:00:00,347.71,83.0,10688.0,48.0,0.0,1.0,49.0,0.0,-8037.0,0.0,0.0,198.0,198.0,11630.0,10740.0,917.0,261.0,91.0,91.0,71.0,71.0,2577866
HAUTS DE FRANCE,2021-02-25 07:30:00,2021,56,07:30:00,56.31,1079.0,3629.0,797.0,0.0,2.0,139.0,0.0,408.0,0.0,0.0,2990.0,2990.0,5460.0,4550.0,5430.0,315.0,5.0,5.0,182.0,182.0,5995292
BOURGOGNE FRANCHE COMTE,2018-06-23 12:00:00,2018,174,12:00:00,174.5,23.0,0.0,101.0,185.0,36.0,34.0,0.0,1698.0,0.0,0.0,386.0,386.0,0.0,0.0,688.0,307.0,520.0,443.0,37.0,37.0,2807807
BOURGOGNE FRANCHE COMTE,2013-07-11 19:00:00,2013,192,19:00:00,192.79,26.0,0.0,44.0,36.0,130.0,9.0,0.0,2175.0,0.0,0.0,301.0,301.0,0.0,0.0,204.0,229.0,480.0,480.0,24.0,24.0,2819783
PROVENCE ALPES COTE D AZUR,2016-01-02 06:00:00,2016,2,06:00:00,2.25,151.0,0.0,27.0,0.0,218.0,101.0,0.0,3883.0,0.0,0.0,2612.0,2166.0,0.0,0.0,48.0,983.0,3178.0,3056.0,183.0,183.0,5021928
OCCITANIE,2018-07-04 04:00:00,2018,185,04:00:00,185.17,0.0,1109.0,14.0,0.0,1293.0,70.0,-662.0,1250.0,0.0,0.0,295.0,295.0,2620.0,1310.0,1425.0,1913.0,5485.0,5300.0,146.0,146.0,5885496
NOUVELLE AQUITAINE,2014-09-13 05:30:00,2014,256,05:30:00,256.23,21.0,3013.0,118.0,0.0,60.0,141.0,0.0,-181.0,0.0,0.0,421.0,421.0,6630.0,5720.0,447.0,1238.0,1772.0,1772.0,222.0,222.0,5879144
PROVENCE ALPES COTE D AZUR,2019-02-13 01:00:00,2019,44,01:00:00,44.04,1066.0,0.0,27.0,0.0,1036.0,83.0,0.0,3538.0,0.0,0.0,2674.0,2252.0,0.0,0.0,48.0,1331.0,3239.0,3115.0,357.0,207.0,5081101
AUVERGNE RHONE ALPES,2016-01-12 23:30:00,2016,12,23:30:00,12.98,268.0,11544.0,213.0,0.0,4024.0,109.0,-1452.0,-5045.0,0.0,0.0,952.0,952.0,13570.0,12675.0,384.0,894.0,11204.0,10851.0,170.0,170.0,7916889
ILE DE FRANCE,2014-12-10 05:30:00,2014,344,05:30:00,344.23,628.0,0.0,18.0,0.0,8.0,154.0,0.0,8398.0,0.0,0.0,2128.0,1543.0,0.0,0.0,37.0,112.0,19.0,19.0,282.0,282.0,12027565
HAUTS DE FRANCE,2016-11-15 16:00:00,2016,320,16:00:00,320.67,1708.0,2741.0,477.0,4.0,1.0,102.0,0.0,1726.0,0.0,0.0,2882.0,2745.0,5460.0,4550.0,3215.0,214.0,5.0,5.0,164.0,164.0,6006870
GRAND EST,2019-01-17 00:30:00,2019,17,00:30:00,17.02,2312.0,12273.0,2531.0,0.0,897.0,118.0,0.0,-12016.0,0.0,0.0,3531.0,3531.0,10820.0,9916.0,3355.0,562.0,2301.0,1983.0,163.0,163.0,5556219
BOURGOGNE FRANCHE COMTE,2015-05-15 09:00:00,2015,135,09:00:00,135.38,25.0,0.0,45.0,23.0,141.0,25.0,0.0,1816.0,0.0,0.0,325.0,80.0,0.0,0.0,344.0,254.0,510.0,510.0,29.0,29.0,2820940
CENTRE VAL DE LOIRE,2022-12-17 23:30:00,2022,351,23:30:00,351.98,93.0,10544.0,341.0,0.0,2.0,55.0,0.0,-7829.0,0.0,0.0,229.0,229.0,11630.0,10779.0,1588.0,806.0,93.0,93.0,91.0,91.0,2572916
AUVERGNE RHONE ALPES,2014-09-10 15:30:00,2014,253,15:30:00,253.65,52.0,11024.0,39.0,323.0,2117.0,77.0,-20.0,-6082.0,0.0,0.0,938.0,938.0,13570.0,12655.0,347.0,830.0,11153.0,10948.0,141.0,141.0,7820966
OCCITANIE,2019-03-09 08:00:00,2019,68,08:00:00,68.33,87.0,1290.0,439.0,53.0,736.0,100.0,-662.0,2236.0,0.0,0.0,307.0,307.0,2620.0,1310.0,1499.0,2007.0,5485.0,5308.0,146.0,146.0,5933185
HAUTS DE FRANCE,2017-08-18 01:30:00,2017,230,01:30:00,230.06,590.0,3508.0,142.0,0.0,1.0,115.0,0.0,-27.0,0.0,0.0,2910.0,2718.0,5460.0,4550.0,3557.0,215.0,5.0,5.0,165.0,165.0,6003815
BRETAGNE,2020-08-21 19:30:00,2020,234,19:30:00,234.81,1.0,0.0,575.0,27.0,0.0,54.0,0.0,1502.0,0.0,0.0,978.0,893.0,0.0,0.0,1028.0,287.0,272.0,272.0,80.0,80.0,3373835
NORMANDIE,2021-03-27 17:30:00,2021,86,17:30:00,86.73,245.0,8788.0,188.0,22.0,17.0,97.0,0.0,-6497.0,0.0,0.0,852.0,852.0,10640.0,9797.0,872.0,280.0,31.0,31.0,146.0,146.0,3327966
ILE DE FRANCE,2018-11-05 22:30:00,2018,309,22:30:00,309.94,388.0,0.0,24.0,0.0,6.0,145.0,0.0,7689.0,0.0,0.0,2169.0,2107.0,0.0,0.0,88.0,123.0,20.0,20.0,306.0,306.0,12213447
BOURGOGNE FRANCHE COMTE,2013-11-20 03:00:00,2013,324,03:00:00,324.12,128.0,0.0,58.0,0.0,76.0,19.0,0.0,2442.0,0.0,0.0,313.0,313.0,0.0,0.0,204.0,240.0,490.0,490.0,25.0,25.0,2819783
PROVENCE ALPES COTE D AZUR,2013-06-18 22:00:00,2013,169,22:00:00,169.92,170.0,0.0,15.0,0.0,2061.0,34.0,0.0,2088.0,0.0,0.0,2590.0,2316.0,0.0,0.0,45.0,695.0,3158.0,3158.0,151.0,151.0,4953675
BOURGOGNE FRANCHE COMTE,2019-05-05 03:30:00,2019,125,03:30:00,125.15,22.0,0.0,247.0,0.0,62.0,51.0,-1.0,1807.0,0.0,0.0,401.0,401.0,0.0,0.0,821.0,334.0,520.0,520.0,67.0,67.0,2805580
CENTRE VAL DE LOIRE,2017-02-24 10:00:00,2017,55,10:00:00,55.42,106.0,11659.0,135.0,64.0,12.0,49.0,0.0,-9184.0,0.0,0.0,198.0,198.0,11630.0,11630.0,937.0,264.0,91.0,91.0,76.0,76.0,2576252
AUVERGNE RHONE ALPES,2020-11-28 08:00:00,2020,333,08:00:00,333.33,621.0,10348.0,141.0,0.0,1983.0,135.0,-571.0,-4983.0,0.0,0.0,1047.0,1047.0,13570.0,12687.0,700.0,1354.0,11753.0,11586.0,194.0,194.0,8078652
ILE DE FRANCE,2019-03-08 04:00:00,2019,67,04:00:00,67.17,300.0,0.0,28.0,0.0,12.0,137.0,0.0,6809.0,0.0,0.0,2169.0,2093.0,0.0,0.0,88.0,125.0,20.0,20.0,306.0,306.0,12262544
ILE DE FRANCE,2021-02-15 14:30:00,2021,46,14:30:00,46.6,427.0,0.0,53.0,14.0,0.0,151.0,0.0,11826.0,0.0,0.0,2171.0,2171.0,0.0,0.0,125.0,171.0,20.0,20.0,314.0,314.0,12317279
GRAND EST,2022-01-29 04:30:00,2022,29,04:30:00,29.19,1221.0,7494.0,1213.0,0.0,486.0,164.0,-519.0,-4308.0,0.0,0.0,3590.0,3590.0,10820.0,10078.0,4189.0,970.0,2306.0,2104.0,212.0,212.0,5563889
AUVERGNE RHONE ALPES,2014-03-26 21:30:00,2014,85,21:30:00,85.9,182.0,9441.0,78.0,0.0,4588.0,82.0,-4.0,-5899.0,0.0,0.0,938.0,938.0,13570.0,12655.0,347.0,799.0,11136.0,10877.0,140.0,140.0,7820966
PAYS DE LA LOIRE,2019-02-11 23:00:00,2019,42,23:00:00,42.96,640.0,0.0,19.0,0.0,2.0,47.0,0.0,3770.0,0.0,0.0,2037.0,1689.0,0.0,0.0,897.0,567.0,8.0,8.0,70.0,70.0,3806461
NORMANDIE,2021-10-13 01:00:00,2021,286,01:00:00,286.04,177.0,8774.0,48.0,0.0,7.0,90.0,0.0,-6348.0,0.0,0.0,852.0,852.0,10640.0,9472.0,878.0,299.0,31.0,31.0,147.0,147.0,3327966
CENTRE VAL DE LOIRE,2022-12-13 20:00:00,2022,347,20:00:00,347.83,134.0,10578.0,158.0,0.0,2.0,59.0,0.0,-7633.0,0.0,0.0,229.0,229.0,11630.0,10836.0,1566.0,799.0,93.0,93.0,91.0,91.0,2572916
NOUVELLE AQUITAINE,2017-11-15 00:00:00,2017,319,00:00:00,319.0,206.0,6738.0,87.0,-1.0,260.0,187.0,0.0,-1150.0,0.0,0.0,473.0,473.0,6630.0,6630.0,875.0,2104.0,1780.0,1675.0,307.0,307.0,5956978
NOUVELLE AQUITAINE,2018-04-19 03:30:00,2018,109,03:30:00,109.15,23.0,4618.0,407.0,-1.0,516.0,172.0,0.0,-2332.0,0.0,0.0,482.0,482.0,6630.0,5501.0,924.0,2300.0,1781.0,1667.0,314.0,314.0,5979778
AUVERGNE RHONE ALPES,2021-07-11 03:30:00,2021,192,03:30:00,192.15,10.0,7498.0,101.0,0.0,3443.0,122.0,-185.0,-6282.0,0.0,0.0,1047.0,1047.0,13570.0,13570.0,723.0,1494.0,11771.0,11624.0,208.0,208.0,8114361
PAYS DE LA LOIRE,2020-09-05 05:00:00,2020,249,05:00:00,249.21,0.0,0.0,139.0,0.0,0.0,61.0,0.0,1548.0,0.0,0.0,2050.0,1731.0,0.0,0.0,1012.0,658.0,10.0,10.0,77.0,77.0,3832120
ILE DE FRANCE,2016-06-23 04:00:00,2016,175,04:00:00,175.17,-3.0,0.0,10.0,0.0,0.0,124.0,0.0,4932.0,0.0,0.0,2149.0,1716.0,0.0,0.0,61.0,114.0,19.0,19.0,300.0,300.0,12117132
OCCITANIE,2021-09-26 07:30:00,2021,269,07:30:00,269.31,0.0,0.0,137.0,0.0,409.0,66.0,-414.0,2382.0,0.0,0.0,325.0,325.0,2620.0,2620.0,1593.0,2679.0,5499.0,5464.0,173.0,173.0,6022176
BOURGOGNE FRANCHE COMTE,2014-02-23 20:00:00,2014,54,20:00:00,54.83,99.0,0.0,47.0,0.0,106.0,19.0,0.0,2348.0,0.0,0.0,313.0,68.0,0.0,0.0,230.0,243.0,508.0,508.0,25.0,25.0,2820623
CENTRE VAL DE LOIRE,2014-11-27 08:00:00,2014,331,08:00:00,331.33,74.0,10502.0,7.0,0.0,23.0,55.0,0.0,-7970.0,0.0,0.0,162.0,162.0,11630.0,11630.0,801.0,223.0,91.0,91.0,71.0,71.0,2577435
OCCITANIE,2020-11-13 04:00:00,2020,318,04:00:00,318.17,62.0,1130.0,493.0,0.0,629.0,79.0,-459.0,1538.0,0.0,0.0,318.0,318.0,2620.0,1310.0,1593.0,2323.0,5498.0,5290.0,172.0,172.0,5973969
NOUVELLE AQUITAINE,2013-06-25 11:30:00,2013,176,11:30:00,176.48,29.0,3959.0,5.0,342.0,620.0,138.0,0.0,-300.0,0.0,0.0,421.0,421.0,6630.0,6630.0,356.0,977.0,1760.0,1760.0,210.0,210.0,5844177
BOURGOGNE FRANCHE COMTE,2016-08-10 07:00:00,2016,223,07:00:00,223.29,24.0,0.0,26.0,2.0,22.0,26.0,0.0,1522.0,0.0,0.0,329.0,329.0,0.0,0.0,446.0,264.0,513.0,513.0,30.0,30.0,2818338
ILE DE FRANCE,2019-01-21 12:00:00,2019,21,12:00:00,21.5,1331.0,0.0,1.0,53.0,8.0,132.0,0.0,12077.0,0.0,0.0,2169.0,2169.0,0.0,0.0,88.0,124.0,20.0,20.0,306.0,306.0,12262544
GRAND EST,2020-10-07 05:00:00,2020,281,05:00:00,281.21,371.0,8412.0,2822.0,0.0,932.0,117.0,0.0,-8376.0,0.0,0.0,3585.0,3172.0,10820.0,9635.0,3795.0,663.0,2305.0,1968.0,190.0,190.0,5562651
GRAND EST,2019-11-10 00:30:00,2019,314,00:30:00,314.02,1509.0,10858.0,1295.0,0.0,979.0,128.0,0.0,-9457.0,0.0,0.0,3532.0,3532.0,10820.0,9730.0,3479.0,604.0,2303.0,2089.0,175.0,175.0,5556219
GRAND EST,2016-09-07 04:00:00,2016,251,04:00:00,251.17,1499.0,9569.0,1027.0,0.0,871.0,70.0,-528.0,-8578.0,0.0,0.0,3424.0,3424.0,10820.0,9914.0,2652.0,528.0,2295.0,2093.0,124.0,124.0,5555186
AUVERGNE RHONE ALPES,2020-06-18 09:30:00,2020,170,09:30:00,170.4,434.0,7313.0,25.0,375.0,5528.0,118.0,-7.0,-6758.0,0.0,0.0,1034.0,1034.0,13570.0,12567.0,647.0,1270.0,11746.0,11551.0,192.0,192.0,8078652
PROVENCE ALPES COTE D AZUR,2021-11-25 11:00:00,2021,329,11:00:00,329.46,1542.0,0.0,30.0,171.0,1770.0,87.0,0.0,2031.0,0.0,0.0,2724.0,2460.0,0.0,0.0,96.0,1708.0,3266.0,3222.0,357.0,357.0,5127840
NOUVELLE AQUITAINE,2017-12-31 03:30:00,2017,365,03:30:00,365.15,167.0,4737.0,420.0,-1.0,673.0,169.0,0.0,-1554.0,0.0,0.0,478.0,478.0,6630.0,6630.0,882.0,2219.0,1781.0,1781.0,307.0,307.0,5956978
PAYS DE LA LOIRE,2022-10-11 04:00:00,2022,284,04:00:00,284.17,434.0,0.0,314.0,0.0,0.0,53.0,0.0,1193.0,0.0,0.0,2068.0,1711.0,0.0,0.0,1675.0,921.0,10.0,10.0,80.0,80.0,3878839
CENTRE VAL DE LOIRE,2019-03-15 18:00:00,2019,74,18:00:00,74.75,89.0,9855.0,730.0,7.0,26.0,54.0,0.0,-8287.0,0.0,0.0,228.0,228.0,11630.0,10966.0,1127.0,307.0,91.0,91.0,84.0,84.0,2573180
PAYS DE LA LOIRE,2018-04-04 07:30:00,2018,94,07:30:00,94.31,-26.0,0.0,497.0,0.0,4.0,48.0,0.0,3453.0,0.0,0.0,1964.0,1771.0,0.0,0.0,796.0,540.0,8.0,8.0,69.0,69.0,3781423
CENTRE VAL DE LOIRE,2014-11-19 11:00:00,2014,323,11:00:00,323.46,75.0,10546.0,7.0,18.0,53.0,55.0,0.0,-7929.0,0.0,0.0,162.0,162.0,11630.0,11630.0,801.0,222.0,91.0,91.0,71.0,71.0,2577435
PROVENCE ALPES COTE D AZUR,2015-03-01 18:30:00,2015,60,18:30:00,60.77,320.0,0.0,0.0,2.0,1201.0,80.0,-2.0,3965.0,0.0,0.0,2600.0,2245.0,0.0,0.0,45.0,883.0,3168.0,3168.0,183.0,183.0,5007977
PROVENCE ALPES COTE D AZUR,2014-08-12 15:30:00,2014,224,15:30:00,224.65,104.0,0.0,3.0,513.0,856.0,69.0,0.0,3190.0,0.0,0.0,2592.0,2268.0,0.0,0.0,45.0,872.0,3165.0,3165.0,170.0,170.0,4983438
PAYS DE LA LOIRE,2014-04-03 00:30:00,2014,93,00:30:00,93.02,835.0,0.0,61.0,0.0,4.0,39.0,0.0,2133.0,0.0,0.0,1864.0,1429.0,0.0,0.0,518.0,407.0,6.0,6.0,58.0,58.0,3690833
PROVENCE ALPES COTE D AZUR,2019-10-16 19:30:00,2019,289,19:30:00,289.81,1130.0,0.0,6.0,0.0,816.0,83.0,0.0,2574.0,0.0,0.0,2674.0,2251.0,0.0,0.0,48.0,1402.0,3245.0,3121.0,357.0,207.0,5081101
HAUTS DE FRANCE,2018-09-13 13:00:00,2018,256,13:00:00,256.54,1040.0,2605.0,279.0,44.0,0.0,115.0,0.0,1784.0,0.0,0.0,2922.0,2739.0,5460.0,4550.0,4014.0,229.0,5.0,5.0,171.0,171.0,6004108
ILE DE FRANCE,2015-12-24 19:00:00,2015,358,19:00:00,358.79,292.0,0.0,26.0,0.0,10.0,133.0,0.0,8920.0,0.0,0.0,2149.0,1787.0,0.0,0.0,61.0,114.0,19.0,19.0,300.0,300.0,12082144
ILE DE FRANCE,2016-08-17 15:30:00,2016,230,15:30:00,230.65,-1.0,0.0,1.0,38.0,4.0,139.0,0.0,6808.0,0.0,0.0,2149.0,1647.0,0.0,0.0,61.0,115.0,19.0,19.0,300.0,300.0,12117132
BRETAGNE,2021-01-22 00:00:00,2021,22,00:00:00,22.0,242.0,0.0,16.0,0.0,17.0,47.0,-20.0,3312.0,0.0,0.0,982.0,982.0,0.0,0.0,1052.0,298.0,272.0,272.0,81.0,81.0,3394567
HAUTS DE FRANCE,2013-06-12 17:00:00,2013,163,17:00:00,163.71,269.0,3571.0,599.0,20.0,1.0,62.0,0.0,1008.0,0.0,0.0,2268.0,2268.0,5460.0,5460.0,2126.0,210.0,5.0,5.0,139.0,139.0,5987883
ILE DE FRANCE,2016-10-15 23:00:00,2016,289,23:00:00,289.96,138.0,0.0,12.0,0.0,9.0,121.0,0.0,8034.0,0.0,0.0,2149.0,1665.0,0.0,0.0,61.0,115.0,19.0,19.0,300.0,300.0,12117132
NORMANDIE,2017-08-06 22:00:00,2017,218,22:00:00,218.92,239.0,5947.0,16.0,0.0,9.0,51.0,0.0,-3827.0,0.0,0.0,785.0,205.0,10640.0,9604.0,637.0,222.0,31.0,31.0,99.0,99.0,3330478
PAYS DE LA LOIRE,2018-01-22 10:00:00,2018,22,10:00:00,22.42,583.0,0.0,689.0,6.0,2.0,44.0,0.0,2747.0,0.0,0.0,1954.0,1954.0,0.0,0.0,786.0,534.0,8.0,8.0,69.0,69.0,3781423
AUVERGNE RHONE ALPES,2019-05-25 19:00:00,2019,145,19:00:00,145.79,17.0,8743.0,112.0,116.0,3873.0,134.0,-334.0,-6581.0,0.0,0.0,1027.0,626.0,13570.0,12689.0,607.0,1153.0,11247.0,11071.0,189.0,189.0,8042936
AUVERGNE RHONE ALPES,2013-12-22 00:30:00,2013,356,00:30:00,356.02,182.0,13211.0,256.0,0.0,2679.0,85.0,-660.0,-7643.0,0.0,0.0,930.0,930.0,13570.0,13570.0,335.0,761.0,11132.0,10975.0,125.0,125.0,7757595
BOURGOGNE FRANCHE COMTE,2013-02-04 23:30:00,2013,35,23:30:00,35.98,188.0,0.0,56.0,0.0,154.0,14.0,0.0,2436.0,0.0,0.0,301.0,301.0,0.0,0.0,204.0,226.0,479.0,479.0,24.0,24.0,2819783
OCCITANIE,2021-10-21 02:00:00,2021,294,02:00:00,294.08,0.0,1214.0,336.0,0.0,303.0,87.0,-632.0,1945.0,0.0,0.0,325.0,325.0,2620.0,2620.0,1593.0,2718.0,5499.0,5464.0,173.0,173.0,6022176
BOURGOGNE FRANCHE COMTE,2023-01-17 15:00:00,2023,17,15:00:00,17.62,165.0,0.0,130.0,25.0,267.0,50.0,0.0,2592.0,0.0,0.0,401.0,401.0,0.0,0.0,1067.0,643.0,524.0,524.0,76.0,76.0,2786296
GRAND EST,2022-04-25 02:30:00,2022,115,02:30:00,115.1,1283.0,4969.0,431.0,0.0,635.0,160.0,-344.0,-2904.0,0.0,0.0,3590.0,3163.0,10820.0,9709.0,4254.0,1004.0,2306.0,2104.0,235.0,235.0,5563889
GRAND EST,2013-12-28 17:30:00,2013,362,17:30:00,362.73,231.0,9591.0,768.0,0.0,1371.0,67.0,0.0,-6571.0,0.0,0.0,3398.0,3203.0,10820.0,10820.0,1973.0,507.0,2282.0,2282.0,94.0,94.0,5552388
NOUVELLE AQUITAINE,2017-10-16 16:00:00,2017,289,16:00:00,289.67,75.0,6505.0,120.0,984.0,42.0,183.0,0.0,-3322.0,0.0,0.0,465.0,465.0,6630.0,6630.0,842.0,2044.0,1780.0,1672.0,307.0,307.0,5956978
ILE DE FRANCE,2020-10-15 11:00:00,2020,289,11:00:00,289.46,0.0,0.0,17.0,19.0,7.0,89.0,0.0,9404.0,0.0,0.0,2170.0,2055.0,0.0,0.0,125.0,168.0,20.0,20.0,314.0,314.0,12271794
PROVENCE ALPES COTE D AZUR,2013-06-02 04:00:00,2013,153,04:00:00,153.17,188.0,0.0,42.0,0.0,2059.0,35.0,-2.0,1070.0,0.0,0.0,2590.0,2528.0,0.0,0.0,45.0,694.0,3158.0,3158.0,151.0,151.0,4953675
OCCITANIE,2017-07-17 02:30:00,2017,198,02:30:00,198.1,0.0,1249.0,175.0,0.0,289.0,85.0,-664.0,2010.0,0.0,0.0,282.0,282.0,2620.0,1310.0,1249.0,1728.0,5475.0,5270.0,140.0,140.0,5845102
GRAND EST,2015-01-22 04:30:00,2015,22,04:30:00,22.19,1630.0,11920.0,370.0,0.0,943.0,79.0,-535.0,-8333.0,0.0,0.0,3400.0,3200.0,10820.0,10510.0,2340.0,523.0,2284.0,2082.0,108.0,108.0,5559051
BOURGOGNE FRANCHE COMTE,2021-12-01 01:00:00,2021,335,01:00:00,335.04,173.0,0.0,668.0,0.0,31.0,49.0,0.0,2009.0,0.0,0.0,401.0,401.0,0.0,0.0,992.0,482.0,524.0,524.0,72.0,72.0,2800194
BRETAGNE,2015-12-26 00:00:00,2015,360,00:00:00,360.0,138.0,0.0,420.0,0.0,185.0,36.0,-1.0,1920.0,0.0,0.0,766.0,766.0,0.0,0.0,819.0,223.0,275.0,275.0,56.0,56.0,3293850
PROVENCE ALPES COTE D AZUR,2013-02-20 13:00:00,2013,51,13:00:00,51.54,331.0,0.0,23.0,366.0,1821.0,75.0,0.0,3557.0,0.0,0.0,2590.0,2236.0,0.0,0.0,45.0,670.0,3158.0,3158.0,149.0,149.0,4953675
GRAND EST,2013-01-28 00:00:00,2013,28,00:00:00,28.0,1916.0,9717.0,220.0,0.0,720.0,58.0,0.0,-6697.0,0.0,0.0,3398.0,3398.0,10820.0,10820.0,1812.0,499.0,2280.0,2280.0,79.0,79.0,5552388
OCCITANIE,2017-10-25 21:30:00,2017,298,21:30:00,298.9,0.0,2537.0,102.0,0.0,866.0,96.0,0.0,147.0,0.0,0.0,282.0,282.0,2620.0,2620.0,1264.0,1761.0,5476.0,5249.0,140.0,140.0,5845102
GRAND EST,2020-03-05 01:00:00,2020,65,01:00:00,65.04,1328.0,6682.0,1135.0,0.0,1046.0,111.0,0.0,-4777.0,0.0,0.0,3535.0,3535.0,10820.0,9642.0,3606.0,617.0,2303.0,2035.0,181.0,181.0,5562651
HAUTS DE FRANCE,2016-01-07 00:30:00,2016,7,00:30:00,7.02,597.0,5262.0,509.0,0.0,2.0,125.0,0.0,298.0,0.0,0.0,2301.0,2301.0,5460.0,5460.0,2878.0,213.0,5.0,5.0,160.0,160.0,6006870
CENTRE VAL DE LOIRE,2013-08-15 02:30:00,2013,227,02:30:00,227.1,6.0,6297.0,55.0,0.0,0.0,36.0,0.0,-4995.0,0.0,0.0,162.0,162.0,11630.0,11630.0,707.0,211.0,91.0,91.0,56.0,56.0,2570548
HAUTS DE FRANCE,2021-04-12 20:30:00,2021,102,20:30:00,102.85,1617.0,3625.0,272.0,1.0,3.0,107.0,0.0,766.0,0.0,0.0,2990.0,2990.0,5460.0,5460.0,5430.0,354.0,5.0,5.0,182.0,182.0,5995292
CENTRE VAL DE LOIRE,2021-01-31 16:00:00,2021,31,16:00:00,31.67,118.0,9103.0,347.0,24.0,60.0,64.0,0.0,-7663.0,0.0,0.0,229.0,229.0,11630.0,10520.0,1278.0,448.0,92.0,92.0,88.0,88.0,2573303
PAYS DE LA LOIRE,2014-04-08 22:30:00,2014,98,22:30:00,98.94,864.0,0.0,45.0,0.0,3.0,36.0,0.0,2041.0,0.0,0.0,1864.0,1429.0,0.0,0.0,518.0,409.0,6.0,6.0,58.0,58.0,3690833
PAYS DE LA LOIRE,2020-01-24 09:30:00,2020,24,09:30:00,24.4,1251.0,0.0,111.0,8.0,6.0,54.0,0.0,3947.0,0.0,0.0,2050.0,1857.0,0.0,0.0,977.0,626.0,10.0,10.0,76.0,76.0,3832120
NOUVELLE AQUITAINE,2021-11-02 00:00:00,2021,306,00:00:00,306.0,166.0,4308.0,565.0,0.0,207.0,190.0,0.0,-841.0,0.0,0.0,578.0,578.0,6630.0,5135.0,1368.0,3353.0,1784.0,1784.0,354.0,354.0,6069352
PAYS DE LA LOIRE,2019-06-09 08:30:00,2019,160,08:30:00,160.35,14.0,0.0,36.0,43.0,3.0,56.0,0.0,1660.0,0.0,0.0,2037.0,1664.0,0.0,0.0,926.0,584.0,8.0,8.0,71.0,71.0,3806461
NORMANDIE,2013-01-27 00:30:00,2013,27,00:30:00,27.02,1321.0,10169.0,346.0,0.0,21.0,49.0,0.0,-7558.0,0.0,0.0,761.0,761.0,10640.0,10640.0,423.0,206.0,22.0,22.0,88.0,88.0,3328364
NOUVELLE AQUITAINE,2021-05-12 23:00:00,2021,132,23:00:00,132.96,21.0,4265.0,715.0,0.0,481.0,205.0,0.0,-949.0,0.0,0.0,578.0,578.0,6630.0,6630.0,1301.0,3061.0,1784.0,1784.0,353.0,353.0,6069352
NORMANDIE,2021-05-05 22:00:00,2021,125,22:00:00,125.92,227.0,6938.0,217.0,0.0,10.0,81.0,0.0,-4226.0,0.0,0.0,852.0,852.0,10640.0,10040.0,872.0,280.0,31.0,31.0,147.0,147.0,3327966
NORMANDIE,2013-09-19 16:30:00,2013,262,16:30:00,262.69,648.0,7628.0,255.0,24.0,13.0,38.0,0.0,-5595.0,0.0,0.0,761.0,761.0,10640.0,9310.0,444.0,209.0,23.0,23.0,88.0,88.0,3328364
BOURGOGNE FRANCHE COMTE,2019-01-12 02:30:00,2019,12,02:30:00,12.1,166.0,0.0,65.0,0.0,97.0,33.0,0.0,2771.0,0.0,0.0,401.0,401.0,0.0,0.0,780.0,329.0,520.0,520.0,65.0,65.0,2805580
AUVERGNE RHONE ALPES,2015-09-02 11:00:00,2015,245,11:00:00,245.46,391.0,9425.0,53.0,283.0,2346.0,91.0,-16.0,-5024.0,0.0,0.0,944.0,944.0,13570.0,12797.0,372.0,888.0,11183.0,10961.0,141.0,141.0,7877698
GRAND EST,2022-07-17 23:00:00,2022,198,23:00:00,198.96,849.0,2436.0,716.0,0.0,1007.0,154.0,0.0,-1254.0,0.0,0.0,3590.0,3157.0,10820.0,9761.0,4290.0,1070.0,2308.0,2005.0,235.0,235.0,5563889
ILE DE FRANCE,2013-02-15 23:00:00,2013,46,23:00:00,46.96,933.0,0.0,0.0,0.0,0.0,134.0,0.0,10368.0,0.0,0.0,2121.0,2121.0,0.0,0.0,37.0,108.0,19.0,19.0,262.0,262.0,11959807
NOUVELLE AQUITAINE,2016-06-13 23:30:00,2016,165,23:30:00,165.98,37.0,3203.0,261.0,-1.0,793.0,170.0,0.0,-337.0,0.0,0.0,429.0,429.0,6630.0,5603.0,579.0,1867.0,1778.0,1672.0,280.0,280.0,5935603
PAYS DE LA LOIRE,2017-04-30 03:00:00,2017,120,03:00:00,120.12,0.0,0.0,391.0,0.0,1.0,43.0,0.0,1874.0,0.0,0.0,1921.0,1307.0,0.0,0.0,713.0,497.0,8.0,8.0,65.0,65.0,3757600
GRAND EST,2017-06-04 11:00:00,2017,155,11:00:00,155.46,39.0,7182.0,239.0,180.0,1298.0,83.0,-178.0,-5007.0,0.0,0.0,3453.0,2914.0,10820.0,9564.0,2914.0,537.0,2298.0,1994.0,140.0,140.0,5549586
PROVENCE ALPES COTE D AZUR,2017-01-05 21:30:00,2017,5,21:30:00,5.9,2430.0,0.0,31.0,0.0,1801.0,122.0,0.0,2070.0,0.0,0.0,2630.0,2385.0,0.0,0.0,48.0,1056.0,3193.0,3193.0,354.0,354.0,5030890
NORMANDIE,2016-09-29 03:30:00,2016,273,03:30:00,273.15,654.0,3178.0,166.0,0.0,14.0,56.0,0.0,-1791.0,0.0,0.0,773.0,656.0,10640.0,9479.0,606.0,219.0,31.0,31.0,96.0,96.0,3335929
ILE DE FRANCE,2018-06-15 00:00:00,2018,166,00:00:00,166.0,-1.0,0.0,2.0,0.0,8.0,157.0,0.0,6617.0,0.0,0.0,2157.0,2071.0,0.0,0.0,88.0,122.0,20.0,20.0,306.0,306.0,12213447
GRAND EST,2020-04-11 03:00:00,2020,102,03:00:00,102.12,56.0,5104.0,526.0,0.0,633.0,114.0,0.0,-3132.0,0.0,0.0,3535.0,3089.0,10820.0,9539.0,3606.0,618.0,2303.0,1928.0,183.0,183.0,5562651
BOURGOGNE FRANCHE COMTE,2017-02-21 11:30:00,2017,52,11:30:00,52.48,140.0,0.0,170.0,14.0,67.0,24.0,0.0,2830.0,0.0,0.0,331.0,331.0,0.0,0.0,574.0,266.0,518.0,518.0,31.0,31.0,2811423
OCCITANIE,2021-05-21 01:00:00,2021,141,01:00:00,141.04,0.0,1269.0,21.0,0.0,1228.0,72.0,-53.0,786.0,0.0,0.0,318.0,318.0,2620.0,2620.0,1593.0,2549.0,5499.0,5266.0,172.0,172.0,6022176
NORMANDIE,2021-04-18 15:00:00,2021,108,15:00:00,108.62,208.0,4888.0,56.0,125.0,11.0,82.0,0.0,-2772.0,0.0,0.0,852.0,852.0,10640.0,9797.0,872.0,280.0,31.0,31.0,146.0,146.0,3327966
GRAND EST,2021-10-05 15:00:00,2021,278,15:00:00,278.62,444.0,5008.0,2280.0,157.0,621.0,141.0,0.0,-3212.0,0.0,0.0,3585.0,3585.0,10820.0,10264.0,3978.0,947.0,2305.0,2103.0,209.0,209.0,5561287
CENTRE VAL DE LOIRE,2020-01-18 01:30:00,2020,18,01:30:00,18.06,125.0,9161.0,556.0,0.0,3.0,60.0,0.0,-7243.0,0.0,0.0,229.0,229.0,11630.0,10993.0,1223.0,350.0,91.0,91.0,86.0,86.0,2574863
ILE DE FRANCE,2021-12-25 22:30:00,2021,359,22:30:00,359.94,521.0,0.0,9.0,0.0,10.0,151.0,0.0,7523.0,0.0,0.0,2171.0,2171.0,0.0,0.0,148.0,194.0,20.0,20.0,314.0,314.0,12317279
BRETAGNE,2016-05-31 09:00:00,2016,152,09:00:00,152.38,1.0,0.0,221.0,43.0,159.0,37.0,-1.0,1920.0,0.0,0.0,771.0,686.0,0.0,0.0,853.0,226.0,275.0,275.0,56.0,56.0,3306529
NORMANDIE,2021-01-16 23:30:00,2021,16,23:30:00,16.98,831.0,6375.0,232.0,0.0,9.0,99.0,0.0,-3545.0,0.0,0.0,852.0,852.0,10640.0,9310.0,831.0,273.0,31.0,31.0,146.0,146.0,3327966
NORMANDIE,2020-02-04 10:30:00,2020,35,10:30:00,35.44,413.0,5131.0,669.0,41.0,14.0,59.0,0.0,-2175.0,0.0,0.0,833.0,833.0,10640.0,9310.0,806.0,262.0,31.0,31.0,110.0,110.0,3325522
GRAND EST,2020-08-04 02:00:00,2020,217,02:00:00,217.08,447.0,6285.0,978.0,0.0,925.0,108.0,0.0,-5168.0,0.0,0.0,3535.0,3101.0,10820.0,9578.0,3711.0,630.0,2304.0,1860.0,184.0,184.0,5562651
BOURGOGNE FRANCHE COMTE,2022-06-05 07:30:00,2022,156,07:30:00,156.31,0.0,0.0,275.0,23.0,29.0,53.0,-66.0,1007.0,0.0,0.0,401.0,401.0,0.0,0.0,1049.0,533.0,524.0,524.0,75.0,75.0,2797366
PROVENCE ALPES COTE D AZUR,2014-11-11 00:30:00,2014,315,00:30:00,315.02,620.0,0.0,0.0,0.0,1257.0,69.0,0.0,2699.0,0.0,0.0,2595.0,2321.0,0.0,0.0,45.0,877.0,3168.0,3168.0,170.0,170.0,4983438
GRAND EST,2018-01-02 23:00:00,2018,2,23:00:00,2.96,197.0,11403.0,2478.0,0.0,1160.0,90.0,-186.0,-9496.0,0.0,0.0,3471.0,3471.0,10820.0,9940.0,3053.0,551.0,2300.0,2002.0,145.0,145.0,5550389
GRAND EST,2017-08-11 09:00:00,2017,223,09:00:00,223.38,744.0,7642.0,44.0,57.0,1155.0,78.0,0.0,-5580.0,0.0,0.0,3453.0,2991.0,10820.0,9713.0,2996.0,548.0,2298.0,1947.0,141.0,141.0,5549586
BOURGOGNE FRANCHE COMTE,2020-09-26 15:30:00,2020,270,15:30:00,270.65,60.0,0.0,502.0,140.0,26.0,27.0,0.0,1213.0,0.0,0.0,401.0,401.0,0.0,0.0,889.0,371.0,521.0,521.0,70.0,70.0,2801695
BRETAGNE,2018-01-26 13:30:00,2018,26,13:30:00,26.56,228.0,0.0,278.0,43.0,20.0,44.0,-27.0,2864.0,0.0,0.0,904.0,904.0,0.0,0.0,951.0,250.0,270.0,270.0,67.0,67.0,3335414
CENTRE VAL DE LOIRE,2014-11-12 19:30:00,2014,316,19:30:00,316.81,74.0,10561.0,182.0,0.0,32.0,50.0,0.0,-8238.0,0.0,0.0,162.0,162.0,11630.0,11630.0,801.0,222.0,91.0,91.0,71.0,71.0,2577435
GRAND EST,2019-06-21 21:30:00,2019,172,21:30:00,172.9,1210.0,7044.0,608.0,3.0,1240.0,110.0,-179.0,-5753.0,0.0,0.0,3531.0,3104.0,10820.0,9635.0,3427.0,582.0,2302.0,2011.0,170.0,170.0,5556219
NOUVELLE AQUITAINE,2017-11-07 16:00:00,2017,311,16:00:00,311.67,180.0,6711.0,13.0,566.0,201.0,179.0,0.0,-1919.0,0.0,0.0,473.0,473.0,6630.0,6630.0,866.0,2087.0,1780.0,1675.0,307.0,307.0,5956978
BOURGOGNE FRANCHE COMTE,2021-08-16 14:30:00,2021,228,14:30:00,228.6,24.0,0.0,269.0,129.0,42.0,31.0,0.0,1558.0,0.0,0.0,401.0,401.0,0.0,0.0,969.0,460.0,524.0,524.0,72.0,72.0,2800194
NORMANDIE,2016-09-30 02:00:00,2016,274,02:00:00,274.08,648.0,3444.0,64.0,0.0,15.0,56.0,0.0,-1725.0,0.0,0.0,773.0,643.0,10640.0,9310.0,606.0,219.0,31.0,31.0,96.0,96.0,3335929
NORMANDIE,2018-12-15 21:00:00,2018,349,21:00:00,349.88,402.0,6369.0,299.0,0.0,19.0,45.0,0.0,-2604.0,0.0,0.0,821.0,241.0,10640.0,9644.0,779.0,251.0,31.0,31.0,105.0,105.0,3327477
BOURGOGNE FRANCHE COMTE,2015-01-03 09:00:00,2015,3,09:00:00,3.38,105.0,0.0,162.0,0.0,62.0,22.0,0.0,2489.0,0.0,0.0,325.0,80.0,0.0,0.0,344.0,253.0,510.0,510.0,28.0,28.0,2820940
CENTRE VAL DE LOIRE,2018-08-27 20:00:00,2018,239,20:00:00,239.83,1.0,6812.0,56.0,10.0,0.0,66.0,0.0,-5147.0,0.0,0.0,216.0,216.0,11630.0,10724.0,1036.0,299.0,91.0,91.0,76.0,76.0,2572853
NOUVELLE AQUITAINE,2018-04-19 02:00:00,2018,109,02:00:00,109.08,23.0,4616.0,305.0,-1.0,531.0,171.0,0.0,-1934.0,0.0,0.0,482.0,482.0,6630.0,5501.0,924.0,2300.0,1781.0,1667.0,314.0,314.0,5979778
OCCITANIE,2020-01-09 09:00:00,2020,9,09:00:00,9.38,85.0,2490.0,533.0,61.0,2459.0,97.0,-17.0,332.0,0.0,0.0,308.0,308.0,2620.0,2620.0,1570.0,2160.0,5490.0,5329.0,146.0,146.0,5973969
NORMANDIE,2017-06-12 03:00:00,2017,163,03:00:00,163.12,272.0,4012.0,158.0,0.0,13.0,55.0,0.0,-2365.0,0.0,0.0,785.0,205.0,10640.0,9310.0,622.0,222.0,31.0,31.0,98.0,98.0,3330478
HAUTS DE FRANCE,2018-06-01 14:30:00,2018,152,14:30:00,152.6,768.0,3513.0,442.0,30.0,2.0,119.0,0.0,597.0,0.0,0.0,2922.0,2754.0,5460.0,4550.0,3865.0,220.0,5.0,5.0,170.0,170.0,6004108
AUVERGNE RHONE ALPES,2013-02-06 03:00:00,2013,37,03:00:00,37.12,283.0,11971.0,134.0,0.0,2836.0,61.0,-1590.0,-4501.0,0.0,0.0,914.0,914.0,13570.0,12235.0,335.0,707.0,11115.0,11115.0,106.0,106.0,7757595
PROVENCE ALPES COTE D AZUR,2016-11-24 02:00:00,2016,329,02:00:00,329.08,805.0,0.0,28.0,0.0,1057.0,90.0,0.0,2232.0,0.0,0.0,2628.0,2383.0,0.0,0.0,48.0,1049.0,3192.0,3192.0,354.0,354.0,5021928
PAYS DE LA LOIRE,2022-01-06 15:30:00,2022,6,15:30:00,6.65,827.0,0.0,109.0,77.0,4.0,58.0,0.0,3353.0,0.0,0.0,2068.0,2068.0,0.0,0.0,1133.0,803.0,10.0,10.0,79.0,79.0,3878839
PROVENCE ALPES COTE D AZUR,2019-03-21 11:00:00,2019,80,11:00:00,80.46,1352.0,0.0,3.0,832.0,1189.0,102.0,0.0,1552.0,0.0,0.0,2674.0,2296.0,0.0,0.0,48.0,1336.0,3241.0,3115.0,357.0,207.0,5081101
HAUTS DE FRANCE,2018-04-15 21:30:00,2018,105,21:30:00,105.9,349.0,3561.0,639.0,0.0,3.0,121.0,0.0,345.0,0.0,0.0,2922.0,2337.0,5460.0,4550.0,3829.0,218.0,5.0,5.0,170.0,170.0,6004108
CENTRE VAL DE LOIRE,2017-08-23 01:30:00,2017,235,01:30:00,235.06,0.0,7803.0,255.0,0.0,0.0,58.0,0.0,-6504.0,0.0,0.0,198.0,198.0,11630.0,10780.0,963.0,273.0,91.0,91.0,76.0,76.0,2576252
CENTRE VAL DE LOIRE,2017-02-24 09:00:00,2017,55,09:00:00,55.38,106.0,11658.0,220.0,39.0,13.0,49.0,0.0,-9174.0,0.0,0.0,198.0,198.0,11630.0,11630.0,937.0,264.0,91.0,91.0,76.0,76.0,2576252
PROVENCE ALPES COTE D AZUR,2016-11-29 03:00:00,2016,334,03:00:00,334.12,1957.0,0.0,5.0,0.0,1315.0,99.0,0.0,1389.0,0.0,0.0,2628.0,2326.0,0.0,0.0,48.0,1054.0,3192.0,3192.0,354.0,354.0,5021928
NOUVELLE AQUITAINE,2014-06-10 03:00:00,2014,161,03:00:00,161.12,26.0,5648.0,50.0,0.0,371.0,137.0,0.0,-2819.0,0.0,0.0,421.0,421.0,6630.0,6630.0,436.0,1110.0,1772.0,1772.0,220.0,220.0,5879144
CENTRE VAL DE LOIRE,2021-08-23 03:00:00,2021,235,03:00:00,235.12,0.0,7989.0,284.0,0.0,0.0,58.0,0.0,-6947.0,0.0,0.0,229.0,229.0,11630.0,10740.0,1360.0,592.0,92.0,92.0,89.0,89.0,2573303
GRAND EST,2019-07-21 11:00:00,2019,202,11:00:00,202.46,321.0,4325.0,52.0,394.0,878.0,126.0,0.0,-2055.0,0.0,0.0,3531.0,3118.0,10820.0,9551.0,3434.0,586.0,2302.0,1922.0,171.0,171.0,5556219
HAUTS DE FRANCE,2019-11-17 20:30:00,2019,321,20:30:00,321.85,2011.0,3608.0,761.0,0.0,2.0,134.0,0.0,3.0,0.0,0.0,2970.0,2970.0,5460.0,4550.0,4701.0,239.0,5.0,5.0,180.0,180.0,6004947
PROVENCE ALPES COTE D AZUR,2015-06-24 04:30:00,2015,175,04:30:00,175.19,149.0,0.0,34.0,0.0,860.0,75.0,0.0,2091.0,0.0,0.0,2610.0,2265.0,0.0,0.0,45.0,917.0,3168.0,3168.0,183.0,183.0,5007977
NORMANDIE,2016-09-29 07:30:00,2016,273,07:30:00,273.31,676.0,3652.0,217.0,0.0,13.0,57.0,0.0,-1643.0,0.0,0.0,773.0,656.0,10640.0,9479.0,606.0,219.0,31.0,31.0,96.0,96.0,3335929
BRETAGNE,2020-01-06 18:00:00,2020,6,18:00:00,6.75,255.0,0.0,271.0,0.0,17.0,51.0,-3.0,3236.0,0.0,0.0,978.0,978.0,0.0,0.0,1021.0,276.0,272.0,272.0,77.0,77.0,3373835
NORMANDIE,2014-05-15 22:30:00,2014,135,22:30:00,135.94,231.0,8597.0,110.0,0.0,17.0,50.0,0.0,-5911.0,0.0,0.0,761.0,181.0,10640.0,10640.0,473.0,212.0,24.0,24.0,89.0,89.0,3335645
ILE DE FRANCE,2020-09-27 22:00:00,2020,271,22:00:00,271.92,0.0,0.0,65.0,0.0,5.0,137.0,0.0,6464.0,0.0,0.0,2170.0,2023.0,0.0,0.0,125.0,168.0,20.0,20.0,314.0,314.0,12271794
HAUTS DE FRANCE,2020-11-22 04:00:00,2020,327,04:00:00,327.17,1266.0,4460.0,1186.0,0.0,1.0,124.0,0.0,-2125.0,0.0,0.0,2984.0,2984.0,5460.0,4590.0,5303.0,272.0,5.0,5.0,181.0,181.0,5997734
AUVERGNE RHONE ALPES,2019-08-06 22:30:00,2019,218,22:30:00,218.94,12.0,10261.0,50.0,0.0,3456.0,110.0,-19.0,-8001.0,0.0,0.0,1027.0,626.0,13570.0,12682.0,635.0,1172.0,11631.0,11446.0,190.0,190.0,8042936
BOURGOGNE FRANCHE COMTE,2015-04-04 03:00:00,2015,94,03:00:00,94.12,22.0,0.0,6.0,0.0,113.0,19.0,0.0,2118.0,0.0,0.0,325.0,80.0,0.0,0.0,344.0,254.0,510.0,510.0,29.0,29.0,2820940
AUVERGNE RHONE ALPES,2014-11-05 04:30:00,2014,309,04:30:00,309.19,221.0,9544.0,59.0,0.0,2250.0,125.0,-1997.0,-3465.0,0.0,0.0,940.0,940.0,13570.0,12655.0,347.0,835.0,11153.0,11001.0,141.0,141.0,7820966
OCCITANIE,2018-03-16 07:30:00,2018,75,07:30:00,75.31,82.0,2494.0,37.0,19.0,3211.0,77.0,-17.0,-848.0,0.0,0.0,291.0,291.0,2620.0,2620.0,1365.0,1851.0,5482.0,5302.0,145.0,145.0,5885496
OCCITANIE,2015-04-05 05:00:00,2015,95,05:00:00,95.21,-6.0,1507.0,577.0,0.0,1411.0,78.0,-52.0,-90.0,0.0,0.0,266.0,266.0,2620.0,2620.0,943.0,1384.0,5448.0,4880.0,133.0,133.0,5774185
BOURGOGNE FRANCHE COMTE,2018-05-11 14:00:00,2018,131,14:00:00,131.58,22.0,0.0,20.0,175.0,41.0,27.0,0.0,1856.0,0.0,0.0,386.0,386.0,0.0,0.0,676.0,306.0,520.0,443.0,36.0,36.0,2807807
ILE DE FRANCE,2016-04-15 16:00:00,2016,106,16:00:00,106.67,-5.0,0.0,18.0,27.0,9.0,99.0,0.0,8042.0,0.0,0.0,2149.0,1968.0,0.0,0.0,61.0,114.0,19.0,19.0,300.0,300.0,12117132
PROVENCE ALPES COTE D AZUR,2019-01-14 23:30:00,2019,14,23:30:00,14.98,1834.0,0.0,44.0,0.0,1299.0,71.0,0.0,3126.0,0.0,0.0,2673.0,2296.0,0.0,0.0,48.0,1325.0,3235.0,3111.0,357.0,207.0,5081101
OCCITANIE,2017-12-01 01:30:00,2017,335,01:30:00,335.06,89.0,2519.0,286.0,0.0,757.0,96.0,-841.0,2801.0,0.0,0.0,291.0,291.0,2620.0,2620.0,1308.0,1785.0,5481.0,5254.0,145.0,145.0,5845102
GRAND EST,2021-10-27 23:30:00,2021,300,23:30:00,300.98,1583.0,7966.0,707.0,1.0,467.0,127.0,0.0,-5366.0,0.0,0.0,3589.0,3589.0,10820.0,10076.0,4046.0,950.0,2305.0,2103.0,209.0,209.0,5561287
HAUTS DE FRANCE,2017-05-13 09:00:00,2017,133,09:00:00,133.38,333.0,3541.0,454.0,22.0,1.0,98.0,0.0,474.0,0.0,0.0,2900.0,2325.0,5460.0,4550.0,3415.0,214.0,5.0,5.0,165.0,165.0,6003815
PROVENCE ALPES COTE D AZUR,2014-07-18 21:00:00,2014,199,21:00:00,199.88,114.0,0.0,3.0,5.0,1457.0,74.0,0.0,2975.0,0.0,0.0,2592.0,2268.0,0.0,0.0,45.0,869.0,3165.0,3165.0,170.0,170.0,4983438
OCCITANIE,2021-05-22 20:30:00,2021,142,20:30:00,142.85,0.0,1270.0,512.0,67.0,1105.0,51.0,-512.0,971.0,0.0,0.0,318.0,318.0,2620.0,2620.0,1593.0,2549.0,5499.0,5266.0,172.0,172.0,6022176
HAUTS DE FRANCE,2016-10-29 09:00:00,2016,303,09:00:00,303.38,1221.0,2741.0,25.0,2.0,1.0,118.0,0.0,1330.0,0.0,0.0,2882.0,2745.0,5460.0,4550.0,3195.0,214.0,5.0,5.0,164.0,164.0,6006870
BOURGOGNE FRANCHE COMTE,2022-05-17 01:30:00,2022,137,01:30:00,137.06,15.0,0.0,156.0,0.0,24.0,49.0,0.0,1497.0,0.0,0.0,401.0,401.0,0.0,0.0,1049.0,531.0,524.0,524.0,75.0,75.0,2797366
NOUVELLE AQUITAINE,2018-06-11 09:30:00,2018,162,09:30:00,162.4,20.0,4121.0,99.0,366.0,802.0,204.0,0.0,-1186.0,0.0,0.0,482.0,482.0,6630.0,5767.0,924.0,2321.0,1781.0,1668.0,315.0,315.0,5979778
GRAND EST,2020-11-26 12:00:00,2020,331,12:00:00,331.5,1881.0,10689.0,149.0,230.0,753.0,127.0,0.0,-7035.0,0.0,0.0,3585.0,3214.0,10820.0,9671.0,3833.0,673.0,2305.0,2103.0,192.0,192.0,5562651
CENTRE VAL DE LOIRE,2014-05-13 00:30:00,2014,133,00:30:00,133.02,1.0,7967.0,117.0,0.0,4.0,42.0,0.0,-6066.0,0.0,0.0,162.0,162.0,11630.0,11630.0,749.0,215.0,91.0,91.0,56.0,56.0,2577435
ILE DE FRANCE,2020-11-27 13:30:00,2020,332,13:30:00,332.56,480.0,0.0,0.0,33.0,7.0,113.0,0.0,9194.0,0.0,0.0,2171.0,2171.0,0.0,0.0,125.0,169.0,20.0,20.0,314.0,314.0,12271794
OCCITANIE,2020-03-20 06:00:00,2020,80,06:00:00,80.25,70.0,2446.0,606.0,0.0,1682.0,100.0,-52.0,-1364.0,0.0,0.0,314.0,314.0,2620.0,2620.0,1579.0,2198.0,5491.0,5210.0,171.0,171.0,5973969
GRAND EST,2015-12-14 16:00:00,2015,348,16:00:00,348.67,2352.0,12416.0,86.0,21.0,486.0,80.0,0.0,-9040.0,0.0,0.0,3424.0,3203.0,10820.0,10820.0,2548.0,525.0,2285.0,2083.0,119.0,119.0,5559051
AUVERGNE RHONE ALPES,2022-04-25 21:00:00,2022,115,21:00:00,115.88,403.0,7873.0,46.0,0.0,4962.0,104.0,-3.0,-6388.0,0.0,0.0,1048.0,1048.0,13570.0,12664.0,723.0,1676.0,11781.0,11615.0,208.0,208.0,8155762
OCCITANIE,2018-08-01 21:00:00,2018,213,21:00:00,213.88,0.0,1229.0,198.0,13.0,1107.0,66.0,0.0,1846.0,0.0,0.0,295.0,295.0,2620.0,1310.0,1425.0,1926.0,5485.0,5259.0,146.0,146.0,5885496
NOUVELLE AQUITAINE,2013-06-12 23:00:00,2013,163,23:00:00,163.96,29.0,4203.0,21.0,0.0,639.0,134.0,0.0,-496.0,0.0,0.0,421.0,421.0,6630.0,6630.0,356.0,971.0,1759.0,1759.0,210.0,210.0,5844177
BRETAGNE,2013-12-31 20:00:00,2013,365,20:00:00,365.83,75.0,0.0,326.0,0.0,18.0,25.0,-55.0,2709.0,0.0,0.0,684.0,684.0,0.0,0.0,747.0,208.0,251.0,251.0,49.0,49.0,3258707
BRETAGNE,2018-05-14 15:00:00,2018,134,15:00:00,134.62,1.0,0.0,318.0,152.0,111.0,41.0,-1.0,1715.0,0.0,0.0,904.0,794.0,0.0,0.0,951.0,252.0,270.0,270.0,68.0,68.0,3335414
PROVENCE ALPES COTE D AZUR,2018-05-23 19:00:00,2018,143,19:00:00,143.79,28.0,0.0,0.0,233.0,2089.0,92.0,0.0,1788.0,0.0,0.0,2666.0,2253.0,0.0,0.0,48.0,1248.0,3233.0,3233.0,357.0,207.0,5052832
OCCITANIE,2020-06-20 05:00:00,2020,172,05:00:00,172.21,0.0,2411.0,201.0,0.0,1112.0,67.0,-472.0,-735.0,0.0,0.0,314.0,314.0,2620.0,1310.0,1579.0,2238.0,5493.0,5267.0,171.0,171.0,5973969
NOUVELLE AQUITAINE,2022-07-16 03:00:00,2022,197,03:00:00,197.12,40.0,1790.0,654.0,0.0,198.0,186.0,0.0,635.0,0.0,0.0,579.0,579.0,6630.0,5613.0,1542.0,3729.0,1786.0,1661.0,356.0,356.0,6098051
CENTRE VAL DE LOIRE,2021-11-11 12:00:00,2021,315,12:00:00,315.5,71.0,7967.0,6.0,249.0,5.0,63.0,0.0,-5989.0,0.0,0.0,229.0,229.0,11630.0,10735.0,1360.0,663.0,92.0,92.0,90.0,90.0,2573303
OCCITANIE,2015-08-04 04:30:00,2015,216,04:30:00,216.19,-5.0,262.0,276.0,0.0,438.0,79.0,-614.0,2294.0,0.0,0.0,266.0,0.0,2620.0,1310.0,1039.0,1426.0,5454.0,5227.0,133.0,133.0,5774185
ILE DE FRANCE,2016-09-14 14:00:00,2016,258,14:00:00,258.58,329.0,0.0,1.0,41.0,6.0,125.0,0.0,7701.0,0.0,0.0,2149.0,1676.0,0.0,0.0,61.0,115.0,19.0,19.0,300.0,300.0,12117132
BOURGOGNE FRANCHE COMTE,2016-11-11 08:00:00,2016,316,08:00:00,316.33,125.0,0.0,240.0,0.0,87.0,23.0,0.0,2095.0,0.0,0.0,329.0,329.0,0.0,0.0,516.0,265.0,516.0,231.0,31.0,31.0,2818338
AUVERGNE RHONE ALPES,2021-06-22 05:00:00,2021,173,05:00:00,173.21,50.0,8831.0,101.0,0.0,3615.0,108.0,-928.0,-6533.0,0.0,0.0,1047.0,1047.0,13570.0,12690.0,723.0,1481.0,11771.0,11624.0,208.0,208.0,8114361
NOUVELLE AQUITAINE,2022-05-04 00:00:00,2022,124,00:00:00,124.0,22.0,3126.0,331.0,0.0,447.0,177.0,0.0,115.0,0.0,0.0,579.0,579.0,6630.0,5457.0,1441.0,3604.0,1784.0,1670.0,356.0,356.0,6098051
NORMANDIE,2016-05-12 18:00:00,2016,133,18:00:00,133.75,799.0,6475.0,31.0,13.0,19.0,45.0,0.0,-4536.0,0.0,0.0,773.0,773.0,10640.0,9418.0,563.0,218.0,31.0,31.0,95.0,95.0,3335929
HAUTS DE FRANCE,2015-05-15 13:30:00,2015,135,13:30:00,135.56,309.0,2857.0,354.0,43.0,2.0,107.0,0.0,2203.0,0.0,0.0,2301.0,2100.0,5460.0,4653.0,2728.0,213.0,5.0,5.0,159.0,159.0,6009976
BOURGOGNE FRANCHE COMTE,2022-08-14 07:30:00,2022,226,07:30:00,226.31,0.0,0.0,359.0,15.0,20.0,55.0,0.0,735.0,0.0,0.0,401.0,401.0,0.0,0.0,1067.0,594.0,524.0,524.0,75.0,75.0,2797366
BRETAGNE,2022-05-23 14:00:00,2022,143,14:00:00,143.58,598.0,0.0,108.0,120.0,0.0,56.0,-26.0,1476.0,0.0,0.0,1432.0,1339.0,0.0,0.0,1179.0,367.0,272.0,272.0,82.0,82.0,3414637
OCCITANIE,2015-08-25 16:00:00,2015,237,16:00:00,237.67,3.0,1119.0,28.0,809.0,620.0,91.0,0.0,1208.0,0.0,0.0,266.0,0.0,2620.0,1310.0,1039.0,1436.0,5455.0,5308.0,137.0,137.0,5774185
BRETAGNE,2018-01-19 01:00:00,2018,19,01:00:00,19.04,239.0,0.0,269.0,0.0,242.0,42.0,-1.0,2407.0,0.0,0.0,904.0,904.0,0.0,0.0,951.0,250.0,270.0,270.0,67.0,67.0,3335414
BOURGOGNE FRANCHE COMTE,2022-12-18 06:00:00,2022,352,06:00:00,352.25,169.0,0.0,207.0,0.0,62.0,31.0,-67.0,2462.0,0.0,0.0,401.0,401.0,0.0,0.0,1067.0,641.0,524.0,524.0,76.0,76.0,2797366
NOUVELLE AQUITAINE,2021-01-12 21:00:00,2021,12,21:00:00,12.88,216.0,6661.0,808.0,0.0,1130.0,184.0,0.0,-1605.0,0.0,0.0,576.0,576.0,6630.0,5525.0,1196.0,2836.0,1783.0,1783.0,351.0,351.0,6069352
PROVENCE ALPES COTE D AZUR,2019-12-09 02:00:00,2019,343,02:00:00,343.08,183.0,0.0,18.0,0.0,1196.0,106.0,0.0,3354.0,0.0,0.0,2679.0,2301.0,0.0,0.0,48.0,1424.0,3249.0,3125.0,357.0,207.0,5081101
PAYS DE LA LOIRE,2022-12-12 08:00:00,2022,346,08:00:00,346.33,1510.0,0.0,99.0,0.0,2.0,56.0,0.0,3824.0,0.0,0.0,2068.0,1825.0,0.0,0.0,1702.0,938.0,10.0,10.0,80.0,80.0,3878839
NOUVELLE AQUITAINE,2019-12-30 18:30:00,2019,364,18:30:00,364.77,161.0,5817.0,14.0,0.0,1062.0,165.0,0.0,-672.0,0.0,0.0,571.0,571.0,6630.0,5720.0,1075.0,2615.0,1783.0,1678.0,340.0,340.0,6010289
HAUTS DE FRANCE,2018-03-14 01:00:00,2018,73,01:00:00,73.04,601.0,4569.0,212.0,0.0,2.0,125.0,0.0,642.0,0.0,0.0,2922.0,2691.0,5460.0,4550.0,3819.0,218.0,5.0,5.0,170.0,170.0,6004108
PAYS DE LA LOIRE,2020-02-09 02:30:00,2020,40,02:30:00,40.1,191.0,0.0,655.0,0.0,5.0,57.0,0.0,2369.0,0.0,0.0,2050.0,1857.0,0.0,0.0,977.0,627.0,10.0,10.0,76.0,76.0,3832120
OCCITANIE,2015-07-17 06:30:00,2015,198,06:30:00,198.27,-3.0,2357.0,26.0,0.0,738.0,80.0,-632.0,773.0,0.0,0.0,266.0,0.0,2620.0,2620.0,1039.0,1417.0,5454.0,5227.0,133.0,133.0,5774185
CENTRE VAL DE LOIRE,2019-05-29 07:30:00,2019,149,07:30:00,149.31,1.0,9286.0,57.0,18.0,0.0,65.0,0.0,-7527.0,0.0,0.0,229.0,229.0,11630.0,10704.0,1160.0,314.0,91.0,91.0,84.0,84.0,2573180
CENTRE VAL DE LOIRE,2022-11-05 19:00:00,2022,309,19:00:00,309.79,37.0,5884.0,420.0,0.0,1.0,58.0,0.0,-4397.0,0.0,0.0,229.0,229.0,11630.0,10687.0,1551.0,789.0,93.0,93.0,91.0,91.0,2572916
NOUVELLE AQUITAINE,2017-12-08 15:30:00,2017,342,15:30:00,342.65,211.0,6602.0,322.0,319.0,234.0,160.0,0.0,-1216.0,0.0,0.0,478.0,478.0,6630.0,6353.0,882.0,2216.0,1780.0,1780.0,307.0,307.0,5956978
PROVENCE ALPES COTE D AZUR,2013-06-09 18:30:00,2013,160,18:30:00,160.77,171.0,0.0,13.0,118.0,2111.0,27.0,-2.0,1338.0,0.0,0.0,2590.0,2528.0,0.0,0.0,45.0,695.0,3158.0,3158.0,151.0,151.0,4953675
ILE DE FRANCE,2014-01-07 17:00:00,2014,7,17:00:00,7.71,251.0,0.0,7.0,0.0,2.0,146.0,0.0,9971.0,0.0,0.0,2122.0,2122.0,0.0,0.0,37.0,110.0,19.0,19.0,282.0,282.0,12027565
PROVENCE ALPES COTE D AZUR,2020-05-25 20:30:00,2020,146,20:30:00,146.85,74.0,0.0,12.0,28.0,2291.0,104.0,0.0,1129.0,0.0,0.0,2710.0,2279.0,0.0,0.0,48.0,1460.0,3259.0,3259.0,357.0,207.0,5098666
OCCITANIE,2018-07-11 03:00:00,2018,192,03:00:00,192.12,0.0,1154.0,172.0,0.0,885.0,81.0,-418.0,1443.0,0.0,0.0,295.0,295.0,2620.0,1310.0,1425.0,1918.0,5485.0,5298.0,146.0,146.0,5885496
NORMANDIE,2022-11-29 11:00:00,2022,333,11:00:00,333.46,480.0,5044.0,10.0,51.0,20.0,89.0,0.0,-2097.0,0.0,0.0,852.0,852.0,10640.0,9310.0,965.0,321.0,31.0,31.0,149.0,149.0,3327604
BOURGOGNE FRANCHE COMTE,2017-08-01 06:30:00,2017,213,06:30:00,213.27,53.0,0.0,61.0,0.0,16.0,21.0,0.0,1457.0,0.0,0.0,331.0,331.0,0.0,0.0,605.0,270.0,519.0,519.0,33.0,33.0,2811423
CENTRE VAL DE LOIRE,2019-12-09 13:30:00,2019,343,13:30:00,343.56,97.0,7436.0,963.0,74.0,12.0,55.0,0.0,-5785.0,0.0,0.0,229.0,229.0,11630.0,10746.0,1223.0,347.0,91.0,91.0,86.0,86.0,2573180
BOURGOGNE FRANCHE COMTE,2015-01-11 10:30:00,2015,11,10:30:00,11.44,108.0,0.0,162.0,32.0,105.0,20.0,0.0,2131.0,0.0,0.0,325.0,80.0,0.0,0.0,344.0,253.0,510.0,510.0,28.0,28.0,2820940
CENTRE VAL DE LOIRE,2020-09-04 07:30:00,2020,248,07:30:00,248.31,14.0,5532.0,10.0,0.0,0.0,66.0,0.0,-3883.0,0.0,0.0,229.0,229.0,11630.0,10632.0,1256.0,381.0,92.0,92.0,88.0,88.0,2574863
CENTRE VAL DE LOIRE,2016-06-01 01:30:00,2016,153,01:30:00,153.06,0.0,7953.0,262.0,0.0,51.0,42.0,0.0,-6467.0,0.0,0.0,170.0,170.0,11630.0,10874.0,874.0,249.0,91.0,91.0,71.0,71.0,2577866
BOURGOGNE FRANCHE COMTE,2022-03-14 12:00:00,2022,73,12:00:00,73.5,77.0,0.0,38.0,307.0,57.0,51.0,0.0,2382.0,0.0,0.0,401.0,401.0,0.0,0.0,1045.0,502.0,524.0,524.0,74.0,74.0,2797366
BOURGOGNE FRANCHE COMTE,2017-10-05 21:00:00,2017,278,21:00:00,278.88,56.0,0.0,166.0,0.0,82.0,14.0,0.0,2220.0,0.0,0.0,331.0,331.0,0.0,0.0,647.0,271.0,519.0,519.0,35.0,35.0,2811423
OCCITANIE,2021-05-01 12:30:00,2021,121,12:30:00,121.52,0.0,2449.0,664.0,424.0,838.0,86.0,-82.0,48.0,0.0,0.0,318.0,318.0,2620.0,2620.0,1593.0,2534.0,5499.0,5266.0,172.0,172.0,6022176
CENTRE VAL DE LOIRE,2016-01-26 19:30:00,2016,26,19:30:00,26.81,77.0,11479.0,596.0,0.0,4.0,53.0,0.0,-9222.0,0.0,0.0,170.0,170.0,11630.0,11630.0,844.0,243.0,91.0,91.0,71.0,71.0,2577866
BRETAGNE,2016-09-21 06:30:00,2016,265,06:30:00,265.27,1.0,0.0,73.0,0.0,200.0,38.0,-1.0,1583.0,0.0,0.0,773.0,688.0,0.0,0.0,877.0,230.0,275.0,275.0,57.0,57.0,3306529
OCCITANIE,2015-05-21 06:00:00,2015,141,06:00:00,141.25,-3.0,2337.0,493.0,0.0,1420.0,56.0,-688.0,-517.0,0.0,0.0,266.0,0.0,2620.0,2620.0,943.0,1397.0,5448.0,5221.0,133.0,133.0,5774185
NOUVELLE AQUITAINE,2019-07-29 00:30:00,2019,210,00:30:00,210.02,12.0,3969.0,35.0,0.0,127.0,171.0,0.0,-636.0,0.0,0.0,538.0,538.0,6630.0,5446.0,1017.0,2530.0,1782.0,1669.0,319.0,319.0,6010289
GRAND EST,2018-01-12 03:30:00,2018,12,03:30:00,12.15,519.0,11478.0,223.0,0.0,1095.0,89.0,-526.0,-7547.0,0.0,0.0,3471.0,3471.0,10820.0,9940.0,3053.0,551.0,2300.0,2002.0,145.0,145.0,5550389
NOUVELLE AQUITAINE,2016-04-06 22:30:00,2016,97,22:30:00,97.94,75.0,4293.0,105.0,-1.0,592.0,156.0,0.0,-350.0,0.0,0.0,429.0,429.0,6630.0,5525.0,559.0,1845.0,1778.0,1778.0,279.0,279.0,5935603
NOUVELLE AQUITAINE,2017-06-19 06:30:00,2017,170,06:30:00,170.27,36.0,3223.0,155.0,2.0,72.0,183.0,0.0,185.0,0.0,0.0,465.0,465.0,6630.0,5428.0,742.0,1970.0,1780.0,1669.0,306.0,306.0,5956978
PROVENCE ALPES COTE D AZUR,2019-11-04 15:30:00,2019,308,15:30:00,308.65,1444.0,0.0,0.0,254.0,1258.0,98.0,0.0,1327.0,0.0,0.0,2678.0,2327.0,0.0,0.0,48.0,1408.0,3245.0,3121.0,357.0,207.0,5081101
HAUTS DE FRANCE,2013-11-18 16:30:00,2013,322,16:30:00,322.69,1677.0,4472.0,17.0,0.0,1.0,85.0,0.0,1016.0,0.0,0.0,2278.0,2278.0,5460.0,5460.0,2235.0,210.0,5.0,5.0,139.0,139.0,5987883
BRETAGNE,2019-05-05 15:30:00,2019,125,15:30:00,125.65,1.0,0.0,116.0,117.0,169.0,52.0,-1.0,1443.0,0.0,0.0,956.0,871.0,0.0,0.0,1004.0,265.0,270.0,270.0,72.0,72.0,3354854
AUVERGNE RHONE ALPES,2018-09-04 19:30:00,2018,247,19:30:00,247.81,376.0,9660.0,34.0,40.0,2622.0,117.0,-18.0,-5681.0,0.0,0.0,1000.0,599.0,13570.0,12674.0,585.0,1096.0,11260.0,11051.0,180.0,180.0,7994459
AUVERGNE RHONE ALPES,2016-07-24 12:30:00,2016,206,12:30:00,206.52,53.0,7111.0,115.0,347.0,3428.0,92.0,-26.0,-5024.0,0.0,0.0,959.0,959.0,13570.0,12666.0,399.0,919.0,11219.0,11058.0,170.0,170.0,7916889
NORMANDIE,2014-08-26 13:30:00,2014,238,13:30:00,238.56,224.0,8888.0,121.0,46.0,21.0,52.0,0.0,-6387.0,0.0,0.0,761.0,181.0,10640.0,10640.0,489.0,213.0,24.0,24.0,91.0,91.0,3335645
PROVENCE ALPES COTE D AZUR,2015-12-26 07:00:00,2015,360,07:00:00,360.29,321.0,0.0,1.0,0.0,211.0,89.0,0.0,3964.0,0.0,0.0,2612.0,2082.0,0.0,0.0,48.0,973.0,3178.0,3056.0,183.0,183.0,5007977
GRAND EST,2017-06-29 17:00:00,2017,180,17:00:00,180.71,739.0,10035.0,1404.0,164.0,1044.0,71.0,0.0,-8455.0,0.0,0.0,3453.0,2858.0,10820.0,9800.0,2923.0,543.0,2298.0,2000.0,140.0,140.0,5549586
PROVENCE ALPES COTE D AZUR,2013-04-27 19:30:00,2013,117,19:30:00,117.81,418.0,0.0,23.0,36.0,2199.0,41.0,0.0,1796.0,0.0,0.0,2590.0,2528.0,0.0,0.0,45.0,689.0,3158.0,3158.0,151.0,151.0,4953675
GRAND EST,2015-03-14 03:30:00,2015,73,03:30:00,73.15,427.0,7295.0,798.0,0.0,808.0,75.0,-180.0,-3886.0,0.0,0.0,3420.0,3160.0,10820.0,9572.0,2352.0,523.0,2284.0,2284.0,108.0,108.0,5559051
BOURGOGNE FRANCHE COMTE,2017-12-03 00:30:00,2017,337,00:30:00,337.02,172.0,0.0,59.0,0.0,58.0,28.0,0.0,2608.0,0.0,0.0,356.0,356.0,0.0,0.0,676.0,295.0,520.0,520.0,35.0,35.0,2811423
BRETAGNE,2017-08-28 09:00:00,2017,240,09:00:00,240.38,1.0,0.0,96.0,17.0,0.0,45.0,-2.0,2132.0,0.0,0.0,848.0,848.0,0.0,0.0,916.0,240.0,270.0,270.0,66.0,66.0,3318904
ILE DE FRANCE,2013-07-20 06:00:00,2013,201,06:00:00,201.25,0.0,0.0,9.0,0.0,9.0,151.0,0.0,4820.0,0.0,0.0,2121.0,2121.0,0.0,0.0,37.0,109.0,19.0,19.0,282.0,282.0,11959807
PROVENCE ALPES COTE D AZUR,2019-11-23 07:00:00,2019,327,07:00:00,327.29,182.0,0.0,44.0,0.0,1234.0,95.0,0.0,3096.0,0.0,0.0,2678.0,2255.0,0.0,0.0,48.0,1412.0,3247.0,3121.0,357.0,207.0,5081101
NORMANDIE,2016-04-06 11:30:00,2016,97,11:30:00,97.48,555.0,7495.0,386.0,33.0,20.0,41.0,0.0,-4799.0,0.0,0.0,773.0,773.0,10640.0,9778.0,553.0,217.0,31.0,31.0,95.0,95.0,3335929
PROVENCE ALPES COTE D AZUR,2016-03-22 04:30:00,2016,82,04:30:00,82.19,1319.0,0.0,20.0,0.0,980.0,118.0,0.0,1773.0,0.0,0.0,2614.0,2240.0,0.0,0.0,48.0,999.0,3178.0,3054.0,204.0,204.0,5021928
BOURGOGNE FRANCHE COMTE,2022-02-03 09:30:00,2022,34,09:30:00,34.4,155.0,0.0,244.0,27.0,120.0,52.0,0.0,2652.0,0.0,0.0,401.0,401.0,0.0,0.0,1034.0,498.0,524.0,524.0,74.0,74.0,2797366
OCCITANIE,2018-12-01 10:00:00,2018,335,10:00:00,335.42,92.0,2596.0,170.0,302.0,889.0,93.0,0.0,884.0,0.0,0.0,307.0,307.0,2620.0,2620.0,1461.0,1979.0,5485.0,5331.0,146.0,146.0,5885496
CENTRE VAL DE LOIRE,2017-04-19 13:30:00,2017,109,13:30:00,109.56,0.0,11585.0,321.0,168.0,1.0,50.0,0.0,-9755.0,0.0,0.0,198.0,198.0,11630.0,10735.0,947.0,266.0,91.0,91.0,76.0,76.0,2576252
NORMANDIE,2018-12-14 03:30:00,2018,348,03:30:00,348.15,402.0,6295.0,124.0,0.0,16.0,49.0,0.0,-2697.0,0.0,0.0,821.0,241.0,10640.0,9644.0,779.0,251.0,31.0,31.0,105.0,105.0,3327477
NORMANDIE,2016-05-25 20:00:00,2016,146,20:00:00,146.83,232.0,6351.0,69.0,13.0,10.0,28.0,0.0,-3981.0,0.0,0.0,773.0,193.0,10640.0,9310.0,563.0,218.0,31.0,31.0,95.0,95.0,3335929
GRAND EST,2016-12-26 09:30:00,2016,361,09:30:00,361.4,2186.0,9563.0,977.0,8.0,365.0,121.0,0.0,-8179.0,0.0,0.0,3449.0,3252.0,10820.0,10020.0,2825.0,535.0,2296.0,2046.0,138.0,138.0,5555186
PAYS DE LA LOIRE,2019-08-26 11:00:00,2019,238,11:00:00,238.46,411.0,0.0,18.0,252.0,0.0,53.0,0.0,2268.0,0.0,0.0,2037.0,1783.0,0.0,0.0,926.0,595.0,10.0,10.0,71.0,71.0,3806461
NOUVELLE AQUITAINE,2021-09-25 17:30:00,2021,268,17:30:00,268.73,49.0,4221.0,52.0,701.0,152.0,156.0,0.0,-1508.0,0.0,0.0,578.0,578.0,6630.0,5135.0,1336.0,3271.0,1784.0,1784.0,354.0,354.0,6069352
NORMANDIE,2013-07-03 06:00:00,2013,184,06:00:00,184.25,223.0,6206.0,141.0,0.0,14.0,45.0,0.0,-4147.0,0.0,0.0,761.0,181.0,10640.0,10640.0,432.0,208.0,23.0,23.0,88.0,88.0,3328364
BRETAGNE,2018-01-29 04:30:00,2018,29,04:30:00,29.19,232.0,0.0,107.0,0.0,20.0,49.0,-1.0,1917.0,0.0,0.0,904.0,904.0,0.0,0.0,951.0,250.0,270.0,270.0,67.0,67.0,3335414
PROVENCE ALPES COTE D AZUR,2015-06-20 13:30:00,2015,171,13:30:00,171.56,152.0,0.0,40.0,643.0,1202.0,78.0,0.0,2230.0,0.0,0.0,2610.0,2241.0,0.0,0.0,45.0,917.0,3168.0,3168.0,183.0,183.0,5007977
PAYS DE LA LOIRE,2014-11-23 18:00:00,2014,327,18:00:00,327.75,652.0,0.0,138.0,0.0,4.0,48.0,0.0,1961.0,0.0,0.0,1864.0,1284.0,0.0,0.0,527.0,435.0,7.0,7.0,58.0,58.0,3690833
HAUTS DE FRANCE,2018-01-04 07:30:00,2018,4,07:30:00,4.31,547.0,5254.0,823.0,0.0,1.0,127.0,0.0,497.0,0.0,0.0,2913.0,2682.0,5460.0,5051.0,3799.0,217.0,5.0,5.0,170.0,170.0,6004108
ILE DE FRANCE,2017-01-29 09:30:00,2017,29,09:30:00,29.4,412.0,0.0,8.0,1.0,9.0,143.0,0.0,9370.0,0.0,0.0,2149.0,1640.0,0.0,0.0,61.0,116.0,19.0,19.0,301.0,301.0,12174880
BOURGOGNE FRANCHE COMTE,2015-04-26 17:30:00,2015,116,17:30:00,116.73,28.0,0.0,34.0,30.0,46.0,13.0,0.0,1449.0,0.0,0.0,325.0,80.0,0.0,0.0,344.0,254.0,510.0,510.0,29.0,29.0,2820940
BOURGOGNE FRANCHE COMTE,2019-03-19 13:00:00,2019,78,13:00:00,78.54,115.0,0.0,69.0,182.0,246.0,51.0,0.0,2307.0,0.0,0.0,401.0,401.0,0.0,0.0,800.0,332.0,520.0,410.0,66.0,66.0,2805580
BOURGOGNE FRANCHE COMTE,2016-04-30 01:30:00,2016,121,01:30:00,121.06,29.0,0.0,24.0,0.0,160.0,17.0,0.0,2007.0,0.0,0.0,329.0,329.0,0.0,0.0,426.0,264.0,513.0,513.0,30.0,30.0,2818338
OCCITANIE,2017-05-22 15:00:00,2017,142,15:00:00,142.62,2.0,2522.0,90.0,917.0,1432.0,89.0,-64.0,-1135.0,0.0,0.0,282.0,282.0,2620.0,2620.0,1221.0,1713.0,5475.0,5149.0,140.0,140.0,5845102
NORMANDIE,2019-04-26 19:30:00,2019,116,19:30:00,116.81,355.0,7618.0,157.0,9.0,16.0,42.0,0.0,-5151.0,0.0,0.0,833.0,833.0,10640.0,9310.0,801.0,254.0,31.0,31.0,106.0,106.0,3325032
BRETAGNE,2020-03-13 09:00:00,2020,73,09:00:00,73.38,509.0,0.0,81.0,40.0,75.0,49.0,-1.0,2897.0,0.0,0.0,978.0,978.0,0.0,0.0,1028.0,279.0,272.0,272.0,78.0,78.0,3373835
BRETAGNE,2019-03-02 13:30:00,2019,61,13:30:00,61.56,245.0,0.0,497.0,110.0,12.0,51.0,-2.0,1569.0,0.0,0.0,956.0,956.0,0.0,0.0,1004.0,262.0,270.0,270.0,71.0,71.0,3354854
NOUVELLE AQUITAINE,2017-10-31 18:00:00,2017,304,18:00:00,304.75,143.0,6700.0,215.0,-1.0,223.0,198.0,0.0,-2173.0,0.0,0.0,473.0,473.0,6630.0,6630.0,855.0,2086.0,1780.0,1675.0,307.0,307.0,5956978
OCCITANIE,2018-04-18 03:00:00,2018,108,03:00:00,108.12,0.0,2574.0,89.0,0.0,1708.0,81.0,-639.0,-517.0,0.0,0.0,291.0,291.0,2620.0,2620.0,1386.0,1884.0,5482.0,5277.0,146.0,146.0,5885496
NOUVELLE AQUITAINE,2014-02-14 11:00:00,2014,45,11:00:00,45.46,135.0,5254.0,287.0,215.0,1036.0,140.0,0.0,-393.0,0.0,0.0,421.0,421.0,6630.0,5720.0,381.0,1045.0,1760.0,1760.0,219.0,219.0,5879144
BOURGOGNE FRANCHE COMTE,2013-01-26 20:30:00,2013,26,20:30:00,26.85,470.0,0.0,15.0,0.0,223.0,14.0,0.0,2571.0,0.0,0.0,289.0,289.0,0.0,0.0,204.0,226.0,479.0,479.0,24.0,24.0,2819783
AUVERGNE RHONE ALPES,2020-09-20 19:30:00,2020,264,19:30:00,264.81,412.0,9392.0,4.0,9.0,2408.0,105.0,-103.0,-6391.0,0.0,0.0,1034.0,1034.0,13570.0,12624.0,647.0,1304.0,11750.0,11570.0,194.0,194.0,8078652
NOUVELLE AQUITAINE,2018-06-04 21:00:00,2018,155,21:00:00,155.88,25.0,4147.0,34.0,50.0,639.0,189.0,0.0,-1264.0,0.0,0.0,482.0,482.0,6630.0,5574.0,924.0,2320.0,1781.0,1666.0,315.0,315.0,5979778
CENTRE VAL DE LOIRE,2018-02-26 03:30:00,2018,57,03:30:00,57.15,116.0,10407.0,474.0,0.0,18.0,61.0,0.0,-8026.0,0.0,0.0,216.0,216.0,11630.0,10910.0,996.0,284.0,91.0,91.0,76.0,76.0,2572853
ILE DE FRANCE,2017-02-21 15:00:00,2017,52,15:00:00,52.62,587.0,0.0,16.0,5.0,12.0,144.0,0.0,9300.0,0.0,0.0,2149.0,1723.0,0.0,0.0,73.0,116.0,19.0,19.0,301.0,301.0,12174880
NOUVELLE AQUITAINE,2018-12-07 05:00:00,2018,341,05:00:00,341.21,240.0,4976.0,378.0,-1.0,115.0,205.0,0.0,-1427.0,0.0,0.0,527.0,527.0,6630.0,6630.0,965.0,2417.0,1781.0,1781.0,318.0,318.0,5979778
CENTRE VAL DE LOIRE,2017-10-02 11:30:00,2017,275,11:30:00,275.48,2.0,5990.0,318.0,49.0,0.0,53.0,0.0,-4354.0,0.0,0.0,210.0,210.0,11630.0,10730.0,963.0,275.0,91.0,91.0,76.0,76.0,2576252
PROVENCE ALPES COTE D AZUR,2018-10-27 04:30:00,2018,300,04:30:00,300.19,1628.0,0.0,1.0,0.0,218.0,98.0,0.0,1081.0,0.0,0.0,2666.0,2300.0,0.0,0.0,48.0,1300.0,3233.0,3109.0,357.0,207.0,5052832
PROVENCE ALPES COTE D AZUR,2022-12-31 14:00:00,2022,365,14:00:00,365.58,181.0,0.0,70.0,508.0,967.0,188.0,0.0,2667.0,0.0,0.0,2724.0,2662.0,0.0,0.0,96.0,1993.0,3271.0,3271.0,357.0,357.0,5150362
NOUVELLE AQUITAINE,2015-01-26 13:30:00,2015,26,13:30:00,26.56,148.0,5649.0,118.0,156.0,666.0,163.0,0.0,1147.0,0.0,0.0,427.0,427.0,6630.0,5720.0,469.0,1368.0,1774.0,1774.0,234.0,234.0,5911482
AUVERGNE RHONE ALPES,2013-10-27 18:30:00,2013,300,18:30:00,300.77,50.0,9063.0,94.0,0.0,3208.0,52.0,-6.0,-6189.0,0.0,0.0,924.0,924.0,13570.0,13570.0,335.0,740.0,11124.0,11124.0,108.0,108.0,7757595
CENTRE VAL DE LOIRE,2014-04-15 06:30:00,2014,105,06:30:00,105.27,0.0,8885.0,308.0,0.0,3.0,40.0,0.0,-6921.0,0.0,0.0,162.0,162.0,11630.0,11630.0,749.0,215.0,91.0,91.0,56.0,56.0,2577435
PAYS DE LA LOIRE,2021-08-24 19:30:00,2021,236,19:30:00,236.81,0.0,0.0,348.0,85.0,0.0,54.0,0.0,2279.0,0.0,0.0,2056.0,2056.0,0.0,0.0,1115.0,766.0,10.0,10.0,79.0,79.0,3853999
BRETAGNE,2021-09-30 00:00:00,2021,273,00:00:00,273.0,12.0,0.0,21.0,0.0,0.0,55.0,-5.0,2200.0,0.0,0.0,1428.0,1428.0,0.0,0.0,1106.0,346.0,272.0,272.0,82.0,82.0,3394567
ILE DE FRANCE,2014-03-01 01:30:00,2014,60,01:30:00,60.06,653.0,0.0,9.0,0.0,2.0,160.0,0.0,7878.0,0.0,0.0,2122.0,2122.0,0.0,0.0,37.0,110.0,19.0,19.0,282.0,282.0,12027565
NORMANDIE,2016-12-04 16:30:00,2016,339,16:30:00,339.69,812.0,8952.0,91.0,5.0,14.0,54.0,0.0,-6314.0,0.0,0.0,785.0,785.0,10640.0,9310.0,616.0,219.0,31.0,31.0,96.0,96.0,3335929
ILE DE FRANCE,2017-02-05 03:30:00,2017,36,03:30:00,36.15,407.0,0.0,7.0,0.0,10.0,148.0,0.0,7430.0,0.0,0.0,2149.0,1564.0,0.0,0.0,61.0,116.0,19.0,19.0,301.0,301.0,12174880
BRETAGNE,2021-12-09 02:00:00,2021,343,02:00:00,343.08,344.0,0.0,358.0,0.0,117.0,49.0,-1.0,2629.0,0.0,0.0,1428.0,982.0,0.0,0.0,1135.0,352.0,272.0,272.0,82.0,82.0,3394567
NORMANDIE,2014-05-24 19:00:00,2014,144,19:00:00,144.79,230.0,8382.0,81.0,18.0,28.0,63.0,0.0,-6239.0,0.0,0.0,761.0,181.0,10640.0,10640.0,473.0,212.0,24.0,24.0,89.0,89.0,3335645
BOURGOGNE FRANCHE COMTE,2022-11-04 16:00:00,2022,308,16:00:00,308.67,114.0,0.0,150.0,42.0,72.0,50.0,0.0,1979.0,0.0,0.0,401.0,401.0,0.0,0.0,1067.0,625.0,524.0,524.0,75.0,75.0,2797366
ILE DE FRANCE,2014-10-10 18:00:00,2014,283,18:00:00,283.75,414.0,0.0,1.0,3.0,8.0,146.0,0.0,7294.0,0.0,0.0,2122.0,2122.0,0.0,0.0,37.0,112.0,19.0,19.0,282.0,282.0,12027565
ILE DE FRANCE,2022-05-22 03:00:00,2022,142,03:00:00,142.12,0.0,0.0,73.0,0.0,6.0,169.0,0.0,4488.0,0.0,0.0,2171.0,2018.0,0.0,0.0,148.0,218.0,20.0,20.0,314.0,314.0,12354286
PAYS DE LA LOIRE,2013-07-31 10:00:00,2013,212,10:00:00,212.42,444.0,0.0,10.0,58.0,1.0,33.0,0.0,2384.0,0.0,0.0,1837.0,1837.0,0.0,0.0,490.0,394.0,5.0,5.0,58.0,58.0,3660852
CENTRE VAL DE LOIRE,2014-06-12 00:00:00,2014,163,00:00:00,163.0,2.0,8253.0,305.0,0.0,1.0,39.0,0.0,-6722.0,0.0,0.0,162.0,162.0,11630.0,11630.0,801.0,216.0,91.0,91.0,56.0,56.0,2577435
PROVENCE ALPES COTE D AZUR,2013-06-17 06:00:00,2013,168,06:00:00,168.25,164.0,0.0,1.0,0.0,1839.0,38.0,-2.0,1287.0,0.0,0.0,2590.0,2316.0,0.0,0.0,45.0,695.0,3158.0,3158.0,151.0,151.0,4953675
ILE DE FRANCE,2013-02-14 09:00:00,2013,45,09:00:00,45.38,965.0,0.0,3.0,0.0,0.0,121.0,0.0,12558.0,0.0,0.0,2121.0,2121.0,0.0,0.0,37.0,108.0,19.0,19.0,262.0,262.0,11959807
BOURGOGNE FRANCHE COMTE,2018-04-11 20:00:00,2018,101,20:00:00,101.83,20.0,0.0,212.0,2.0,202.0,30.0,0.0,2040.0,0.0,0.0,386.0,386.0,0.0,0.0,676.0,306.0,520.0,443.0,36.0,36.0,2807807
ILE DE FRANCE,2015-09-04 06:00:00,2015,247,06:00:00,247.25,-3.0,0.0,1.0,0.0,8.0,136.0,0.0,5161.0,0.0,0.0,2144.0,1728.0,0.0,0.0,49.0,113.0,19.0,19.0,300.0,300.0,12082144
AUVERGNE RHONE ALPES,2014-11-16 10:30:00,2014,320,10:30:00,320.44,182.0,9457.0,198.0,75.0,2725.0,105.0,-1413.0,-4084.0,0.0,0.0,940.0,940.0,13570.0,12655.0,347.0,836.0,11153.0,11001.0,141.0,141.0,7820966
PROVENCE ALPES COTE D AZUR,2013-04-10 20:00:00,2013,100,20:00:00,100.83,1564.0,0.0,4.0,4.0,1808.0,42.0,0.0,1519.0,0.0,0.0,2590.0,2528.0,0.0,0.0,45.0,682.0,3158.0,3158.0,149.0,149.0,4953675
CENTRE VAL DE LOIRE,2020-07-27 03:30:00,2020,209,03:30:00,209.15,12.0,4511.0,37.0,0.0,1.0,66.0,0.0,-3334.0,0.0,0.0,229.0,229.0,11630.0,10731.0,1256.0,376.0,92.0,92.0,88.0,88.0,2574863
AUVERGNE RHONE ALPES,2018-10-13 12:30:00,2018,286,12:30:00,286.52,26.0,7909.0,235.0,604.0,899.0,122.0,-21.0,-3108.0,0.0,0.0,1004.0,1004.0,13570.0,12625.0,603.0,1107.0,11262.0,10994.0,180.0,180.0,7994459
PROVENCE ALPES COTE D AZUR,2021-09-17 21:30:00,2021,260,21:30:00,260.9,412.0,0.0,23.0,0.0,1484.0,82.0,0.0,2106.0,0.0,0.0,2715.0,2452.0,0.0,0.0,96.0,1660.0,3266.0,3222.0,357.0,357.0,5127840
PAYS DE LA LOIRE,2016-05-15 09:30:00,2016,136,09:30:00,136.4,16.0,0.0,16.0,139.0,4.0,38.0,0.0,2129.0,0.0,0.0,1880.0,1337.0,0.0,0.0,649.0,466.0,8.0,8.0,62.0,62.0,3737632
OCCITANIE,2013-10-29 13:30:00,2013,302,13:30:00,302.56,-1.0,2369.0,344.0,287.0,1397.0,63.0,0.0,-466.0,0.0,0.0,251.0,0.0,2620.0,2620.0,889.0,1166.0,5388.0,5388.0,126.0,126.0,5683878
CENTRE VAL DE LOIRE,2019-12-13 23:00:00,2019,347,23:00:00,347.96,108.0,5805.0,963.0,0.0,52.0,61.0,0.0,-4379.0,0.0,0.0,229.0,229.0,11630.0,10764.0,1223.0,348.0,91.0,91.0,86.0,86.0,2573180
BRETAGNE,2016-01-27 15:00:00,2016,27,15:00:00,27.62,144.0,0.0,715.0,6.0,161.0,31.0,-1.0,2329.0,0.0,0.0,770.0,770.0,0.0,0.0,829.0,224.0,275.0,275.0,56.0,56.0,3306529
BRETAGNE,2019-04-29 09:00:00,2019,119,09:00:00,119.38,1.0,0.0,7.0,26.0,72.0,47.0,-1.0,2836.0,0.0,0.0,956.0,871.0,0.0,0.0,1004.0,264.0,270.0,270.0,72.0,72.0,3354854
NOUVELLE AQUITAINE,2022-03-16 19:00:00,2022,75,19:00:00,75.79,100.0,2760.0,99.0,1.0,1126.0,193.0,0.0,1422.0,0.0,0.0,578.0,578.0,6630.0,5486.0,1429.0,3518.0,1784.0,1666.0,356.0,356.0,6098051
ILE DE FRANCE,2016-02-10 09:00:00,2016,41,09:00:00,41.38,423.0,0.0,25.0,3.0,3.0,135.0,0.0,11451.0,0.0,0.0,2149.0,2149.0,0.0,0.0,61.0,114.0,19.0,19.0,300.0,300.0,12117132
ILE DE FRANCE,2015-10-03 04:30:00,2015,276,04:30:00,276.19,-3.0,0.0,0.0,0.0,3.0,150.0,0.0,5056.0,0.0,0.0,2144.0,1679.0,0.0,0.0,49.0,113.0,19.0,19.0,300.0,300.0,12082144
PROVENCE ALPES COTE D AZUR,2015-05-01 02:30:00,2015,121,02:30:00,121.1,163.0,0.0,5.0,0.0,1001.0,61.0,0.0,2754.0,0.0,0.0,2610.0,2241.0,0.0,0.0,45.0,913.0,3168.0,3168.0,183.0,183.0,5007977
PAYS DE LA LOIRE,2021-06-24 15:00:00,2021,175,15:00:00,175.62,0.0,0.0,26.0,384.0,3.0,57.0,0.0,2294.0,0.0,0.0,2056.0,2056.0,0.0,0.0,1105.0,748.0,10.0,10.0,78.0,78.0,3853999
NORMANDIE,2014-05-28 08:30:00,2014,148,08:30:00,148.35,296.0,8967.0,52.0,4.0,26.0,53.0,0.0,-6216.0,0.0,0.0,761.0,181.0,10640.0,10640.0,473.0,212.0,24.0,24.0,89.0,89.0,3335645
CENTRE VAL DE LOIRE,2015-09-22 23:30:00,2015,265,23:30:00,265.98,1.0,8690.0,367.0,0.0,0.0,57.0,0.0,-7314.0,0.0,0.0,166.0,166.0,11630.0,10775.0,842.0,240.0,91.0,91.0,71.0,71.0,2578592
BOURGOGNE FRANCHE COMTE,2013-06-14 07:30:00,2013,165,07:30:00,165.31,29.0,0.0,0.0,8.0,115.0,9.0,0.0,2093.0,0.0,0.0,301.0,301.0,0.0,0.0,204.0,229.0,480.0,480.0,24.0,24.0,2819783
CENTRE VAL DE LOIRE,2013-06-30 20:30:00,2013,181,20:30:00,181.85,7.0,6579.0,4.0,7.0,2.0,29.0,0.0,-5207.0,0.0,0.0,162.0,162.0,11630.0,10725.0,687.0,211.0,91.0,91.0,49.0,49.0,2570548
GRAND EST,2021-05-16 10:00:00,2021,136,10:00:00,136.42,99.0,5607.0,960.0,230.0,1160.0,148.0,0.0,-3985.0,0.0,0.0,3585.0,3172.0,10820.0,9940.0,3900.0,887.0,2305.0,2103.0,207.0,207.0,5561287
BOURGOGNE FRANCHE COMTE,2021-05-19 03:30:00,2021,139,03:30:00,139.15,24.0,0.0,203.0,0.0,260.0,44.0,0.0,1571.0,0.0,0.0,401.0,401.0,0.0,0.0,955.0,424.0,523.0,523.0,71.0,71.0,2800194
CENTRE VAL DE LOIRE,2020-10-13 03:00:00,2020,287,03:00:00,287.12,26.0,6449.0,163.0,0.0,4.0,61.0,0.0,-4876.0,0.0,0.0,229.0,229.0,11630.0,10684.0,1256.0,387.0,92.0,92.0,88.0,88.0,2574863
PROVENCE ALPES COTE D AZUR,2019-09-29 21:30:00,2019,272,21:30:00,272.9,23.0,0.0,0.0,0.0,194.0,80.0,0.0,3483.0,0.0,0.0,2674.0,2250.0,0.0,0.0,48.0,1392.0,3242.0,3118.0,357.0,207.0,5081101
BRETAGNE,2019-08-15 13:00:00,2019,227,13:00:00,227.54,1.0,0.0,158.0,73.0,203.0,52.0,-1.0,1651.0,0.0,0.0,960.0,960.0,0.0,0.0,1021.0,268.0,270.0,270.0,74.0,74.0,3354854
NORMANDIE,2022-08-10 18:30:00,2022,222,18:30:00,222.77,211.0,4512.0,226.0,80.0,8.0,72.0,0.0,-2656.0,0.0,0.0,852.0,852.0,10640.0,9456.0,949.0,315.0,31.0,31.0,149.0,149.0,3327604
NOUVELLE AQUITAINE,2018-03-10 16:30:00,2018,69,16:30:00,69.69,159.0,5675.0,94.0,286.0,586.0,119.0,0.0,-2375.0,0.0,0.0,482.0,482.0,6630.0,5525.0,882.0,2278.0,1781.0,1663.0,314.0,314.0,5979778
PAYS DE LA LOIRE,2020-04-24 09:00:00,2020,115,09:00:00,115.38,6.0,0.0,3.0,42.0,2.0,55.0,0.0,2593.0,0.0,0.0,2050.0,1760.0,0.0,0.0,989.0,635.0,10.0,10.0,77.0,77.0,3832120
CENTRE VAL DE LOIRE,2017-11-02 09:30:00,2017,306,09:30:00,306.4,99.0,6476.0,75.0,19.0,0.0,62.0,0.0,-4321.0,0.0,0.0,214.0,214.0,11630.0,10716.0,963.0,276.0,91.0,91.0,76.0,76.0,2576252
BOURGOGNE FRANCHE COMTE,2016-10-08 13:30:00,2016,282,13:30:00,282.56,57.0,0.0,19.0,126.0,64.0,16.0,0.0,1921.0,0.0,0.0,329.0,329.0,0.0,0.0,452.0,265.0,516.0,516.0,31.0,31.0,2818338
BRETAGNE,2017-10-28 11:00:00,2017,301,11:00:00,301.46,2.0,0.0,23.0,43.0,3.0,35.0,-1.0,2337.0,0.0,0.0,868.0,868.0,0.0,0.0,934.0,246.0,270.0,270.0,66.0,66.0,3318904
BOURGOGNE FRANCHE COMTE,2013-01-03 03:00:00,2013,3,03:00:00,3.12,239.0,0.0,19.0,0.0,107.0,13.0,0.0,2208.0,0.0,0.0,289.0,289.0,0.0,0.0,204.0,224.0,479.0,479.0,24.0,24.0,2819783
BRETAGNE,2013-04-29 15:00:00,2013,119,15:00:00,119.62,0.0,0.0,115.0,81.0,114.0,16.0,0.0,2405.0,0.0,0.0,658.0,658.0,0.0,0.0,716.0,204.0,11.0,11.0,37.0,37.0,3258707
PAYS DE LA LOIRE,2021-10-31 03:00:00,2021,304,03:00:00,304.12,0.0,0.0,552.0,0.0,1.0,61.0,0.0,1709.0,0.0,0.0,2065.0,2065.0,0.0,0.0,1124.0,777.0,10.0,10.0,79.0,79.0,3853999
PAYS DE LA LOIRE,2016-04-04 13:30:00,2016,95,13:30:00,95.56,902.0,0.0,194.0,209.0,4.0,32.0,0.0,2263.0,0.0,0.0,1880.0,1310.0,0.0,0.0,641.0,459.0,8.0,8.0,61.0,61.0,3737632
CENTRE VAL DE LOIRE,2019-03-04 08:00:00,2019,63,08:00:00,63.33,89.0,10494.0,907.0,2.0,2.0,51.0,0.0,-8804.0,0.0,0.0,228.0,228.0,11630.0,10740.0,1127.0,307.0,91.0,91.0,84.0,84.0,2573180
ILE DE FRANCE,2022-01-28 00:30:00,2022,28,00:30:00,28.02,532.0,0.0,15.0,0.0,9.0,156.0,0.0,9263.0,0.0,0.0,2171.0,1968.0,0.0,0.0,148.0,197.0,20.0,20.0,314.0,314.0,12354286
BRETAGNE,2015-03-26 05:30:00,2015,85,05:30:00,85.23,106.0,0.0,412.0,0.0,208.0,34.0,-1.0,2074.0,0.0,0.0,721.0,721.0,0.0,0.0,801.0,219.0,272.0,272.0,54.0,54.0,3293850
BOURGOGNE FRANCHE COMTE,2015-08-06 18:00:00,2015,218,18:00:00,218.75,23.0,0.0,7.0,71.0,3.0,21.0,0.0,1924.0,0.0,0.0,325.0,80.0,0.0,0.0,362.0,262.0,513.0,513.0,29.0,29.0,2820940
PAYS DE LA LOIRE,2015-12-13 18:30:00,2015,347,18:30:00,347.77,1149.0,0.0,60.0,0.0,1.0,45.0,0.0,2426.0,0.0,0.0,1876.0,1244.0,0.0,0.0,591.0,456.0,7.0,7.0,61.0,61.0,3718512
PROVENCE ALPES COTE D AZUR,2018-12-26 00:30:00,2018,360,00:30:00,360.02,144.0,0.0,5.0,0.0,922.0,111.0,0.0,4106.0,0.0,0.0,2671.0,2365.0,0.0,0.0,48.0,1320.0,3235.0,3111.0,357.0,207.0,5052832
PROVENCE ALPES COTE D AZUR,2014-06-14 18:30:00,2014,165,18:30:00,165.77,133.0,0.0,30.0,193.0,1015.0,35.0,0.0,2910.0,0.0,0.0,2592.0,2268.0,0.0,0.0,45.0,835.0,3165.0,3165.0,170.0,170.0,4983438
OCCITANIE,2018-01-22 18:00:00,2018,22,18:00:00,22.75,80.0,2568.0,972.0,0.0,2397.0,85.0,-17.0,-837.0,0.0,0.0,291.0,291.0,2620.0,2620.0,1365.0,1813.0,5481.0,5311.0,145.0,145.0,5885496
GRAND EST,2021-08-17 15:00:00,2021,229,15:00:00,229.62,30.0,7553.0,647.0,244.0,1282.0,140.0,0.0,-5458.0,0.0,0.0,3585.0,3585.0,10820.0,9940.0,3939.0,926.0,2305.0,2103.0,208.0,208.0,5561287
PROVENCE ALPES COTE D AZUR,2018-02-01 16:30:00,2018,32,16:30:00,32.69,1874.0,0.0,0.0,61.0,621.0,166.0,0.0,2987.0,0.0,0.0,2651.0,2345.0,0.0,0.0,48.0,1222.0,3227.0,3227.0,357.0,357.0,5052832
BOURGOGNE FRANCHE COMTE,2014-08-28 10:00:00,2014,240,10:00:00,240.42,16.0,0.0,41.0,58.0,124.0,19.0,0.0,2118.0,0.0,0.0,313.0,68.0,0.0,0.0,254.0,251.0,508.0,508.0,28.0,28.0,2820623
OCCITANIE,2015-05-09 03:00:00,2015,129,03:00:00,129.12,-4.0,1570.0,418.0,0.0,1437.0,67.0,-720.0,-20.0,0.0,0.0,266.0,0.0,2620.0,2620.0,943.0,1395.0,5448.0,5221.0,133.0,133.0,5774185
BRETAGNE,2015-11-26 09:30:00,2015,330,09:30:00,330.4,100.0,0.0,140.0,4.0,15.0,30.0,-2.0,2852.0,0.0,0.0,739.0,739.0,0.0,0.0,813.0,223.0,275.0,275.0,56.0,56.0,3293850
GRAND EST,2013-01-28 15:30:00,2013,28,15:30:00,28.65,2221.0,10249.0,418.0,40.0,877.0,51.0,0.0,-6830.0,0.0,0.0,3398.0,3398.0,10820.0,10820.0,1812.0,499.0,2280.0,2280.0,79.0,79.0,5552388
CENTRE VAL DE LOIRE,2018-04-29 23:00:00,2018,119,23:00:00,119.96,0.0,8976.0,205.0,0.0,40.0,67.0,0.0,-7425.0,0.0,0.0,216.0,216.0,11630.0,10793.0,1014.0,286.0,91.0,91.0,76.0,76.0,2572853
BRETAGNE,2015-06-07 00:00:00,2015,158,00:00:00,158.0,0.0,0.0,137.0,0.0,1.0,30.0,-47.0,2134.0,0.0,0.0,724.0,639.0,0.0,0.0,801.0,220.0,272.0,272.0,55.0,55.0,3293850
HAUTS DE FRANCE,2015-06-25 16:00:00,2015,176,16:00:00,176.67,250.0,4514.0,45.0,64.0,1.0,103.0,0.0,449.0,0.0,0.0,2301.0,1970.0,5460.0,4550.0,2734.0,213.0,5.0,5.0,160.0,160.0,6009976
AUVERGNE RHONE ALPES,2017-07-14 23:30:00,2017,195,23:30:00,195.98,31.0,8831.0,170.0,0.0,2962.0,112.0,-17.0,-5687.0,0.0,0.0,985.0,584.0,13570.0,12591.0,486.0,953.0,11246.0,11067.0,178.0,178.0,7948287
PAYS DE LA LOIRE,2014-03-15 22:00:00,2014,74,22:00:00,74.92,121.0,0.0,67.0,0.0,4.0,40.0,0.0,2487.0,0.0,0.0,1864.0,1284.0,0.0,0.0,518.0,405.0,6.0,6.0,58.0,58.0,3690833
OCCITANIE,2022-07-28 15:30:00,2022,209,15:30:00,209.65,0.0,1242.0,32.0,1635.0,842.0,99.0,0.0,786.0,0.0,0.0,326.0,326.0,2620.0,1310.0,1593.0,2999.0,5503.0,5343.0,174.0,174.0,6067101
NORMANDIE,2016-05-01 03:30:00,2016,122,03:30:00,122.15,575.0,5043.0,41.0,0.0,15.0,49.0,0.0,-2700.0,0.0,0.0,773.0,773.0,10640.0,9484.0,563.0,218.0,31.0,31.0,95.0,95.0,3335929
BRETAGNE,2019-05-14 17:30:00,2019,134,17:30:00,134.73,1.0,0.0,435.0,118.0,3.0,45.0,-57.0,1643.0,0.0,0.0,956.0,871.0,0.0,0.0,1009.0,265.0,270.0,270.0,72.0,72.0,3354854
BOURGOGNE FRANCHE COMTE,2020-05-28 13:30:00,2020,149,13:30:00,149.56,55.0,0.0,117.0,206.0,20.0,47.0,0.0,1822.0,0.0,0.0,401.0,401.0,0.0,0.0,877.0,349.0,521.0,521.0,69.0,69.0,2801695
GRAND EST,2015-01-19 04:00:00,2015,19,04:00:00,19.17,1097.0,11736.0,87.0,0.0,1046.0,80.0,-533.0,-7967.0,0.0,0.0,3400.0,3200.0,10820.0,10510.0,2340.0,522.0,2284.0,2082.0,108.0,108.0,5559051
GRAND EST,2016-02-25 19:00:00,2016,56,19:00:00,56.79,1955.0,9632.0,42.0,0.0,1374.0,107.0,0.0,-5787.0,0.0,0.0,3424.0,3424.0,10820.0,9830.0,2575.0,525.0,2286.0,2084.0,120.0,120.0,5555186
NORMANDIE,2015-11-16 06:00:00,2015,320,06:00:00,320.25,824.0,7282.0,343.0,0.0,5.0,54.0,0.0,-5681.0,0.0,0.0,773.0,773.0,10640.0,9310.0,538.0,216.0,24.0,24.0,95.0,95.0,3339131
BRETAGNE,2016-04-06 19:30:00,2016,97,19:30:00,97.81,0.0,0.0,311.0,15.0,46.0,29.0,-1.0,2413.0,0.0,0.0,771.0,771.0,0.0,0.0,829.0,225.0,275.0,275.0,56.0,56.0,3306529
HAUTS DE FRANCE,2020-11-26 09:00:00,2020,331,09:00:00,331.38,1990.0,4593.0,265.0,5.0,1.0,128.0,0.0,-321.0,0.0,0.0,2984.0,2984.0,5460.0,4550.0,5303.0,273.0,5.0,5.0,181.0,181.0,5997734
NOUVELLE AQUITAINE,2021-02-10 13:00:00,2021,41,13:00:00,41.54,219.0,5271.0,156.0,886.0,1537.0,169.0,0.0,-864.0,0.0,0.0,577.0,577.0,6630.0,5135.0,1206.0,2913.0,1783.0,1783.0,353.0,353.0,6069352
CENTRE VAL DE LOIRE,2016-09-25 12:00:00,2016,269,12:00:00,269.5,0.0,6392.0,182.0,26.0,0.0,53.0,0.0,-5097.0,0.0,0.0,170.0,170.0,11630.0,10690.0,896.0,259.0,91.0,91.0,71.0,71.0,2577866
PROVENCE ALPES COTE D AZUR,2021-01-13 11:00:00,2021,13,11:00:00,13.46,1970.0,0.0,58.0,541.0,1927.0,99.0,0.0,1860.0,0.0,0.0,2715.0,2386.0,0.0,0.0,96.0,1544.0,3266.0,3235.0,357.0,357.0,5127840
OCCITANIE,2015-02-04 14:00:00,2015,35,14:00:00,35.58,60.0,2253.0,441.0,137.0,1784.0,87.0,0.0,2927.0,0.0,0.0,266.0,266.0,2620.0,2255.0,943.0,1368.0,5441.0,5214.0,133.0,133.0,5774185
NOUVELLE AQUITAINE,2019-09-21 22:30:00,2019,264,22:30:00,264.94,20.0,5458.0,280.0,0.0,142.0,187.0,0.0,-2435.0,0.0,0.0,538.0,538.0,6630.0,5720.0,1017.0,2580.0,1782.0,1677.0,319.0,319.0,6010289
CENTRE VAL DE LOIRE,2018-09-18 20:30:00,2018,261,20:30:00,261.85,12.0,7702.0,78.0,0.0,0.0,65.0,0.0,-5874.0,0.0,0.0,218.0,218.0,11630.0,10695.0,1060.0,300.0,91.0,91.0,76.0,76.0,2572853
NOUVELLE AQUITAINE,2017-09-24 04:30:00,2017,267,04:30:00,267.19,44.0,5657.0,58.0,-1.0,63.0,177.0,0.0,-2913.0,0.0,0.0,465.0,465.0,6630.0,5720.0,823.0,2017.0,1780.0,1669.0,306.0,306.0,5956978
OCCITANIE,2022-12-27 12:00:00,2022,361,12:00:00,361.5,76.0,1279.0,25.0,776.0,539.0,95.0,0.0,1410.0,0.0,0.0,326.0,326.0,2620.0,1310.0,1667.0,3138.0,5505.0,5278.0,175.0,175.0,6067101
CENTRE VAL DE LOIRE,2016-06-30 01:00:00,2016,182,01:00:00,182.04,0.0,6179.0,166.0,0.0,1.0,53.0,0.0,-4890.0,0.0,0.0,170.0,170.0,11630.0,10723.0,874.0,250.0,91.0,91.0,71.0,71.0,2577866
ILE DE FRANCE,2020-11-07 01:00:00,2020,312,01:00:00,312.04,276.0,0.0,25.0,0.0,7.0,116.0,0.0,7047.0,0.0,0.0,2171.0,2171.0,0.0,0.0,125.0,169.0,20.0,20.0,314.0,314.0,12271794
PAYS DE LA LOIRE,2020-11-13 01:00:00,2020,318,01:00:00,318.04,546.0,0.0,295.0,0.0,2.0,60.0,0.0,1919.0,0.0,0.0,2054.0,2054.0,0.0,0.0,1046.0,674.0,10.0,10.0,77.0,77.0,3832120
CENTRE VAL DE LOIRE,2017-06-23 11:30:00,2017,174,11:30:00,174.48,0.0,7369.0,72.0,78.0,0.0,60.0,0.0,-5354.0,0.0,0.0,198.0,198.0,11630.0,10626.0,947.0,269.0,91.0,91.0,76.0,76.0,2576252
NORMANDIE,2016-05-03 04:30:00,2016,124,04:30:00,124.19,577.0,4925.0,149.0,0.0,15.0,42.0,0.0,-2868.0,0.0,0.0,773.0,773.0,10640.0,9484.0,563.0,218.0,31.0,31.0,95.0,95.0,3335929
PAYS DE LA LOIRE,2020-10-18 10:30:00,2020,292,10:30:00,292.44,0.0,0.0,72.0,161.0,0.0,47.0,0.0,2758.0,0.0,0.0,2054.0,2036.0,0.0,0.0,1035.0,664.0,10.0,10.0,77.0,77.0,3832120
AUVERGNE RHONE ALPES,2016-03-16 02:00:00,2016,76,02:00:00,76.08,224.0,10856.0,150.0,0.0,2345.0,132.0,-1298.0,-4159.0,0.0,0.0,959.0,959.0,13570.0,12752.0,384.0,898.0,11205.0,10986.0,170.0,170.0,7916889
PAYS DE LA LOIRE,2016-07-14 16:30:00,2016,196,16:30:00,196.69,13.0,0.0,86.0,193.0,1.0,37.0,0.0,1749.0,0.0,0.0,1880.0,1337.0,0.0,0.0,649.0,477.0,8.0,8.0,63.0,63.0,3737632
NOUVELLE AQUITAINE,2019-03-07 21:30:00,2019,66,21:30:00,66.9,217.0,6274.0,252.0,-1.0,438.0,207.0,0.0,-1876.0,0.0,0.0,538.0,538.0,6630.0,6529.0,975.0,2455.0,1781.0,1676.0,319.0,319.0,6010289
NORMANDIE,2016-11-16 12:00:00,2016,321,12:00:00,321.5,969.0,7343.0,363.0,15.0,23.0,50.0,0.0,-5002.0,0.0,0.0,785.0,785.0,10640.0,9499.0,616.0,219.0,31.0,31.0,96.0,96.0,3335929
HAUTS DE FRANCE,2015-01-16 17:00:00,2015,16,17:00:00,16.71,1348.0,5469.0,255.0,0.0,2.0,124.0,0.0,187.0,0.0,0.0,2301.0,2301.0,5460.0,5460.0,2607.0,212.0,5.0,5.0,155.0,155.0,6009976
PROVENCE ALPES COTE D AZUR,2019-08-03 21:00:00,2019,215,21:00:00,215.88,1108.0,0.0,6.0,0.0,882.0,104.0,0.0,2263.0,0.0,0.0,2674.0,2265.0,0.0,0.0,48.0,1385.0,3242.0,3101.0,357.0,207.0,5081101
BOURGOGNE FRANCHE COMTE,2022-06-13 21:30:00,2022,164,21:30:00,164.9,0.0,0.0,150.0,1.0,76.0,53.0,0.0,1790.0,0.0,0.0,401.0,401.0,0.0,0.0,1049.0,535.0,524.0,524.0,75.0,75.0,2797366
BOURGOGNE FRANCHE COMTE,2022-09-14 19:30:00,2022,257,19:30:00,257.81,23.0,0.0,249.0,7.0,62.0,55.0,0.0,1797.0,0.0,0.0,401.0,401.0,0.0,0.0,1067.0,596.0,524.0,524.0,75.0,75.0,2797366
OCCITANIE,2014-03-21 13:30:00,2014,80,13:30:00,80.56,62.0,2551.0,145.0,359.0,2475.0,89.0,0.0,-1225.0,0.0,0.0,251.0,251.0,2620.0,2620.0,897.0,1218.0,5399.0,5399.0,127.0,127.0,5730753
OCCITANIE,2018-05-19 00:30:00,2018,139,00:30:00,139.02,0.0,1418.0,138.0,0.0,2203.0,90.0,-93.0,-11.0,0.0,0.0,291.0,291.0,2620.0,1941.0,1389.0,1892.0,5482.0,5288.0,146.0,146.0,5885496
AUVERGNE RHONE ALPES,2020-10-12 08:30:00,2020,286,08:30:00,286.35,389.0,9773.0,251.0,15.0,5246.0,99.0,-5.0,-7608.0,0.0,0.0,1035.0,1035.0,13570.0,12656.0,700.0,1327.0,11751.0,11563.0,194.0,194.0,8078652
BRETAGNE,2013-02-28 04:00:00,2013,59,04:00:00,59.17,65.0,0.0,93.0,0.0,169.0,19.0,-1.0,2989.0,0.0,0.0,658.0,658.0,0.0,0.0,716.0,202.0,11.0,11.0,36.0,36.0,3258707
ILE DE FRANCE,2013-07-01 14:00:00,2013,182,14:00:00,182.58,170.0,0.0,0.0,33.0,5.0,108.0,0.0,7735.0,0.0,0.0,2121.0,1939.0,0.0,0.0,37.0,109.0,19.0,19.0,282.0,282.0,11959807
PROVENCE ALPES COTE D AZUR,2013-09-13 13:30:00,2013,256,13:30:00,256.56,202.0,0.0,35.0,413.0,1040.0,64.0,0.0,2868.0,0.0,0.0,2590.0,2209.0,0.0,0.0,45.0,722.0,3158.0,3158.0,151.0,151.0,4953675
ILE DE FRANCE,2017-03-31 04:30:00,2017,90,04:30:00,90.19,260.0,0.0,25.0,0.0,11.0,144.0,0.0,4847.0,0.0,0.0,2149.0,1610.0,0.0,0.0,73.0,116.0,19.0,19.0,301.0,301.0,12174880
OCCITANIE,2022-07-02 00:00:00,2022,183,00:00:00,183.0,0.0,1260.0,240.0,2.0,485.0,90.0,-10.0,633.0,0.0,0.0,326.0,326.0,2620.0,1310.0,1593.0,2962.0,5503.0,5340.0,174.0,174.0,6067101
GRAND EST,2021-11-15 18:30:00,2021,319,18:30:00,319.77,1935.0,9332.0,431.0,1.0,1048.0,137.0,-6.0,-6265.0,0.0,0.0,3589.0,3589.0,10820.0,10076.0,4062.0,952.0,2305.0,2103.0,209.0,209.0,5561287
NOUVELLE AQUITAINE,2020-03-27 10:30:00,2020,87,10:30:00,87.44,152.0,5231.0,71.0,1556.0,716.0,179.0,0.0,-2758.0,0.0,0.0,571.0,571.0,6630.0,5281.0,1089.0,2638.0,1783.0,1678.0,340.0,340.0,6033952
PAYS DE LA LOIRE,2014-07-11 17:30:00,2014,192,17:30:00,192.73,11.0,0.0,72.0,111.0,1.0,43.0,0.0,2470.0,0.0,0.0,1864.0,1429.0,0.0,0.0,518.0,416.0,7.0,7.0,58.0,58.0,3690833
PAYS DE LA LOIRE,2013-09-24 17:30:00,2013,267,17:30:00,267.73,904.0,0.0,0.0,102.0,0.0,24.0,0.0,1691.0,0.0,0.0,1837.0,1837.0,0.0,0.0,490.0,396.0,6.0,6.0,58.0,58.0,3660852
CENTRE VAL DE LOIRE,2013-09-16 13:30:00,2013,259,13:30:00,259.56,6.0,5532.0,296.0,56.0,0.0,18.0,0.0,-4071.0,0.0,0.0,162.0,162.0,11630.0,10715.0,717.0,212.0,91.0,91.0,56.0,56.0,2570548
NOUVELLE AQUITAINE,2014-07-10 06:00:00,2014,191,06:00:00,191.25,25.0,5534.0,131.0,0.0,239.0,128.0,0.0,-2583.0,0.0,0.0,421.0,421.0,6630.0,6630.0,447.0,1140.0,1772.0,1772.0,220.0,220.0,5879144
AUVERGNE RHONE ALPES,2015-06-22 18:30:00,2015,173,18:30:00,173.77,376.0,10477.0,86.0,176.0,4359.0,77.0,-7.0,-8257.0,0.0,0.0,944.0,944.0,13570.0,12667.0,372.0,880.0,11183.0,10925.0,141.0,141.0,7877698
BRETAGNE,2015-11-25 09:30:00,2015,329,09:30:00,329.4,98.0,0.0,339.0,5.0,91.0,29.0,-1.0,2660.0,0.0,0.0,739.0,739.0,0.0,0.0,813.0,223.0,275.0,275.0,56.0,56.0,3293850
HAUTS DE FRANCE,2020-03-17 04:30:00,2020,77,04:30:00,77.19,1989.0,4263.0,390.0,0.0,2.0,116.0,0.0,-1193.0,0.0,0.0,2970.0,2970.0,5460.0,4693.0,5025.0,242.0,5.0,5.0,181.0,181.0,5997734
BOURGOGNE FRANCHE COMTE,2022-05-14 17:30:00,2022,134,17:30:00,134.73,14.0,0.0,7.0,242.0,33.0,52.0,0.0,1307.0,0.0,0.0,401.0,401.0,0.0,0.0,1049.0,531.0,524.0,524.0,75.0,75.0,2797366
CENTRE VAL DE LOIRE,2019-04-09 19:00:00,2019,99,19:00:00,99.79,1.0,9674.0,104.0,32.0,11.0,61.0,0.0,-7751.0,0.0,0.0,228.0,228.0,11630.0,10690.0,1160.0,309.0,91.0,91.0,84.0,84.0,2573180
PROVENCE ALPES COTE D AZUR,2016-04-23 05:30:00,2016,114,05:30:00,114.23,36.0,0.0,4.0,0.0,998.0,99.0,0.0,2340.0,0.0,0.0,2614.0,2296.0,0.0,0.0,48.0,1015.0,3178.0,3055.0,354.0,354.0,5021928
GRAND EST,2015-11-30 14:30:00,2015,334,14:30:00,334.6,1990.0,12324.0,2087.0,39.0,724.0,87.0,-177.0,-10535.0,0.0,0.0,3424.0,3203.0,10820.0,10820.0,2548.0,525.0,2285.0,2083.0,119.0,119.0,5559051
GRAND EST,2020-02-24 12:30:00,2020,55,12:30:00,55.52,1747.0,8463.0,2674.0,147.0,1057.0,123.0,-6.0,-7935.0,0.0,0.0,3535.0,3535.0,10820.0,9682.0,3606.0,611.0,2303.0,2089.0,180.0,180.0,5562651
ILE DE FRANCE,2021-10-20 23:00:00,2021,293,23:00:00,293.96,0.0,0.0,88.0,0.0,8.0,158.0,0.0,7190.0,0.0,0.0,2171.0,2171.0,0.0,0.0,148.0,193.0,20.0,20.0,314.0,314.0,12317279
OCCITANIE,2015-03-20 08:30:00,2015,79,08:30:00,79.35,59.0,2438.0,296.0,68.0,2208.0,78.0,0.0,-340.0,0.0,0.0,266.0,266.0,2620.0,2620.0,943.0,1382.0,5448.0,5221.0,133.0,133.0,5774185
HAUTS DE FRANCE,2021-08-31 13:30:00,2021,243,13:30:00,243.56,708.0,3427.0,906.0,169.0,2.0,93.0,0.0,198.0,0.0,0.0,2990.0,2990.0,5460.0,4550.0,5531.0,407.0,5.0,5.0,183.0,183.0,5995292
PROVENCE ALPES COTE D AZUR,2013-10-22 07:30:00,2013,295,07:30:00,295.31,776.0,0.0,29.0,0.0,1243.0,48.0,0.0,2001.0,0.0,0.0,2590.0,2316.0,0.0,0.0,45.0,740.0,3159.0,3159.0,151.0,151.0,4953675
HAUTS DE FRANCE,2022-06-11 19:00:00,2022,162,19:00:00,162.79,645.0,3628.0,588.0,108.0,2.0,115.0,0.0,-511.0,0.0,0.0,2993.0,2729.0,5460.0,4550.0,5774.0,442.0,6.0,6.0,197.0,197.0,5990765
CENTRE VAL DE LOIRE,2017-10-04 09:00:00,2017,277,09:00:00,277.38,2.0,6478.0,2.0,15.0,0.0,62.0,0.0,-4377.0,0.0,0.0,210.0,210.0,11630.0,10730.0,963.0,275.0,91.0,91.0,76.0,76.0,2576252
ILE DE FRANCE,2022-09-16 08:30:00,2022,259,08:30:00,259.35,0.0,0.0,17.0,6.0,5.0,189.0,0.0,6670.0,0.0,0.0,2171.0,2029.0,0.0,0.0,148.0,235.0,20.0,20.0,314.0,314.0,12354286
OCCITANIE,2022-07-12 04:30:00,2022,193,04:30:00,193.19,0.0,1238.0,109.0,0.0,587.0,109.0,-629.0,1749.0,0.0,0.0,326.0,326.0,2620.0,1310.0,1593.0,2992.0,5503.0,5345.0,174.0,174.0,6067101
AUVERGNE RHONE ALPES,2020-11-22 17:30:00,2020,327,17:30:00,327.73,411.0,9770.0,14.0,0.0,2906.0,126.0,-5.0,-5512.0,0.0,0.0,1047.0,1047.0,13570.0,12665.0,700.0,1352.0,11753.0,11589.0,194.0,194.0,8078652
GRAND EST,2016-05-10 09:30:00,2016,131,09:30:00,131.4,753.0,10140.0,674.0,44.0,1161.0,92.0,0.0,-7510.0,0.0,0.0,3424.0,2829.0,10820.0,10188.0,2601.0,527.0,2286.0,2084.0,121.0,121.0,5555186
PAYS DE LA LOIRE,2017-11-21 05:00:00,2017,325,05:00:00,325.21,1054.0,0.0,66.0,0.0,0.0,48.0,0.0,1824.0,0.0,0.0,1941.0,1361.0,0.0,0.0,766.0,508.0,8.0,8.0,68.0,68.0,3757600
GRAND EST,2014-11-09 21:00:00,2014,313,21:00:00,313.88,191.0,11348.0,278.0,0.0,1399.0,81.0,0.0,-8147.0,0.0,0.0,3400.0,3200.0,10820.0,10820.0,2257.0,517.0,2283.0,2283.0,107.0,107.0,5554645
ILE DE FRANCE,2018-07-13 08:30:00,2018,194,08:30:00,194.35,-2.0,0.0,2.0,14.0,7.0,151.0,0.0,6922.0,0.0,0.0,2157.0,2128.0,0.0,0.0,88.0,122.0,20.0,20.0,306.0,306.0,12213447
HAUTS DE FRANCE,2017-02-26 07:30:00,2017,57,07:30:00,57.31,1507.0,3646.0,1064.0,0.0,2.0,116.0,0.0,-755.0,0.0,0.0,2900.0,2900.0,5460.0,4550.0,3330.0,214.0,5.0,5.0,164.0,164.0,6003815
BOURGOGNE FRANCHE COMTE,2016-09-03 19:00:00,2016,247,19:00:00,247.79,23.0,0.0,6.0,26.0,30.0,23.0,0.0,1852.0,0.0,0.0,329.0,329.0,0.0,0.0,446.0,264.0,513.0,513.0,31.0,31.0,2818338
CENTRE VAL DE LOIRE,2020-07-05 21:00:00,2020,187,21:00:00,187.88,0.0,3626.0,505.0,9.0,1.0,68.0,0.0,-2619.0,0.0,0.0,229.0,229.0,11630.0,10726.0,1256.0,375.0,92.0,92.0,88.0,88.0,2574863
BOURGOGNE FRANCHE COMTE,2013-04-03 03:00:00,2013,93,03:00:00,93.12,41.0,0.0,11.0,0.0,103.0,11.0,0.0,2441.0,0.0,0.0,301.0,301.0,0.0,0.0,204.0,228.0,480.0,480.0,24.0,24.0,2819783
BOURGOGNE FRANCHE COMTE,2016-09-30 20:30:00,2016,274,20:30:00,274.85,53.0,0.0,9.0,0.0,129.0,14.0,0.0,2121.0,0.0,0.0,329.0,329.0,0.0,0.0,452.0,265.0,513.0,513.0,31.0,31.0,2818338
OCCITANIE,2016-07-04 17:30:00,2016,186,17:30:00,186.73,0.0,2480.0,46.0,715.0,1210.0,69.0,-15.0,-397.0,0.0,0.0,266.0,266.0,2620.0,2620.0,1119.0,1606.0,5462.0,5235.0,139.0,139.0,5808435
CENTRE VAL DE LOIRE,2022-05-04 00:00:00,2022,124,00:00:00,124.0,14.0,5427.0,313.0,0.0,11.0,55.0,0.0,-3956.0,0.0,0.0,229.0,229.0,11630.0,10751.0,1455.0,731.0,92.0,92.0,90.0,90.0,2572916
BRETAGNE,2013-01-31 10:30:00,2013,31,10:30:00,31.44,144.0,0.0,494.0,8.0,19.0,15.0,-32.0,2881.0,0.0,0.0,658.0,658.0,0.0,0.0,716.0,201.0,11.0,11.0,36.0,36.0,3258707
BOURGOGNE FRANCHE COMTE,2017-10-06 15:30:00,2017,279,15:30:00,279.65,56.0,0.0,100.0,61.0,29.0,15.0,0.0,2301.0,0.0,0.0,331.0,331.0,0.0,0.0,647.0,271.0,519.0,519.0,35.0,35.0,2811423
GRAND EST,2020-08-06 11:00:00,2020,219,11:00:00,219.46,376.0,6436.0,82.0,342.0,1033.0,113.0,0.0,-4022.0,0.0,0.0,3535.0,3101.0,10820.0,9628.0,3711.0,630.0,2304.0,1860.0,184.0,184.0,5562651
ILE DE FRANCE,2016-10-08 02:00:00,2016,282,02:00:00,282.08,-4.0,0.0,5.0,0.0,7.0,148.0,0.0,5774.0,0.0,0.0,2149.0,1679.0,0.0,0.0,61.0,115.0,19.0,19.0,300.0,300.0,12117132
HAUTS DE FRANCE,2018-01-16 09:00:00,2018,16,09:00:00,16.38,944.0,5520.0,2610.0,0.0,2.0,109.0,0.0,-1015.0,0.0,0.0,2913.0,2649.0,5460.0,5460.0,3799.0,217.0,5.0,5.0,170.0,170.0,6004108
HAUTS DE FRANCE,2014-10-19 06:30:00,2014,292,06:30:00,292.27,302.0,4446.0,637.0,0.0,1.0,53.0,0.0,-1289.0,0.0,0.0,2301.0,2301.0,5460.0,5460.0,2476.0,212.0,5.0,5.0,142.0,142.0,6006156
NORMANDIE,2013-01-10 05:00:00,2013,10,05:00:00,10.21,541.0,10005.0,11.0,0.0,15.0,54.0,0.0,-7079.0,0.0,0.0,761.0,178.0,10640.0,10640.0,423.0,206.0,22.0,22.0,88.0,88.0,3328364
PAYS DE LA LOIRE,2022-11-20 09:00:00,2022,324,09:00:00,324.38,791.0,0.0,696.0,21.0,3.0,55.0,0.0,1331.0,0.0,0.0,2068.0,1811.0,0.0,0.0,1696.0,932.0,10.0,10.0,80.0,80.0,3878839
PROVENCE ALPES COTE D AZUR,2013-03-29 18:00:00,2013,88,18:00:00,88.75,1109.0,0.0,1.0,38.0,1499.0,43.0,0.0,2267.0,0.0,0.0,2590.0,2528.0,0.0,0.0,45.0,679.0,3158.0,3158.0,149.0,149.0,4953675
HAUTS DE FRANCE,2017-06-12 22:00:00,2017,163,22:00:00,163.92,808.0,3452.0,321.0,0.0,1.0,116.0,0.0,307.0,0.0,0.0,2900.0,2740.0,5460.0,4550.0,3488.0,215.0,5.0,5.0,165.0,165.0,6003815
NOUVELLE AQUITAINE,2022-01-22 07:30:00,2022,22,07:30:00,22.31,244.0,3746.0,509.0,0.0,379.0,187.0,0.0,2207.0,0.0,0.0,578.0,578.0,6630.0,5135.0,1368.0,3470.0,1784.0,1666.0,356.0,356.0,6098051
PROVENCE ALPES COTE D AZUR,2022-11-01 03:00:00,2022,305,03:00:00,305.12,207.0,0.0,61.0,0.0,365.0,66.0,-52.0,2453.0,0.0,0.0,2724.0,2453.0,0.0,0.0,96.0,1929.0,3270.0,3238.0,357.0,357.0,5150362
NORMANDIE,2016-02-14 20:00:00,2016,45,20:00:00,45.83,433.0,7726.0,244.0,0.0,20.0,41.0,0.0,-4457.0,0.0,0.0,773.0,773.0,10640.0,9310.0,538.0,217.0,31.0,31.0,95.0,95.0,3335929
OCCITANIE,2022-01-07 02:00:00,2022,7,02:00:00,7.08,88.0,2557.0,596.0,0.0,951.0,77.0,-323.0,1937.0,0.0,0.0,326.0,326.0,2620.0,2620.0,1593.0,2787.0,5500.0,5465.0,173.0,173.0,6067101
GRAND EST,2013-05-09 21:30:00,2013,129,21:30:00,129.9,86.0,9574.0,207.0,0.0,1211.0,44.0,0.0,-6894.0,0.0,0.0,3398.0,3398.0,10820.0,10290.0,1877.0,502.0,2280.0,2078.0,86.0,86.0,5552388
ILE DE FRANCE,2017-11-23 11:30:00,2017,327,11:30:00,327.48,465.0,0.0,53.0,12.0,6.0,163.0,0.0,9102.0,0.0,0.0,2151.0,2000.0,0.0,0.0,88.0,119.0,19.0,19.0,306.0,306.0,12174880
GRAND EST,2017-11-01 21:00:00,2017,305,21:00:00,305.88,1876.0,8663.0,1006.0,0.0,738.0,117.0,0.0,-7122.0,0.0,0.0,3465.0,2947.0,10820.0,9518.0,3040.0,549.0,2299.0,2004.0,141.0,141.0,5549586
BOURGOGNE FRANCHE COMTE,2020-02-19 07:30:00,2020,50,07:30:00,50.31,135.0,0.0,498.0,0.0,224.0,48.0,0.0,2252.0,0.0,0.0,401.0,401.0,0.0,0.0,877.0,346.0,521.0,521.0,69.0,69.0,2801695
BRETAGNE,2017-06-16 18:30:00,2017,167,18:30:00,167.77,1.0,0.0,61.0,81.0,136.0,42.0,-1.0,1797.0,0.0,0.0,848.0,763.0,0.0,0.0,898.0,237.0,275.0,275.0,66.0,66.0,3318904
BOURGOGNE FRANCHE COMTE,2014-04-25 04:00:00,2014,115,04:00:00,115.17,27.0,0.0,36.0,0.0,22.0,16.0,0.0,1754.0,0.0,0.0,313.0,68.0,0.0,0.0,242.0,245.0,508.0,508.0,25.0,25.0,2820623
BOURGOGNE FRANCHE COMTE,2017-11-26 23:30:00,2017,330,23:30:00,330.98,164.0,0.0,130.0,0.0,80.0,27.0,0.0,2412.0,0.0,0.0,356.0,356.0,0.0,0.0,676.0,286.0,520.0,520.0,35.0,35.0,2811423
OCCITANIE,2014-05-24 15:00:00,2014,144,15:00:00,144.62,-5.0,1239.0,25.0,620.0,1249.0,76.0,-655.0,755.0,0.0,0.0,251.0,251.0,2620.0,2620.0,906.0,1237.0,5409.0,5169.0,128.0,128.0,5730753
GRAND EST,2018-07-14 18:30:00,2018,195,18:30:00,195.77,1046.0,6181.0,54.0,193.0,741.0,111.0,0.0,-4127.0,0.0,0.0,3471.0,2980.0,10820.0,9579.0,3134.0,556.0,2300.0,2006.0,158.0,158.0,5550389
AUVERGNE RHONE ALPES,2014-11-01 06:30:00,2014,305,06:30:00,305.27,163.0,9641.0,20.0,0.0,930.0,129.0,-1212.0,-3573.0,0.0,0.0,940.0,940.0,13570.0,12655.0,347.0,835.0,11153.0,11001.0,141.0,141.0,7820966
BOURGOGNE FRANCHE COMTE,2013-06-03 13:00:00,2013,154,13:00:00,154.54,28.0,0.0,67.0,98.0,152.0,10.0,0.0,2249.0,0.0,0.0,301.0,301.0,0.0,0.0,204.0,228.0,480.0,480.0,24.0,24.0,2819783
AUVERGNE RHONE ALPES,2015-03-30 05:30:00,2015,89,05:30:00,89.23,192.0,9643.0,198.0,0.0,2621.0,96.0,-2027.0,-3445.0,0.0,0.0,944.0,944.0,13570.0,12730.0,372.0,862.0,11181.0,10845.0,141.0,141.0,7877698
AUVERGNE RHONE ALPES,2017-02-11 13:30:00,2017,42,13:30:00,42.56,648.0,12377.0,186.0,158.0,4887.0,121.0,-11.0,-9095.0,0.0,0.0,984.0,984.0,13570.0,12854.0,482.0,938.0,11238.0,11048.0,177.0,177.0,7948287
BRETAGNE,2016-09-23 21:30:00,2016,267,21:30:00,267.9,1.0,0.0,77.0,0.0,28.0,38.0,-1.0,1895.0,0.0,0.0,773.0,688.0,0.0,0.0,877.0,230.0,275.0,275.0,57.0,57.0,3306529
HAUTS DE FRANCE,2015-08-26 07:00:00,2015,238,07:00:00,238.29,294.0,3238.0,835.0,0.0,0.0,107.0,0.0,257.0,0.0,0.0,2301.0,1970.0,5460.0,4805.0,2759.0,213.0,5.0,5.0,160.0,160.0,6009976
NOUVELLE AQUITAINE,2017-08-30 14:00:00,2017,242,14:00:00,242.58,46.0,4078.0,139.0,815.0,116.0,168.0,0.0,-267.0,0.0,0.0,465.0,465.0,6630.0,5574.0,790.0,2008.0,1780.0,1669.0,306.0,306.0,5956978
PROVENCE ALPES COTE D AZUR,2021-03-11 21:30:00,2021,70,21:30:00,70.9,148.0,0.0,4.0,0.0,918.0,97.0,0.0,3754.0,0.0,0.0,2715.0,2386.0,0.0,0.0,96.0,1567.0,3266.0,3235.0,357.0,357.0,5127840
PAYS DE LA LOIRE,2021-07-30 17:30:00,2021,211,17:30:00,211.73,0.0,0.0,502.0,294.0,1.0,54.0,0.0,1538.0,0.0,0.0,2056.0,2056.0,0.0,0.0,1115.0,755.0,10.0,10.0,78.0,78.0,3853999
ILE DE FRANCE,2014-10-13 06:30:00,2014,286,06:30:00,286.27,141.0,0.0,17.0,0.0,9.0,142.0,0.0,6234.0,0.0,0.0,2122.0,2122.0,0.0,0.0,37.0,112.0,19.0,19.0,282.0,282.0,12027565
CENTRE VAL DE LOIRE,2017-10-04 01:30:00,2017,277,01:30:00,277.06,2.0,6320.0,81.0,0.0,0.0,65.0,0.0,-4709.0,0.0,0.0,210.0,210.0,11630.0,10730.0,963.0,275.0,91.0,91.0,76.0,76.0,2576252
GRAND EST,2016-01-18 07:30:00,2016,18,07:30:00,18.31,2406.0,12533.0,716.0,0.0,924.0,106.0,0.0,-9151.0,0.0,0.0,3424.0,3155.0,10820.0,10820.0,2569.0,525.0,2285.0,2083.0,119.0,119.0,5555186
HAUTS DE FRANCE,2018-10-30 19:00:00,2018,303,19:00:00,303.79,1472.0,4568.0,2108.0,0.0,0.0,129.0,0.0,-726.0,0.0,0.0,2954.0,2723.0,5460.0,4550.0,4098.0,234.0,5.0,5.0,171.0,171.0,6004108
NOUVELLE AQUITAINE,2014-07-08 19:30:00,2014,189,19:30:00,189.81,25.0,5912.0,126.0,148.0,411.0,129.0,0.0,-2406.0,0.0,0.0,421.0,421.0,6630.0,6630.0,447.0,1139.0,1772.0,1772.0,220.0,220.0,5879144
PROVENCE ALPES COTE D AZUR,2016-05-19 18:30:00,2016,140,18:30:00,140.77,905.0,0.0,29.0,276.0,1148.0,96.0,0.0,1492.0,0.0,0.0,2614.0,2210.0,0.0,0.0,48.0,1016.0,3178.0,3178.0,354.0,354.0,5021928
PROVENCE ALPES COTE D AZUR,2022-11-16 16:00:00,2022,320,16:00:00,320.67,690.0,0.0,3.0,325.0,868.0,57.0,-2.0,2065.0,0.0,0.0,2724.0,2448.0,0.0,0.0,96.0,1962.0,3270.0,3205.0,357.0,357.0,5150362
OCCITANIE,2013-08-14 23:30:00,2013,226,23:30:00,226.98,-3.0,1199.0,210.0,0.0,1742.0,80.0,-3.0,617.0,0.0,0.0,246.0,246.0,2620.0,2620.0,889.0,1098.0,5387.0,5387.0,126.0,126.0,5683878
PAYS DE LA LOIRE,2021-05-08 07:00:00,2021,128,07:00:00,128.29,0.0,0.0,264.0,2.0,2.0,58.0,0.0,1727.0,0.0,0.0,2055.0,2055.0,0.0,0.0,1097.0,737.0,10.0,10.0,78.0,78.0,3853999
PROVENCE ALPES COTE D AZUR,2020-07-07 15:30:00,2020,189,15:30:00,189.65,695.0,0.0,14.0,965.0,1289.0,51.0,0.0,1618.0,0.0,0.0,2710.0,2295.0,0.0,0.0,48.0,1475.0,3261.0,3167.0,357.0,207.0,5098666
OCCITANIE,2015-10-05 07:00:00,2015,278,07:00:00,278.29,-4.0,2487.0,85.0,0.0,410.0,62.0,0.0,354.0,0.0,0.0,266.0,0.0,2620.0,2620.0,1039.0,1459.0,5455.0,4886.0,137.0,137.0,5774185
AUVERGNE RHONE ALPES,2020-07-09 00:00:00,2020,191,00:00:00,191.0,322.0,6176.0,45.0,0.0,4168.0,111.0,-15.0,-4490.0,0.0,0.0,1034.0,1034.0,13570.0,12658.0,647.0,1281.0,11746.0,11527.0,192.0,192.0,8078652
BRETAGNE,2021-10-25 15:00:00,2021,298,15:00:00,298.62,53.0,0.0,160.0,116.0,110.0,53.0,-1.0,1988.0,0.0,0.0,1428.0,1428.0,0.0,0.0,1106.0,348.0,272.0,272.0,82.0,82.0,3394567
ILE DE FRANCE,2015-05-17 04:30:00,2015,137,04:30:00,137.19,-4.0,0.0,1.0,0.0,6.0,93.0,0.0,5088.0,0.0,0.0,2144.0,1841.0,0.0,0.0,37.0,113.0,19.0,19.0,286.0,286.0,12082144
GRAND EST,2013-08-05 10:00:00,2013,217,10:00:00,217.42,726.0,9545.0,62.0,176.0,989.0,39.0,0.0,-7279.0,0.0,0.0,3398.0,3263.0,10820.0,9520.0,1943.0,505.0,2280.0,2280.0,93.0,93.0,5552388
AUVERGNE RHONE ALPES,2013-02-12 01:00:00,2013,43,01:00:00,43.04,292.0,12623.0,17.0,0.0,3355.0,55.0,-505.0,-6210.0,0.0,0.0,914.0,914.0,13570.0,13570.0,335.0,707.0,11115.0,11115.0,106.0,106.0,7757595
AUVERGNE RHONE ALPES,2020-03-29 08:30:00,2020,89,08:30:00,89.35,170.0,6582.0,180.0,42.0,1439.0,127.0,-2029.0,-1101.0,0.0,0.0,1034.0,1034.0,13570.0,12648.0,647.0,1253.0,11746.0,11544.0,192.0,192.0,8078652
CENTRE VAL DE LOIRE,2020-03-19 17:30:00,2020,79,17:30:00,79.73,91.0,9601.0,33.0,57.0,57.0,58.0,0.0,-8244.0,0.0,0.0,229.0,229.0,11630.0,10740.0,1238.0,361.0,92.0,92.0,86.0,86.0,2574863
PAYS DE LA LOIRE,2016-11-28 08:30:00,2016,333,08:30:00,333.35,1114.0,0.0,418.0,0.0,1.0,38.0,0.0,3046.0,0.0,0.0,1901.0,1708.0,0.0,0.0,687.0,490.0,8.0,8.0,63.0,63.0,3737632
NORMANDIE,2016-04-20 01:30:00,2016,111,01:30:00,111.06,621.0,5123.0,237.0,0.0,15.0,51.0,0.0,-2816.0,0.0,0.0,773.0,618.0,10640.0,9310.0,563.0,217.0,31.0,31.0,95.0,95.0,3335929
CENTRE VAL DE LOIRE,2014-05-18 22:30:00,2014,138,22:30:00,138.94,1.0,8454.0,157.0,0.0,10.0,44.0,0.0,-6972.0,0.0,0.0,162.0,162.0,11630.0,11630.0,749.0,216.0,91.0,91.0,56.0,56.0,2577435
NOUVELLE AQUITAINE,2019-06-03 14:00:00,2019,154,14:00:00,154.58,15.0,5640.0,17.0,1610.0,292.0,166.0,0.0,-2925.0,0.0,0.0,538.0,538.0,6630.0,5428.0,1008.0,2490.0,1782.0,1673.0,319.0,319.0,6010289
OCCITANIE,2014-05-03 10:30:00,2014,123,10:30:00,123.44,-5.0,1115.0,605.0,381.0,1416.0,68.0,-8.0,120.0,0.0,0.0,251.0,251.0,2620.0,2620.0,906.0,1225.0,5409.0,5169.0,128.0,128.0,5730753
PAYS DE LA LOIRE,2021-09-08 16:30:00,2021,251,16:30:00,251.69,1275.0,0.0,51.0,255.0,0.0,51.0,0.0,1467.0,0.0,0.0,2056.0,2056.0,0.0,0.0,1115.0,769.0,10.0,10.0,79.0,79.0,3853999
BOURGOGNE FRANCHE COMTE,2021-02-06 02:00:00,2021,37,02:00:00,37.08,153.0,0.0,106.0,0.0,254.0,47.0,0.0,1858.0,0.0,0.0,401.0,401.0,0.0,0.0,928.0,403.0,523.0,523.0,71.0,71.0,2800194
PAYS DE LA LOIRE,2016-10-11 07:00:00,2016,285,07:00:00,285.29,407.0,0.0,96.0,0.0,0.0,48.0,0.0,2678.0,0.0,0.0,1880.0,1258.0,0.0,0.0,687.0,480.0,8.0,8.0,63.0,63.0,3737632
ILE DE FRANCE,2020-04-09 02:30:00,2020,100,02:30:00,100.1,0.0,0.0,0.0,0.0,9.0,143.0,0.0,5015.0,0.0,0.0,2170.0,2094.0,0.0,0.0,108.0,144.0,20.0,20.0,314.0,314.0,12271794
NOUVELLE AQUITAINE,2016-06-30 09:30:00,2016,182,09:30:00,182.4,38.0,4782.0,67.0,462.0,559.0,170.0,0.0,-1358.0,0.0,0.0,429.0,429.0,6630.0,5720.0,579.0,1868.0,1778.0,1778.0,280.0,280.0,5935603
BOURGOGNE FRANCHE COMTE,2014-11-30 08:00:00,2014,334,08:00:00,334.33,120.0,0.0,3.0,0.0,21.0,21.0,0.0,2101.0,0.0,0.0,325.0,80.0,0.0,0.0,316.0,253.0,509.0,509.0,28.0,28.0,2820623
AUVERGNE RHONE ALPES,2022-09-03 22:00:00,2022,246,22:00:00,246.92,414.0,5262.0,16.0,0.0,1845.0,127.0,-14.0,-1998.0,0.0,0.0,1048.0,1048.0,13570.0,12620.0,723.0,1765.0,11788.0,11670.0,208.0,208.0,8155762
NORMANDIE,2020-01-30 04:30:00,2020,30,04:30:00,30.19,408.0,6397.0,333.0,0.0,24.0,57.0,0.0,-3610.0,0.0,0.0,833.0,253.0,10640.0,9310.0,806.0,262.0,31.0,31.0,109.0,109.0,3325522
NORMANDIE,2021-11-14 16:00:00,2021,318,16:00:00,318.67,334.0,5605.0,86.0,11.0,7.0,97.0,0.0,-3461.0,0.0,0.0,852.0,852.0,10640.0,9443.0,878.0,303.0,31.0,31.0,148.0,148.0,3327966
NORMANDIE,2017-05-29 20:00:00,2017,149,20:00:00,149.83,290.0,4943.0,38.0,7.0,10.0,45.0,0.0,-2506.0,0.0,0.0,785.0,205.0,10640.0,9442.0,622.0,222.0,31.0,31.0,98.0,98.0,3330478
NOUVELLE AQUITAINE,2019-07-17 15:30:00,2019,198,15:30:00,198.65,37.0,5493.0,109.0,1776.0,54.0,172.0,0.0,-2374.0,0.0,0.0,538.0,538.0,6630.0,5428.0,1017.0,2512.0,1782.0,1670.0,319.0,319.0,6010289
CENTRE VAL DE LOIRE,2014-01-04 20:00:00,2014,4,20:00:00,4.83,78.0,10311.0,442.0,0.0,45.0,50.0,0.0,-8383.0,0.0,0.0,162.0,162.0,11630.0,10740.0,739.0,214.0,91.0,91.0,56.0,56.0,2577435
BOURGOGNE FRANCHE COMTE,2020-02-25 22:00:00,2020,56,22:00:00,56.92,173.0,0.0,726.0,0.0,299.0,48.0,0.0,1512.0,0.0,0.0,401.0,401.0,0.0,0.0,877.0,346.0,521.0,521.0,69.0,69.0,2801695
PROVENCE ALPES COTE D AZUR,2013-04-03 05:30:00,2013,93,05:30:00,93.23,938.0,0.0,11.0,0.0,1427.0,44.0,0.0,2271.0,0.0,0.0,2590.0,2528.0,0.0,0.0,45.0,679.0,3158.0,3158.0,149.0,149.0,4953675
CENTRE VAL DE LOIRE,2021-10-10 02:30:00,2021,283,02:30:00,283.1,14.0,6316.0,196.0,0.0,1.0,63.0,0.0,-5085.0,0.0,0.0,229.0,229.0,11630.0,10732.0,1360.0,604.0,92.0,92.0,90.0,90.0,2573303
OCCITANIE,2021-11-08 10:00:00,2021,312,10:00:00,312.42,61.0,1232.0,817.0,828.0,1675.0,87.0,0.0,300.0,0.0,0.0,326.0,326.0,2620.0,2620.0,1593.0,2737.0,5500.0,5465.0,173.0,173.0,6022176
BRETAGNE,2022-04-26 23:30:00,2022,116,23:30:00,116.98,432.0,0.0,316.0,0.0,160.0,54.0,-1.0,1363.0,0.0,0.0,1432.0,1335.0,0.0,0.0,1179.0,366.0,272.0,272.0,82.0,82.0,3414637
OCCITANIE,2017-02-27 06:30:00,2017,58,06:30:00,58.27,75.0,2433.0,75.0,0.0,859.0,96.0,-828.0,2376.0,0.0,0.0,282.0,282.0,2620.0,1937.0,1194.0,1700.0,5473.0,5246.0,140.0,140.0,5845102
ILE DE FRANCE,2019-04-30 12:30:00,2019,120,12:30:00,120.52,-2.0,0.0,5.0,46.0,10.0,109.0,0.0,8472.0,0.0,0.0,2170.0,2038.0,0.0,0.0,88.0,126.0,20.0,20.0,306.0,306.0,12262544
HAUTS DE FRANCE,2022-01-17 06:30:00,2022,17,06:30:00,17.27,2111.0,2691.0,239.0,0.0,2.0,126.0,0.0,1576.0,0.0,0.0,2990.0,2985.0,5460.0,4550.0,5652.0,437.0,5.0,5.0,190.0,190.0,5990765
PROVENCE ALPES COTE D AZUR,2013-04-04 09:30:00,2013,94,09:30:00,94.4,1450.0,0.0,1.0,53.0,1819.0,38.0,0.0,2256.0,0.0,0.0,2590.0,2528.0,0.0,0.0,45.0,679.0,3158.0,3158.0,149.0,149.0,4953675
GRAND EST,2020-06-09 16:30:00,2020,161,16:30:00,161.69,1258.0,5617.0,841.0,136.0,772.0,125.0,0.0,-4209.0,0.0,0.0,3535.0,3031.0,10820.0,9532.0,3606.0,622.0,2304.0,1909.0,184.0,184.0,5562651
GRAND EST,2016-04-18 19:00:00,2016,109,19:00:00,109.79,461.0,10126.0,182.0,55.0,1569.0,76.0,-6.0,-6829.0,0.0,0.0,3424.0,3424.0,10820.0,9772.0,2601.0,527.0,2286.0,2084.0,121.0,121.0,5555186
BOURGOGNE FRANCHE COMTE,2019-10-02 13:30:00,2019,275,13:30:00,275.56,59.0,0.0,361.0,141.0,22.0,21.0,0.0,1938.0,0.0,0.0,401.0,401.0,0.0,0.0,831.0,341.0,521.0,521.0,68.0,68.0,2805580
AUVERGNE RHONE ALPES,2015-09-02 13:00:00,2015,245,13:00:00,245.54,389.0,9405.0,50.0,374.0,1987.0,94.0,-17.0,-4756.0,0.0,0.0,944.0,944.0,13570.0,12797.0,372.0,888.0,11183.0,10942.0,141.0,141.0,7877698
NORMANDIE,2019-04-09 03:30:00,2019,99,03:30:00,99.15,255.0,7706.0,45.0,0.0,16.0,41.0,0.0,-5181.0,0.0,0.0,833.0,833.0,10640.0,9310.0,801.0,254.0,31.0,31.0,106.0,106.0,3325032
ILE DE FRANCE,2017-08-08 00:30:00,2017,220,00:30:00,220.02,1.0,0.0,6.0,0.0,4.0,168.0,0.0,5291.0,0.0,0.0,2149.0,1811.0,0.0,0.0,88.0,117.0,19.0,19.0,301.0,301.0,12174880
PROVENCE ALPES COTE D AZUR,2015-01-13 10:00:00,2015,13,10:00:00,13.42,747.0,0.0,21.0,65.0,1595.0,67.0,0.0,3861.0,0.0,0.0,2600.0,2238.0,0.0,0.0,45.0,881.0,3168.0,3042.0,183.0,183.0,5007977
NOUVELLE AQUITAINE,2015-03-23 15:30:00,2015,82,15:30:00,82.65,123.0,4641.0,36.0,352.0,449.0,131.0,0.0,-190.0,0.0,0.0,427.0,427.0,6630.0,5922.0,479.0,1440.0,1774.0,1774.0,234.0,234.0,5911482
BRETAGNE,2017-09-24 07:00:00,2017,267,07:00:00,267.29,1.0,0.0,33.0,0.0,60.0,41.0,-1.0,1313.0,0.0,0.0,848.0,714.0,0.0,0.0,926.0,241.0,270.0,270.0,66.0,66.0,3318904
GRAND EST,2015-07-02 04:30:00,2015,183,04:30:00,183.19,30.0,10554.0,371.0,0.0,957.0,54.0,-522.0,-7243.0,0.0,0.0,3420.0,3193.0,10820.0,9520.0,2398.0,525.0,2284.0,2082.0,119.0,119.0,5559051
BOURGOGNE FRANCHE COMTE,2021-10-05 10:30:00,2021,278,10:30:00,278.44,71.0,0.0,400.0,92.0,60.0,44.0,0.0,1929.0,0.0,0.0,401.0,401.0,0.0,0.0,969.0,470.0,524.0,524.0,72.0,72.0,2800194
AUVERGNE RHONE ALPES,2019-03-24 00:30:00,2019,83,00:30:00,83.02,182.0,9565.0,71.0,0.0,2220.0,137.0,-304.0,-4920.0,0.0,0.0,1027.0,1027.0,13570.0,12724.0,607.0,1132.0,11241.0,11071.0,189.0,189.0,8042936
BOURGOGNE FRANCHE COMTE,2017-09-02 14:30:00,2017,245,14:30:00,245.6,24.0,0.0,42.0,106.0,12.0,24.0,0.0,1752.0,0.0,0.0,331.0,331.0,0.0,0.0,624.0,271.0,519.0,519.0,33.0,33.0,2811423
PAYS DE LA LOIRE,2017-01-24 02:00:00,2017,24,02:00:00,24.08,1651.0,0.0,142.0,0.0,1.0,44.0,0.0,3027.0,0.0,0.0,1905.0,1528.0,0.0,0.0,697.0,492.0,8.0,8.0,63.0,63.0,3757600
PAYS DE LA LOIRE,2017-05-23 07:30:00,2017,143,07:30:00,143.31,478.0,0.0,66.0,18.0,1.0,33.0,0.0,2262.0,0.0,0.0,1921.0,1295.0,0.0,0.0,722.0,498.0,8.0,8.0,65.0,65.0,3757600
PROVENCE ALPES COTE D AZUR,2020-04-01 07:30:00,2020,92,07:30:00,92.31,1060.0,0.0,11.0,2.0,2128.0,113.0,0.0,787.0,0.0,0.0,2710.0,2382.0,0.0,0.0,48.0,1455.0,3256.0,3256.0,357.0,207.0,5098666
ILE DE FRANCE,2018-05-10 08:30:00,2018,130,08:30:00,130.35,-3.0,0.0,6.0,7.0,10.0,142.0,0.0,5318.0,0.0,0.0,2157.0,2109.0,0.0,0.0,88.0,122.0,20.0,20.0,306.0,306.0,12213447
PAYS DE LA LOIRE,2013-03-30 01:00:00,2013,89,01:00:00,89.04,560.0,0.0,57.0,0.0,2.0,38.0,0.0,3347.0,0.0,0.0,1837.0,1837.0,0.0,0.0,466.0,389.0,5.0,5.0,57.0,57.0,3660852
CENTRE VAL DE LOIRE,2017-07-22 07:30:00,2017,203,07:30:00,203.31,0.0,6417.0,324.0,6.0,0.0,61.0,0.0,-5308.0,0.0,0.0,198.0,198.0,11630.0,10656.0,963.0,270.0,91.0,91.0,76.0,76.0,2576252
ILE DE FRANCE,2017-03-26 12:00:00,2017,85,12:00:00,85.5,295.0,0.0,0.0,43.0,9.0,136.0,0.0,7383.0,0.0,0.0,2149.0,1621.0,0.0,0.0,73.0,116.0,19.0,19.0,301.0,301.0,12174880
PROVENCE ALPES COTE D AZUR,2021-09-06 11:00:00,2021,249,11:00:00,249.46,707.0,0.0,7.0,868.0,584.0,82.0,0.0,2306.0,0.0,0.0,2715.0,2452.0,0.0,0.0,96.0,1659.0,3266.0,3235.0,357.0,357.0,5127840
PROVENCE ALPES COTE D AZUR,2016-02-07 03:00:00,2016,38,03:00:00,38.12,133.0,0.0,44.0,0.0,713.0,118.0,0.0,3799.0,0.0,0.0,2614.0,2296.0,0.0,0.0,48.0,988.0,3178.0,3056.0,204.0,204.0,5021928
OCCITANIE,2018-09-03 14:00:00,2018,246,14:00:00,246.58,0.0,2099.0,46.0,1312.0,853.0,66.0,0.0,-109.0,0.0,0.0,295.0,295.0,2620.0,1870.0,1425.0,1956.0,5485.0,5254.0,146.0,146.0,5885496
NORMANDIE,2014-12-26 18:00:00,2014,360,18:00:00,360.75,351.0,9817.0,221.0,0.0,12.0,72.0,0.0,-6250.0,0.0,0.0,761.0,181.0,10640.0,10640.0,496.0,214.0,24.0,24.0,91.0,91.0,3335645
AUVERGNE RHONE ALPES,2020-04-16 23:30:00,2020,107,23:30:00,107.98,12.0,8159.0,214.0,0.0,5063.0,117.0,-4.0,-7347.0,0.0,0.0,1034.0,1034.0,13570.0,12643.0,647.0,1258.0,11746.0,11514.0,192.0,192.0,8078652
AUVERGNE RHONE ALPES,2019-08-21 03:30:00,2019,233,03:30:00,233.15,31.0,8516.0,204.0,0.0,2260.0,121.0,-1394.0,-4901.0,0.0,0.0,1027.0,1027.0,13570.0,12652.0,635.0,1177.0,11631.0,11411.0,190.0,190.0,8042936
PAYS DE LA LOIRE,2015-09-25 23:00:00,2015,268,23:00:00,268.96,404.0,0.0,162.0,0.0,0.0,45.0,0.0,2495.0,0.0,0.0,1867.0,1234.0,0.0,0.0,560.0,455.0,7.0,7.0,61.0,61.0,3718512
NOUVELLE AQUITAINE,2020-07-14 00:00:00,2020,196,00:00:00,196.0,45.0,2201.0,244.0,0.0,68.0,186.0,0.0,1449.0,0.0,0.0,571.0,571.0,6630.0,5549.0,1166.0,2692.0,1783.0,1678.0,341.0,341.0,6033952
NORMANDIE,2015-08-02 02:30:00,2015,214,02:30:00,214.1,221.0,4124.0,16.0,0.0,10.0,55.0,0.0,-2283.0,0.0,0.0,761.0,181.0,10640.0,9657.0,538.0,215.0,24.0,24.0,94.0,94.0,3339131
GRAND EST,2016-12-03 19:00:00,2016,338,19:00:00,338.79,2258.0,10407.0,1173.0,0.0,850.0,121.0,0.0,-8108.0,0.0,0.0,3448.0,3448.0,10820.0,9660.0,2758.0,535.0,2296.0,2062.0,138.0,138.0,5555186
PAYS DE LA LOIRE,2014-10-07 23:00:00,2014,280,23:00:00,280.96,884.0,0.0,152.0,0.0,1.0,48.0,0.0,1982.0,0.0,0.0,1864.0,1864.0,0.0,0.0,518.0,428.0,7.0,7.0,58.0,58.0,3690833
BOURGOGNE FRANCHE COMTE,2015-05-22 23:30:00,2015,142,23:30:00,142.98,25.0,0.0,101.0,0.0,48.0,24.0,0.0,1947.0,0.0,0.0,325.0,80.0,0.0,0.0,362.0,254.0,510.0,510.0,29.0,29.0,2820940
HAUTS DE FRANCE,2020-12-18 08:00:00,2020,353,08:00:00,353.33,1984.0,3645.0,2818.0,0.0,2.0,116.0,0.0,-1690.0,0.0,0.0,2984.0,2974.0,5460.0,4550.0,5329.0,286.0,5.0,5.0,181.0,181.0,5997734
GRAND EST,2019-10-30 14:00:00,2019,303,14:00:00,303.58,1742.0,10673.0,471.0,159.0,1078.0,110.0,0.0,-8143.0,0.0,0.0,3531.0,2936.0,10820.0,9856.0,3477.0,604.0,2303.0,2090.0,174.0,174.0,5556219
HAUTS DE FRANCE,2015-05-25 02:30:00,2015,145,02:30:00,145.1,375.0,3062.0,123.0,0.0,2.0,115.0,0.0,776.0,0.0,0.0,2301.0,1970.0,5460.0,5021.0,2734.0,213.0,5.0,5.0,159.0,159.0,6009976
AUVERGNE RHONE ALPES,2017-02-06 15:00:00,2017,37,15:00:00,37.62,623.0,10758.0,177.0,160.0,3341.0,105.0,-11.0,-4839.0,0.0,0.0,984.0,984.0,13570.0,12662.0,425.0,938.0,11238.0,11036.0,177.0,177.0,7948287
BOURGOGNE FRANCHE COMTE,2016-09-16 21:00:00,2016,260,21:00:00,260.88,23.0,0.0,127.0,0.0,22.0,21.0,0.0,2078.0,0.0,0.0,329.0,329.0,0.0,0.0,452.0,265.0,513.0,513.0,31.0,31.0,2818338
PROVENCE ALPES COTE D AZUR,2019-06-05 00:00:00,2019,156,00:00:00,156.0,1105.0,0.0,11.0,0.0,1079.0,92.0,0.0,1822.0,0.0,0.0,2674.0,2280.0,0.0,0.0,48.0,1363.0,3241.0,3241.0,357.0,207.0,5081101
AUVERGNE RHONE ALPES,2020-09-27 03:30:00,2020,271,03:30:00,271.15,28.0,8069.0,166.0,0.0,1743.0,106.0,-1701.0,-3246.0,0.0,0.0,1034.0,1034.0,13570.0,12660.0,682.0,1308.0,11750.0,11575.0,194.0,194.0,8078652
PAYS DE LA LOIRE,2013-08-06 13:00:00,2013,218,13:00:00,218.54,1059.0,0.0,0.0,148.0,0.0,28.0,0.0,1632.0,0.0,0.0,1837.0,1837.0,0.0,0.0,490.0,394.0,5.0,5.0,58.0,58.0,3660852
NOUVELLE AQUITAINE,2018-05-07 02:00:00,2018,127,02:00:00,127.08,23.0,4222.0,76.0,-1.0,468.0,185.0,0.0,-1305.0,0.0,0.0,482.0,482.0,6630.0,5428.0,924.0,2305.0,1781.0,1667.0,315.0,315.0,5979778
CENTRE VAL DE LOIRE,2014-06-02 17:00:00,2014,153,17:00:00,153.71,2.0,8074.0,43.0,57.0,3.0,38.0,0.0,-6404.0,0.0,0.0,162.0,162.0,11630.0,11630.0,801.0,216.0,91.0,91.0,56.0,56.0,2577435
PAYS DE LA LOIRE,2017-02-05 11:30:00,2017,36,11:30:00,36.48,643.0,0.0,323.0,121.0,4.0,46.0,0.0,2204.0,0.0,0.0,1905.0,1549.0,0.0,0.0,697.0,492.0,8.0,8.0,63.0,63.0,3757600
NORMANDIE,2016-12-18 05:30:00,2016,353,05:30:00,353.23,729.0,9002.0,5.0,0.0,12.0,57.0,0.0,-6371.0,0.0,0.0,785.0,785.0,10640.0,9310.0,616.0,220.0,31.0,31.0,96.0,96.0,3335929
CENTRE VAL DE LOIRE,2013-03-10 10:30:00,2013,69,10:30:00,69.44,83.0,9590.0,0.0,41.0,5.0,27.0,0.0,-7605.0,0.0,0.0,157.0,157.0,11630.0,11630.0,662.0,208.0,91.0,91.0,49.0,49.0,2570548
NOUVELLE AQUITAINE,2019-12-29 06:00:00,2019,363,06:00:00,363.25,165.0,5652.0,170.0,-1.0,650.0,185.0,0.0,-1558.0,0.0,0.0,571.0,571.0,6630.0,5720.0,1075.0,2615.0,1783.0,1678.0,340.0,340.0,6010289
ILE DE FRANCE,2015-01-07 02:00:00,2015,7,02:00:00,7.08,742.0,0.0,0.0,0.0,5.0,128.0,0.0,8979.0,0.0,0.0,2128.0,1543.0,0.0,0.0,37.0,112.0,19.0,19.0,286.0,286.0,12082144
BRETAGNE,2015-04-10 18:00:00,2015,100,18:00:00,100.75,0.0,0.0,171.0,23.0,191.0,27.0,-1.0,1911.0,0.0,0.0,724.0,639.0,0.0,0.0,801.0,220.0,272.0,272.0,55.0,55.0,3293850
NOUVELLE AQUITAINE,2021-09-09 23:30:00,2021,252,23:30:00,252.98,14.0,4141.0,145.0,0.0,312.0,192.0,0.0,-543.0,0.0,0.0,578.0,578.0,6630.0,5135.0,1336.0,3259.0,1784.0,1784.0,354.0,354.0,6069352
ILE DE FRANCE,2018-11-03 20:30:00,2018,307,20:30:00,307.85,404.0,0.0,7.0,0.0,6.0,144.0,0.0,9121.0,0.0,0.0,2169.0,2143.0,0.0,0.0,88.0,123.0,20.0,20.0,306.0,306.0,12213447
NOUVELLE AQUITAINE,2019-03-01 19:30:00,2019,60,19:30:00,60.81,218.0,6568.0,70.0,-1.0,931.0,204.0,0.0,-2202.0,0.0,0.0,538.0,538.0,6630.0,6529.0,975.0,2454.0,1781.0,1676.0,319.0,319.0,6010289
GRAND EST,2017-05-23 00:00:00,2017,143,00:00:00,143.0,1094.0,8549.0,12.0,0.0,1005.0,84.0,0.0,-6025.0,0.0,0.0,3453.0,2949.0,10820.0,9564.0,2891.0,537.0,2298.0,2033.0,140.0,140.0,5549586
HAUTS DE FRANCE,2021-04-10 06:00:00,2021,100,06:00:00,100.25,1726.0,3603.0,70.0,0.0,2.0,114.0,0.0,-482.0,0.0,0.0,2990.0,2990.0,5460.0,5460.0,5430.0,354.0,5.0,5.0,182.0,182.0,5995292
HAUTS DE FRANCE,2018-12-30 21:30:00,2018,364,21:30:00,364.9,1112.0,5488.0,463.0,0.0,2.0,116.0,0.0,-1171.0,0.0,0.0,2969.0,2854.0,5460.0,5460.0,4352.0,235.0,5.0,5.0,177.0,177.0,6004108
CENTRE VAL DE LOIRE,2021-04-01 20:00:00,2021,91,20:00:00,91.83,0.0,8308.0,364.0,10.0,3.0,60.0,0.0,-7034.0,0.0,0.0,229.0,229.0,11630.0,11630.0,1288.0,486.0,92.0,92.0,89.0,89.0,2573303
NOUVELLE AQUITAINE,2014-12-24 02:00:00,2014,358,02:00:00,358.08,124.0,5523.0,140.0,0.0,347.0,154.0,0.0,-77.0,0.0,0.0,427.0,427.0,6630.0,5720.0,469.0,1348.0,1774.0,1774.0,232.0,232.0,5879144
NORMANDIE,2015-03-30 04:30:00,2015,89,04:30:00,89.19,304.0,6224.0,368.0,0.0,18.0,63.0,0.0,-4023.0,0.0,0.0,761.0,761.0,10640.0,9310.0,510.0,214.0,24.0,24.0,94.0,94.0,3339131
CENTRE VAL DE LOIRE,2018-02-08 10:30:00,2018,39,10:30:00,39.44,115.0,8980.0,38.0,1.0,41.0,53.0,0.0,-5559.0,0.0,0.0,216.0,216.0,11630.0,10966.0,996.0,284.0,91.0,91.0,76.0,76.0,2572853
PROVENCE ALPES COTE D AZUR,2014-11-22 20:30:00,2014,326,20:30:00,326.85,233.0,0.0,2.0,0.0,1328.0,69.0,0.0,3383.0,0.0,0.0,2595.0,2270.0,0.0,0.0,45.0,878.0,3168.0,3168.0,170.0,170.0,4983438
GRAND EST,2020-11-07 05:30:00,2020,312,05:30:00,312.23,222.0,10277.0,1473.0,0.0,785.0,127.0,-346.0,-7914.0,0.0,0.0,3585.0,3170.0,10820.0,9667.0,3833.0,670.0,2305.0,2103.0,190.0,190.0,5562651
GRAND EST,2022-06-15 13:00:00,2022,166,13:00:00,166.54,1231.0,2455.0,33.0,769.0,700.0,138.0,0.0,282.0,0.0,0.0,3590.0,3163.0,10820.0,9708.0,4290.0,1054.0,2306.0,2017.0,235.0,235.0,5563889
NOUVELLE AQUITAINE,2016-07-19 09:30:00,2016,201,09:30:00,201.4,34.0,4703.0,59.0,615.0,211.0,154.0,0.0,-598.0,0.0,0.0,429.0,429.0,6630.0,5720.0,579.0,1876.0,1779.0,1661.0,280.0,280.0,5935603
CENTRE VAL DE LOIRE,2016-04-18 09:30:00,2016,109,09:30:00,109.4,0.0,8482.0,21.0,73.0,41.0,37.0,0.0,-5989.0,0.0,0.0,170.0,170.0,11630.0,10637.0,862.0,248.0,91.0,91.0,71.0,71.0,2577866
OCCITANIE,2015-07-02 17:30:00,2015,183,17:30:00,183.73,-4.0,2420.0,185.0,357.0,1365.0,81.0,0.0,-56.0,0.0,0.0,266.0,0.0,2620.0,2620.0,1039.0,1406.0,5454.0,5227.0,133.0,133.0,5774185
NOUVELLE AQUITAINE,2017-02-06 09:00:00,2017,37,09:00:00,37.38,258.0,4716.0,56.0,36.0,387.0,198.0,0.0,1510.0,0.0,0.0,457.0,457.0,6630.0,5363.0,734.0,1927.0,1780.0,1780.0,295.0,295.0,5956978
GRAND EST,2016-01-16 05:30:00,2016,16,05:30:00,16.23,246.0,12163.0,425.0,0.0,994.0,105.0,-535.0,-7646.0,0.0,0.0,3424.0,3424.0,10820.0,10650.0,2569.0,525.0,2285.0,2083.0,119.0,119.0,5555186
OCCITANIE,2013-05-02 21:00:00,2013,122,21:00:00,122.88,-5.0,2492.0,343.0,0.0,2696.0,73.0,0.0,-1455.0,0.0,0.0,245.0,245.0,2620.0,2620.0,861.0,1054.0,5379.0,5379.0,126.0,126.0,5683878
OCCITANIE,2017-08-28 05:30:00,2017,240,05:30:00,240.23,0.0,1252.0,166.0,0.0,384.0,91.0,-621.0,1621.0,0.0,0.0,282.0,282.0,2620.0,1310.0,1249.0,1742.0,5475.0,5248.0,140.0,140.0,5845102
AUVERGNE RHONE ALPES,2013-08-12 17:30:00,2013,224,17:30:00,224.73,41.0,9254.0,11.0,187.0,3299.0,50.0,-19.0,-6981.0,0.0,0.0,919.0,919.0,13570.0,13570.0,335.0,726.0,11122.0,10970.0,106.0,106.0,7757595
BOURGOGNE FRANCHE COMTE,2021-01-18 01:30:00,2021,18,01:30:00,18.06,126.0,0.0,22.0,0.0,238.0,42.0,0.0,2362.0,0.0,0.0,401.0,401.0,0.0,0.0,928.0,398.0,523.0,523.0,71.0,71.0,2800194
AUVERGNE RHONE ALPES,2018-08-23 13:30:00,2018,235,13:30:00,235.56,15.0,9431.0,32.0,529.0,2920.0,103.0,-19.0,-5644.0,0.0,0.0,1000.0,599.0,13570.0,12659.0,578.0,1095.0,11260.0,11062.0,180.0,180.0,7994459
HAUTS DE FRANCE,2020-09-15 04:30:00,2020,259,04:30:00,259.19,1241.0,2653.0,786.0,0.0,0.0,109.0,0.0,-673.0,0.0,0.0,2983.0,2807.0,5460.0,4550.0,5175.0,258.0,5.0,5.0,181.0,181.0,5997734
GRAND EST,2015-01-11 22:00:00,2015,11,22:00:00,11.92,223.0,10423.0,1502.0,0.0,1062.0,81.0,-6.0,-7779.0,0.0,0.0,3400.0,3200.0,10820.0,10015.0,2340.0,522.0,2284.0,2284.0,107.0,107.0,5559051
OCCITANIE,2013-08-19 21:30:00,2013,231,21:30:00,231.9,-3.0,1198.0,461.0,0.0,930.0,84.0,-265.0,1342.0,0.0,0.0,246.0,246.0,2620.0,2620.0,889.0,1098.0,5387.0,5387.0,126.0,126.0,5683878
PROVENCE ALPES COTE D AZUR,2014-06-12 00:00:00,2014,163,00:00:00,163.0,132.0,0.0,3.0,0.0,1092.0,41.0,0.0,3185.0,0.0,0.0,2592.0,2268.0,0.0,0.0,45.0,835.0,3165.0,3165.0,170.0,170.0,4983438
PROVENCE ALPES COTE D AZUR,2019-08-25 12:30:00,2019,237,12:30:00,237.52,41.0,0.0,0.0,884.0,790.0,234.0,0.0,2565.0,0.0,0.0,2674.0,2272.0,0.0,0.0,48.0,1388.0,3242.0,3101.0,357.0,357.0,5081101
GRAND EST,2015-07-12 20:00:00,2015,193,20:00:00,193.83,31.0,12002.0,203.0,15.0,982.0,70.0,0.0,-9514.0,0.0,0.0,3420.0,3199.0,10820.0,10820.0,2418.0,525.0,2284.0,2284.0,119.0,119.0,5559051
NOUVELLE AQUITAINE,2019-04-12 10:30:00,2019,102,10:30:00,102.44,15.0,4083.0,30.0,1226.0,697.0,167.0,0.0,-395.0,0.0,0.0,538.0,538.0,6630.0,5542.0,979.0,2466.0,1782.0,1677.0,319.0,319.0,6010289
GRAND EST,2015-10-08 14:30:00,2015,281,14:30:00,281.6,1907.0,9479.0,48.0,79.0,493.0,71.0,0.0,-6584.0,0.0,0.0,3420.0,3199.0,10820.0,9415.0,2504.0,525.0,2285.0,2285.0,119.0,119.0,5559051
AUVERGNE RHONE ALPES,2019-10-04 06:30:00,2019,277,06:30:00,277.27,385.0,10254.0,169.0,0.0,1275.0,102.0,-5.0,-5628.0,0.0,0.0,1027.0,1027.0,13570.0,12540.0,635.0,1197.0,11632.0,11440.0,191.0,191.0,8042936
BRETAGNE,2021-04-02 14:00:00,2021,92,14:00:00,92.58,2.0,0.0,519.0,151.0,5.0,46.0,-1.0,1794.0,0.0,0.0,982.0,982.0,0.0,0.0,1065.0,311.0,272.0,272.0,81.0,81.0,3394567
HAUTS DE FRANCE,2019-08-06 09:00:00,2019,218,09:00:00,218.38,950.0,3199.0,74.0,32.0,0.0,125.0,0.0,106.0,0.0,0.0,2969.0,2648.0,5460.0,4650.0,4531.0,237.0,5.0,5.0,178.0,178.0,6004947
GRAND EST,2015-05-26 23:30:00,2015,146,23:30:00,146.98,43.0,8551.0,85.0,0.0,1197.0,76.0,0.0,-5083.0,0.0,0.0,3420.0,3132.0,10820.0,9892.0,2386.0,524.0,2284.0,2284.0,115.0,115.0,5559051
PAYS DE LA LOIRE,2021-08-30 03:00:00,2021,242,03:00:00,242.12,0.0,0.0,258.0,0.0,0.0,59.0,0.0,1503.0,0.0,0.0,2056.0,2056.0,0.0,0.0,1115.0,767.0,10.0,10.0,79.0,79.0,3853999
AUVERGNE RHONE ALPES,2014-11-11 11:30:00,2014,315,11:30:00,315.48,184.0,10009.0,257.0,189.0,3276.0,119.0,-6.0,-6723.0,0.0,0.0,940.0,940.0,13570.0,12655.0,347.0,835.0,11153.0,11001.0,141.0,141.0,7820966
HAUTS DE FRANCE,2019-06-06 10:00:00,2019,157,10:00:00,157.42,1120.0,2184.0,199.0,49.0,1.0,118.0,0.0,1892.0,0.0,0.0,2969.0,2756.0,5460.0,4593.0,4517.0,236.0,5.0,5.0,178.0,178.0,6004947
OCCITANIE,2018-06-04 08:30:00,2018,155,08:30:00,155.35,0.0,1152.0,4.0,234.0,2612.0,55.0,-47.0,-451.0,0.0,0.0,295.0,295.0,2620.0,1310.0,1389.0,1901.0,5485.0,5204.0,146.0,146.0,5885496
PROVENCE ALPES COTE D AZUR,2021-11-25 18:00:00,2021,329,18:00:00,329.75,1508.0,0.0,9.0,0.0,2086.0,92.0,0.0,2168.0,0.0,0.0,2724.0,2460.0,0.0,0.0,96.0,1708.0,3266.0,3222.0,357.0,357.0,5127840
PROVENCE ALPES COTE D AZUR,2021-09-20 07:00:00,2021,263,07:00:00,263.29,711.0,0.0,46.0,0.0,635.0,85.0,0.0,2187.0,0.0,0.0,2715.0,2452.0,0.0,0.0,96.0,1661.0,3266.0,3222.0,357.0,357.0,5127840
HAUTS DE FRANCE,2018-05-01 07:30:00,2018,121,07:30:00,121.31,268.0,2719.0,858.0,5.0,2.0,125.0,0.0,747.0,0.0,0.0,2922.0,2337.0,5460.0,4550.0,3841.0,220.0,5.0,5.0,170.0,170.0,6004108
NORMANDIE,2013-08-05 10:30:00,2013,217,10:30:00,217.44,601.0,8767.0,43.0,30.0,18.0,45.0,0.0,-6804.0,0.0,0.0,761.0,491.0,10640.0,10640.0,444.0,209.0,23.0,23.0,88.0,88.0,3328364
BOURGOGNE FRANCHE COMTE,2020-12-14 10:00:00,2020,349,10:00:00,349.42,129.0,0.0,381.0,33.0,90.0,44.0,0.0,2716.0,0.0,0.0,401.0,401.0,0.0,0.0,897.0,395.0,523.0,523.0,71.0,71.0,2801695
BRETAGNE,2013-07-01 13:30:00,2013,182,13:30:00,182.56,1.0,0.0,3.0,72.0,4.0,20.0,0.0,2339.0,0.0,0.0,665.0,665.0,0.0,0.0,722.0,205.0,11.0,11.0,47.0,47.0,3258707
NORMANDIE,2015-11-14 08:00:00,2015,318,08:00:00,318.33,695.0,7520.0,216.0,0.0,8.0,51.0,0.0,-5320.0,0.0,0.0,773.0,533.0,10640.0,9310.0,538.0,216.0,24.0,24.0,95.0,95.0,3339131
BOURGOGNE FRANCHE COMTE,2014-04-22 10:30:00,2014,112,10:30:00,112.44,27.0,0.0,1.0,84.0,100.0,14.0,0.0,2522.0,0.0,0.0,313.0,68.0,0.0,0.0,242.0,245.0,508.0,508.0,25.0,25.0,2820623
PROVENCE ALPES COTE D AZUR,2015-04-10 22:30:00,2015,100,22:30:00,100.94,169.0,0.0,3.0,0.0,1030.0,71.0,0.0,3410.0,0.0,0.0,2605.0,2250.0,0.0,0.0,45.0,911.0,3168.0,3168.0,183.0,183.0,5007977
PAYS DE LA LOIRE,2021-06-10 12:00:00,2021,161,12:00:00,161.5,0.0,0.0,10.0,313.0,1.0,63.0,0.0,2588.0,0.0,0.0,2056.0,2056.0,0.0,0.0,1097.0,744.0,10.0,10.0,78.0,78.0,3853999
GRAND EST,2022-12-01 01:00:00,2022,335,01:00:00,335.04,2004.0,3783.0,1087.0,0.0,615.0,148.0,-517.0,-2145.0,0.0,0.0,3615.0,3170.0,10820.0,9658.0,4509.0,1119.0,2308.0,1954.0,236.0,236.0,5563889
AUVERGNE RHONE ALPES,2021-02-20 06:00:00,2021,51,06:00:00,51.25,233.0,8492.0,418.0,0.0,3077.0,114.0,-1159.0,-3796.0,0.0,0.0,1047.0,1047.0,13570.0,12684.0,723.0,1407.0,11766.0,11608.0,208.0,208.0,8114361
ILE DE FRANCE,2017-06-13 14:00:00,2017,164,14:00:00,164.58,0.0,0.0,1.0,49.0,4.0,149.0,0.0,7563.0,0.0,0.0,2149.0,1855.0,0.0,0.0,73.0,117.0,19.0,19.0,301.0,301.0,12174880
AUVERGNE RHONE ALPES,2014-02-23 11:30:00,2014,54,11:30:00,54.48,185.0,11288.0,21.0,282.0,3345.0,123.0,-1305.0,-6141.0,0.0,0.0,938.0,938.0,13570.0,13570.0,347.0,792.0,11133.0,11133.0,140.0,140.0,7820966
PROVENCE ALPES COTE D AZUR,2018-09-02 03:00:00,2018,245,03:00:00,245.12,48.0,0.0,23.0,0.0,762.0,106.0,0.0,2290.0,0.0,0.0,2666.0,2256.0,0.0,0.0,48.0,1296.0,3233.0,3092.0,357.0,207.0,5052832
CENTRE VAL DE LOIRE,2020-11-29 18:30:00,2020,334,18:30:00,334.77,69.0,9372.0,198.0,0.0,11.0,56.0,0.0,-7039.0,0.0,0.0,229.0,229.0,11630.0,10609.0,1278.0,404.0,92.0,92.0,88.0,88.0,2574863
AUVERGNE RHONE ALPES,2023-01-17 23:00:00,2023,17,23:00:00,17.96,508.0,13369.0,174.0,0.0,3354.0,112.0,-259.0,-7743.0,0.0,0.0,1050.0,1050.0,13570.0,12988.0,723.0,1852.0,11791.0,11674.0,208.0,208.0,8197325
NORMANDIE,2019-02-02 06:30:00,2019,33,06:30:00,33.27,413.0,6934.0,407.0,0.0,17.0,41.0,0.0,-3880.0,0.0,0.0,833.0,253.0,10640.0,9349.0,791.0,253.0,31.0,31.0,105.0,105.0,3325032
HAUTS DE FRANCE,2019-02-10 14:00:00,2019,41,14:00:00,41.58,641.0,5014.0,3336.0,18.0,2.0,117.0,0.0,-2629.0,0.0,0.0,2969.0,2557.0,5460.0,5341.0,4371.0,235.0,5.0,5.0,177.0,177.0,6004947
OCCITANIE,2017-11-30 06:30:00,2017,334,06:30:00,334.27,77.0,2498.0,553.0,0.0,417.0,96.0,-821.0,3102.0,0.0,0.0,291.0,291.0,2620.0,2620.0,1308.0,1781.0,5477.0,5250.0,145.0,145.0,5845102
BOURGOGNE FRANCHE COMTE,2017-03-29 13:30:00,2017,88,13:30:00,88.56,93.0,0.0,1.0,104.0,107.0,22.0,0.0,2198.0,0.0,0.0,331.0,331.0,0.0,0.0,594.0,266.0,518.0,518.0,31.0,31.0,2811423
NOUVELLE AQUITAINE,2022-02-10 10:00:00,2022,41,10:00:00,41.42,247.0,3674.0,346.0,815.0,975.0,192.0,0.0,752.0,0.0,0.0,578.0,578.0,6630.0,5135.0,1397.0,3480.0,1784.0,1672.0,356.0,356.0,6098051
AUVERGNE RHONE ALPES,2016-09-24 10:00:00,2016,268,10:00:00,268.42,48.0,8092.0,5.0,245.0,1806.0,113.0,-344.0,-3674.0,0.0,0.0,966.0,966.0,13570.0,12698.0,399.0,931.0,11226.0,11031.0,177.0,177.0,7916889
OCCITANIE,2022-08-03 17:30:00,2022,215,17:30:00,215.73,0.0,1213.0,100.0,1376.0,683.0,93.0,0.0,1588.0,0.0,0.0,326.0,326.0,2620.0,1310.0,1593.0,3002.0,5503.0,5321.0,174.0,174.0,6067101
BRETAGNE,2022-07-09 20:00:00,2022,190,20:00:00,190.83,450.0,0.0,370.0,52.0,104.0,56.0,-1.0,819.0,0.0,0.0,1432.0,1298.0,0.0,0.0,1191.0,375.0,272.0,272.0,82.0,82.0,3414637
PAYS DE LA LOIRE,2019-05-28 16:00:00,2019,148,16:00:00,148.67,190.0,0.0,371.0,245.0,1.0,53.0,0.0,2054.0,0.0,0.0,2037.0,1638.0,0.0,0.0,909.0,582.0,8.0,8.0,71.0,71.0,3806461
GRAND EST,2021-11-11 21:00:00,2021,315,21:00:00,315.88,2352.0,9392.0,37.0,1.0,810.0,152.0,0.0,-6869.0,0.0,0.0,3589.0,3589.0,10820.0,10076.0,4062.0,952.0,2305.0,2103.0,209.0,209.0,5561287
HAUTS DE FRANCE,2017-09-16 00:00:00,2017,259,00:00:00,259.0,892.0,4446.0,58.0,0.0,1.0,125.0,0.0,-28.0,0.0,0.0,2910.0,2586.0,5460.0,4550.0,3605.0,215.0,5.0,5.0,165.0,165.0,6003815
NORMANDIE,2022-10-26 05:30:00,2022,299,05:30:00,299.23,183.0,5091.0,416.0,0.0,10.0,86.0,0.0,-3662.0,0.0,0.0,852.0,852.0,10640.0,9310.0,965.0,319.0,31.0,31.0,149.0,149.0,3327604
AUVERGNE RHONE ALPES,2015-10-01 16:30:00,2015,274,16:30:00,274.69,25.0,6434.0,21.0,257.0,1383.0,111.0,-636.0,-266.0,0.0,0.0,944.0,543.0,13570.0,12605.0,372.0,890.0,11186.0,10941.0,141.0,141.0,7877698
BOURGOGNE FRANCHE COMTE,2014-04-10 17:00:00,2014,100,17:00:00,100.71,27.0,0.0,5.0,86.0,45.0,15.0,0.0,2077.0,0.0,0.0,313.0,68.0,0.0,0.0,242.0,245.0,508.0,508.0,25.0,25.0,2820623
CENTRE VAL DE LOIRE,2019-05-26 06:00:00,2019,146,06:00:00,146.25,1.0,6802.0,22.0,0.0,1.0,66.0,0.0,-5732.0,0.0,0.0,229.0,229.0,11630.0,10709.0,1160.0,313.0,91.0,91.0,84.0,84.0,2573180
ILE DE FRANCE,2015-11-19 05:00:00,2015,323,05:00:00,323.21,290.0,0.0,15.0,0.0,5.0,137.0,0.0,5605.0,0.0,0.0,2146.0,1919.0,0.0,0.0,61.0,114.0,19.0,19.0,300.0,300.0,12082144
AUVERGNE RHONE ALPES,2017-01-09 08:00:00,2017,9,08:00:00,9.33,709.0,10704.0,83.0,0.0,3278.0,124.0,-4.0,-3347.0,0.0,0.0,984.0,984.0,13570.0,12775.0,425.0,936.0,11233.0,11005.0,177.0,177.0,7948287
NOUVELLE AQUITAINE,2014-09-25 14:00:00,2014,268,14:00:00,268.58,21.0,4167.0,2.0,600.0,97.0,124.0,0.0,-176.0,0.0,0.0,421.0,421.0,6630.0,5720.0,459.0,1274.0,1772.0,1772.0,223.0,223.0,5879144
HAUTS DE FRANCE,2022-06-01 07:00:00,2022,152,07:00:00,152.29,1033.0,3625.0,417.0,15.0,2.0,112.0,0.0,-201.0,0.0,0.0,2993.0,2657.0,5460.0,4550.0,5774.0,442.0,6.0,6.0,196.0,196.0,5990765
NORMANDIE,2014-09-28 10:00:00,2014,271,10:00:00,271.42,222.0,7514.0,38.0,27.0,27.0,61.0,0.0,-5592.0,0.0,0.0,761.0,181.0,10640.0,10640.0,489.0,213.0,24.0,24.0,91.0,91.0,3335645
ILE DE FRANCE,2017-04-02 11:30:00,2017,92,11:30:00,92.48,0.0,0.0,0.0,40.0,11.0,137.0,0.0,6918.0,0.0,0.0,2149.0,1656.0,0.0,0.0,73.0,116.0,19.0,19.0,301.0,301.0,12174880
PAYS DE LA LOIRE,2017-03-31 21:30:00,2017,90,21:30:00,90.9,140.0,0.0,325.0,0.0,2.0,45.0,0.0,2272.0,0.0,0.0,1921.0,1236.0,0.0,0.0,713.0,494.0,8.0,8.0,65.0,65.0,3757600
BOURGOGNE FRANCHE COMTE,2022-12-26 11:30:00,2022,360,11:30:00,360.48,162.0,0.0,493.0,24.0,108.0,52.0,0.0,1452.0,0.0,0.0,401.0,401.0,0.0,0.0,1067.0,643.0,524.0,524.0,76.0,76.0,2797366
ILE DE FRANCE,2019-11-13 07:30:00,2019,317,07:30:00,317.31,519.0,0.0,10.0,0.0,9.0,152.0,0.0,10147.0,0.0,0.0,2170.0,2088.0,0.0,0.0,108.0,143.0,20.0,20.0,314.0,314.0,12262544
HAUTS DE FRANCE,2014-04-27 05:00:00,2014,117,05:00:00,117.21,303.0,1563.0,542.0,0.0,2.0,83.0,0.0,2132.0,0.0,0.0,2278.0,2278.0,5460.0,4550.0,2296.0,211.0,5.0,5.0,139.0,139.0,6006156
BOURGOGNE FRANCHE COMTE,2022-12-12 06:00:00,2022,346,06:00:00,346.25,183.0,0.0,20.0,0.0,36.0,47.0,0.0,2820.0,0.0,0.0,401.0,401.0,0.0,0.0,1067.0,640.0,524.0,524.0,75.0,75.0,2797366
PROVENCE ALPES COTE D AZUR,2020-02-20 12:30:00,2020,51,12:30:00,51.52,1402.0,0.0,0.0,870.0,2040.0,94.0,0.0,960.0,0.0,0.0,2705.0,2398.0,0.0,0.0,48.0,1450.0,3249.0,3249.0,357.0,207.0,5098666
NOUVELLE AQUITAINE,2014-11-12 13:30:00,2014,316,13:30:00,316.56,108.0,5746.0,134.0,378.0,255.0,154.0,0.0,-1101.0,0.0,0.0,427.0,427.0,6630.0,5720.0,459.0,1324.0,1773.0,1773.0,223.0,223.0,5879144
NOUVELLE AQUITAINE,2021-10-22 19:30:00,2021,295,19:30:00,295.81,82.0,4303.0,268.0,0.0,789.0,171.0,0.0,-548.0,0.0,0.0,578.0,578.0,6630.0,5135.0,1368.0,3309.0,1784.0,1784.0,354.0,354.0,6069352
CENTRE VAL DE LOIRE,2016-11-30 19:30:00,2016,335,19:30:00,335.81,120.0,10715.0,43.0,0.0,2.0,43.0,0.0,-7595.0,0.0,0.0,198.0,198.0,11630.0,10841.0,917.0,261.0,91.0,91.0,71.0,71.0,2577866
OCCITANIE,2020-12-20 23:30:00,2020,355,23:30:00,355.98,86.0,2578.0,19.0,0.0,1258.0,88.0,-246.0,1214.0,0.0,0.0,318.0,318.0,2620.0,1310.0,1593.0,2362.0,5498.0,5267.0,172.0,172.0,5973969
PAYS DE LA LOIRE,2015-11-10 05:00:00,2015,314,05:00:00,314.21,120.0,0.0,58.0,0.0,0.0,49.0,0.0,2100.0,0.0,0.0,1869.0,1236.0,0.0,0.0,570.0,456.0,7.0,7.0,61.0,61.0,3718512
GRAND EST,2016-02-03 03:00:00,2016,34,03:00:00,34.12,265.0,11324.0,800.0,0.0,1093.0,109.0,-536.0,-7561.0,0.0,0.0,3424.0,3424.0,10820.0,10820.0,2575.0,525.0,2286.0,2084.0,119.0,119.0,5555186
NORMANDIE,2020-05-14 12:30:00,2020,135,12:30:00,135.52,198.0,6042.0,496.0,132.0,22.0,49.0,0.0,-3763.0,0.0,0.0,838.0,258.0,10640.0,9435.0,816.0,263.0,31.0,31.0,111.0,111.0,3325522
NOUVELLE AQUITAINE,2022-09-11 13:00:00,2022,254,13:00:00,254.54,81.0,1535.0,125.0,2693.0,44.0,174.0,0.0,-621.0,0.0,0.0,579.0,579.0,6630.0,5671.0,1592.0,3761.0,1786.0,1674.0,356.0,356.0,6098051
HAUTS DE FRANCE,2014-04-03 21:30:00,2014,93,21:30:00,93.9,307.0,3610.0,151.0,0.0,2.0,89.0,0.0,1492.0,0.0,0.0,2278.0,2278.0,5460.0,5460.0,2275.0,211.0,5.0,5.0,139.0,139.0,6006156
CENTRE VAL DE LOIRE,2014-03-18 08:00:00,2014,77,08:00:00,77.33,66.0,9255.0,0.0,6.0,26.0,54.0,0.0,-6616.0,0.0,0.0,162.0,162.0,11630.0,11630.0,739.0,215.0,91.0,91.0,56.0,56.0,2577435
GRAND EST,2013-07-11 18:30:00,2013,192,18:30:00,192.77,798.0,9613.0,379.0,134.0,1221.0,41.0,0.0,-7112.0,0.0,0.0,3398.0,3398.0,10820.0,9520.0,1902.0,505.0,2280.0,2280.0,93.0,93.0,5552388
PROVENCE ALPES COTE D AZUR,2019-05-18 03:00:00,2019,138,03:00:00,138.12,83.0,0.0,4.0,0.0,713.0,121.0,0.0,2805.0,0.0,0.0,2674.0,2283.0,0.0,0.0,48.0,1362.0,3241.0,3241.0,357.0,207.0,5081101
AUVERGNE RHONE ALPES,2022-01-12 01:00:00,2022,12,01:00:00,12.04,304.0,12647.0,290.0,0.0,2810.0,114.0,-1125.0,-5269.0,0.0,0.0,1048.0,1048.0,13570.0,12818.0,723.0,1625.0,11779.0,11646.0,208.0,208.0,8155762
PAYS DE LA LOIRE,2020-10-01 07:30:00,2020,275,07:30:00,275.31,0.0,0.0,170.0,0.0,0.0,50.0,0.0,2855.0,0.0,0.0,2050.0,1731.0,0.0,0.0,1035.0,661.0,10.0,10.0,77.0,77.0,3832120
AUVERGNE RHONE ALPES,2022-10-20 07:30:00,2022,293,07:30:00,293.31,426.0,6095.0,246.0,0.0,3286.0,101.0,-13.0,-3577.0,0.0,0.0,1050.0,1050.0,13570.0,12689.0,723.0,1811.0,11789.0,11683.0,208.0,208.0,8155762
BRETAGNE,2021-05-16 21:30:00,2021,136,21:30:00,136.9,1.0,0.0,618.0,1.0,4.0,51.0,-1.0,1323.0,0.0,0.0,982.0,982.0,0.0,0.0,1077.0,318.0,272.0,272.0,81.0,81.0,3394567
BOURGOGNE FRANCHE COMTE,2016-06-23 11:00:00,2016,175,11:00:00,175.46,23.0,0.0,23.0,119.0,223.0,17.0,0.0,2213.0,0.0,0.0,329.0,329.0,0.0,0.0,426.0,264.0,513.0,513.0,30.0,30.0,2818338
GRAND EST,2019-11-23 00:00:00,2019,327,00:00:00,327.0,1434.0,11961.0,2510.0,0.0,761.0,131.0,0.0,-10876.0,0.0,0.0,3532.0,2937.0,10820.0,9940.0,3479.0,606.0,2303.0,2090.0,175.0,175.0,5556219
NOUVELLE AQUITAINE,2017-02-20 16:00:00,2017,51,16:00:00,51.67,250.0,4141.0,155.0,289.0,310.0,192.0,0.0,575.0,0.0,0.0,465.0,465.0,6630.0,5369.0,734.0,1928.0,1780.0,1780.0,304.0,304.0,5956978
PROVENCE ALPES COTE D AZUR,2016-04-27 01:00:00,2016,118,01:00:00,118.04,808.0,0.0,12.0,0.0,973.0,101.0,0.0,2279.0,0.0,0.0,2614.0,2296.0,0.0,0.0,48.0,1015.0,3178.0,3055.0,354.0,354.0,5021928
OCCITANIE,2016-09-10 03:30:00,2016,254,03:30:00,254.15,1.0,2467.0,171.0,0.0,313.0,85.0,-458.0,410.0,0.0,0.0,266.0,266.0,2620.0,2620.0,1142.0,1624.0,5463.0,5236.0,139.0,139.0,5808435
BRETAGNE,2018-08-15 16:00:00,2018,227,16:00:00,227.67,1.0,0.0,18.0,84.0,194.0,50.0,-1.0,1324.0,0.0,0.0,904.0,770.0,0.0,0.0,980.0,254.0,270.0,270.0,69.0,69.0,3335414
BRETAGNE,2022-09-16 00:00:00,2022,259,00:00:00,259.0,387.0,0.0,135.0,0.0,0.0,57.0,-51.0,1620.0,0.0,0.0,1432.0,1322.0,0.0,0.0,1209.0,395.0,272.0,272.0,83.0,83.0,3414637
BOURGOGNE FRANCHE COMTE,2013-04-09 01:30:00,2013,99,01:30:00,99.06,41.0,0.0,55.0,0.0,128.0,5.0,0.0,2218.0,0.0,0.0,301.0,301.0,0.0,0.0,204.0,228.0,480.0,480.0,24.0,24.0,2819783
GRAND EST,2020-11-20 05:30:00,2020,325,05:30:00,325.23,536.0,10576.0,340.0,0.0,565.0,117.0,-335.0,-6691.0,0.0,0.0,3585.0,3172.0,10820.0,9671.0,3833.0,672.0,2305.0,2103.0,192.0,192.0,5562651
AUVERGNE RHONE ALPES,2017-02-03 13:30:00,2017,34,13:30:00,34.56,206.0,10691.0,289.0,77.0,4093.0,113.0,-10.0,-5725.0,0.0,0.0,984.0,984.0,13570.0,12660.0,425.0,938.0,11238.0,11045.0,177.0,177.0,7948287
PROVENCE ALPES COTE D AZUR,2020-04-09 20:30:00,2020,100,20:30:00,100.85,82.0,0.0,1.0,0.0,1489.0,102.0,0.0,2349.0,0.0,0.0,2710.0,2336.0,0.0,0.0,48.0,1455.0,3256.0,3256.0,357.0,207.0,5098666
GRAND EST,2021-02-23 13:30:00,2021,54,13:30:00,54.56,321.0,5940.0,1124.0,304.0,926.0,140.0,-173.0,-2883.0,0.0,0.0,3585.0,3172.0,10820.0,9785.0,3879.0,726.0,2305.0,2103.0,206.0,206.0,5561287
PROVENCE ALPES COTE D AZUR,2019-02-06 09:30:00,2019,37,09:30:00,37.4,1961.0,0.0,23.0,346.0,2055.0,106.0,0.0,2171.0,0.0,0.0,2674.0,2296.0,0.0,0.0,48.0,1330.0,3239.0,3115.0,357.0,207.0,5081101
NORMANDIE,2013-06-09 17:00:00,2013,160,17:00:00,160.71,240.0,5977.0,175.0,17.0,9.0,38.0,0.0,-4173.0,0.0,0.0,761.0,761.0,10640.0,10640.0,423.0,208.0,23.0,23.0,88.0,88.0,3328364
HAUTS DE FRANCE,2015-12-23 23:30:00,2015,357,23:30:00,357.98,461.0,5297.0,932.0,0.0,2.0,134.0,0.0,-1103.0,0.0,0.0,2301.0,2051.0,5460.0,5460.0,2878.0,213.0,5.0,5.0,160.0,160.0,6009976
BOURGOGNE FRANCHE COMTE,2019-08-17 06:00:00,2019,229,06:00:00,229.25,59.0,0.0,327.0,0.0,7.0,22.0,-64.0,1053.0,0.0,0.0,401.0,401.0,0.0,0.0,831.0,339.0,521.0,521.0,67.0,67.0,2805580
OCCITANIE,2021-02-19 04:00:00,2021,50,04:00:00,50.17,91.0,2462.0,516.0,0.0,1165.0,92.0,-478.0,399.0,0.0,0.0,318.0,318.0,2620.0,2620.0,1593.0,2451.0,5499.0,5266.0,172.0,172.0,6022176
PROVENCE ALPES COTE D AZUR,2014-12-13 13:30:00,2014,347,13:30:00,347.56,1948.0,0.0,29.0,151.0,1610.0,72.0,0.0,1734.0,0.0,0.0,2598.0,2353.0,0.0,0.0,45.0,879.0,3168.0,3168.0,183.0,183.0,4983438
NORMANDIE,2020-10-21 07:30:00,2020,295,07:30:00,295.31,194.0,5047.0,611.0,0.0,11.0,63.0,0.0,-2898.0,0.0,0.0,838.0,838.0,10640.0,9310.0,831.0,269.0,31.0,31.0,115.0,115.0,3325522
BOURGOGNE FRANCHE COMTE,2021-04-17 05:00:00,2021,107,05:00:00,107.21,67.0,0.0,369.0,0.0,26.0,44.0,-68.0,1899.0,0.0,0.0,401.0,401.0,0.0,0.0,955.0,416.0,523.0,523.0,71.0,71.0,2800194
PAYS DE LA LOIRE,2018-04-09 13:00:00,2018,99,13:00:00,99.54,679.0,0.0,40.0,137.0,4.0,40.0,0.0,2843.0,0.0,0.0,1968.0,1776.0,0.0,0.0,796.0,540.0,8.0,8.0,69.0,69.0,3781423
OCCITANIE,2022-01-11 02:30:00,2022,11,02:30:00,11.1,124.0,2541.0,628.0,2.0,1123.0,77.0,-861.0,1617.0,0.0,0.0,326.0,326.0,2620.0,2620.0,1593.0,2789.0,5500.0,5465.0,173.0,173.0,6067101
GRAND EST,2021-01-03 04:30:00,2021,3,04:30:00,3.19,913.0,8884.0,153.0,0.0,587.0,132.0,-345.0,-5363.0,0.0,0.0,3585.0,3172.0,10820.0,9732.0,3849.0,692.0,2305.0,2103.0,193.0,193.0,5561287
NOUVELLE AQUITAINE,2017-04-06 05:00:00,2017,96,05:00:00,96.21,86.0,5732.0,238.0,-1.0,417.0,189.0,0.0,-2408.0,0.0,0.0,465.0,465.0,6630.0,5720.0,734.0,1937.0,1780.0,1668.0,306.0,306.0,5956978
NOUVELLE AQUITAINE,2021-09-14 01:30:00,2021,257,01:30:00,257.06,13.0,4123.0,609.0,0.0,251.0,189.0,0.0,-1298.0,0.0,0.0,578.0,578.0,6630.0,5135.0,1336.0,3264.0,1784.0,1784.0,354.0,354.0,6069352
AUVERGNE RHONE ALPES,2021-08-28 10:30:00,2021,240,10:30:00,240.44,5.0,9115.0,290.0,618.0,2550.0,109.0,-13.0,-6849.0,0.0,0.0,1047.0,1047.0,13570.0,12690.0,723.0,1515.0,11771.0,11632.0,208.0,208.0,8114361
HAUTS DE FRANCE,2013-07-16 02:00:00,2013,197,02:00:00,197.08,508.0,3968.0,64.0,0.0,1.0,82.0,0.0,186.0,0.0,0.0,2268.0,2268.0,5460.0,5460.0,2193.0,210.0,5.0,5.0,139.0,139.0,5987883
CENTRE VAL DE LOIRE,2017-11-10 21:00:00,2017,314,21:00:00,314.88,87.0,6136.0,385.0,0.0,0.0,56.0,0.0,-4133.0,0.0,0.0,214.0,214.0,11630.0,10637.0,963.0,277.0,91.0,91.0,76.0,76.0,2576252
PROVENCE ALPES COTE D AZUR,2021-02-09 00:30:00,2021,40,00:30:00,40.02,1374.0,0.0,9.0,0.0,1480.0,84.0,0.0,2421.0,0.0,0.0,2715.0,2386.0,0.0,0.0,96.0,1558.0,3266.0,3235.0,357.0,357.0,5127840
NORMANDIE,2021-05-22 14:00:00,2021,142,14:00:00,142.58,177.0,7466.0,585.0,90.0,17.0,93.0,0.0,-5764.0,0.0,0.0,852.0,852.0,10640.0,10040.0,872.0,281.0,31.0,31.0,147.0,147.0,3327966
BRETAGNE,2016-07-05 19:00:00,2016,187,19:00:00,187.79,0.0,0.0,27.0,62.0,1.0,42.0,-1.0,2088.0,0.0,0.0,771.0,686.0,0.0,0.0,873.0,227.0,275.0,275.0,56.0,56.0,3306529
BOURGOGNE FRANCHE COMTE,2014-08-07 12:00:00,2014,219,12:00:00,219.5,15.0,0.0,6.0,59.0,137.0,17.0,0.0,1896.0,0.0,0.0,313.0,68.0,0.0,0.0,254.0,251.0,508.0,508.0,28.0,28.0,2820623
OCCITANIE,2014-08-06 07:30:00,2014,218,07:30:00,218.31,-3.0,1213.0,112.0,21.0,771.0,78.0,-596.0,1264.0,0.0,0.0,251.0,251.0,2620.0,2620.0,932.0,1286.0,5411.0,5411.0,132.0,132.0,5730753
HAUTS DE FRANCE,2015-09-13 01:00:00,2015,256,01:00:00,256.04,246.0,3555.0,75.0,0.0,0.0,121.0,0.0,665.0,0.0,0.0,2301.0,2051.0,5460.0,4550.0,2774.0,213.0,5.0,5.0,160.0,160.0,6009976
OCCITANIE,2018-03-09 12:30:00,2018,68,12:30:00,68.52,81.0,2561.0,569.0,703.0,2990.0,90.0,-17.0,-1387.0,0.0,0.0,291.0,291.0,2620.0,2620.0,1365.0,1837.0,5482.0,5297.0,145.0,145.0,5885496
OCCITANIE,2022-10-22 20:00:00,2022,295,20:00:00,295.83,0.0,1237.0,307.0,1.0,1231.0,85.0,-35.0,1073.0,0.0,0.0,326.0,326.0,2620.0,1310.0,1621.0,3068.0,5505.0,5430.0,175.0,175.0,6067101
GRAND EST,2019-11-15 20:00:00,2019,319,20:00:00,319.83,2479.0,12219.0,814.0,0.0,1232.0,121.0,0.0,-9964.0,0.0,0.0,3532.0,3532.0,10820.0,9895.0,3479.0,604.0,2303.0,2090.0,175.0,175.0,5556219
CENTRE VAL DE LOIRE,2015-08-27 20:30:00,2015,239,20:30:00,239.85,1.0,7560.0,42.0,0.0,0.0,49.0,0.0,-5888.0,0.0,0.0,166.0,166.0,11630.0,10766.0,832.0,239.0,91.0,91.0,71.0,71.0,2578592
OCCITANIE,2019-12-01 22:30:00,2019,335,22:30:00,335.94,93.0,2282.0,175.0,0.0,1942.0,96.0,-411.0,601.0,0.0,0.0,308.0,308.0,2620.0,2058.0,1570.0,2153.0,5489.0,5312.0,146.0,146.0,5933185
BOURGOGNE FRANCHE COMTE,2020-11-03 22:30:00,2020,308,22:30:00,308.94,158.0,0.0,96.0,0.0,66.0,48.0,0.0,2096.0,0.0,0.0,401.0,401.0,0.0,0.0,889.0,390.0,522.0,522.0,71.0,71.0,2801695
GRAND EST,2020-03-21 09:30:00,2020,81,09:30:00,81.4,203.0,2852.0,2142.0,35.0,1025.0,118.0,-9.0,-2283.0,0.0,0.0,3535.0,3061.0,10820.0,9588.0,3606.0,618.0,2303.0,2069.0,182.0,182.0,5562651
BOURGOGNE FRANCHE COMTE,2022-07-02 23:00:00,2022,183,23:00:00,183.96,0.0,0.0,106.0,0.0,68.0,55.0,0.0,1488.0,0.0,0.0,401.0,401.0,0.0,0.0,1049.0,561.0,524.0,524.0,75.0,75.0,2797366
NORMANDIE,2014-10-31 11:00:00,2014,304,11:00:00,304.46,281.0,7650.0,143.0,48.0,19.0,33.0,0.0,-5021.0,0.0,0.0,761.0,181.0,10640.0,10640.0,490.0,213.0,24.0,24.0,91.0,91.0,3335645
ILE DE FRANCE,2021-12-08 23:00:00,2021,342,23:00:00,342.96,517.0,0.0,47.0,0.0,4.0,135.0,0.0,10482.0,0.0,0.0,2171.0,2171.0,0.0,0.0,148.0,194.0,20.0,20.0,314.0,314.0,12317279
NORMANDIE,2019-06-21 17:00:00,2019,172,17:00:00,172.71,201.0,7439.0,36.0,79.0,11.0,54.0,0.0,-5177.0,0.0,0.0,833.0,833.0,10640.0,9482.0,801.0,255.0,31.0,31.0,106.0,106.0,3325032
BRETAGNE,2015-11-29 04:30:00,2015,333,04:30:00,333.19,101.0,0.0,468.0,0.0,194.0,36.0,-1.0,1293.0,0.0,0.0,739.0,739.0,0.0,0.0,813.0,223.0,275.0,275.0,56.0,56.0,3293850
NORMANDIE,2013-01-26 04:00:00,2013,26,04:00:00,26.17,1224.0,10137.0,258.0,0.0,19.0,50.0,0.0,-7208.0,0.0,0.0,761.0,761.0,10640.0,10640.0,423.0,206.0,22.0,22.0,88.0,88.0,3328364
CENTRE VAL DE LOIRE,2021-01-24 20:00:00,2021,24,20:00:00,24.83,122.0,10166.0,671.0,0.0,52.0,57.0,0.0,-8160.0,0.0,0.0,229.0,229.0,11630.0,10520.0,1278.0,445.0,92.0,92.0,88.0,88.0,2573303
PROVENCE ALPES COTE D AZUR,2019-03-02 23:00:00,2019,61,23:00:00,61.96,214.0,0.0,16.0,0.0,673.0,108.0,-51.0,4007.0,0.0,0.0,2674.0,2328.0,0.0,0.0,48.0,1332.0,3241.0,3117.0,357.0,207.0,5081101
OCCITANIE,2016-04-28 21:30:00,2016,119,21:30:00,119.9,-2.0,2418.0,373.0,0.0,1960.0,91.0,0.0,-672.0,0.0,0.0,266.0,266.0,2620.0,2443.0,1098.0,1574.0,5462.0,5235.0,137.0,137.0,5808435
BRETAGNE,2014-06-27 07:30:00,2014,178,07:30:00,178.31,1.0,0.0,38.0,6.0,3.0,22.0,-1.0,1996.0,0.0,0.0,688.0,688.0,0.0,0.0,763.0,212.0,272.0,272.0,51.0,51.0,3276543
BOURGOGNE FRANCHE COMTE,2021-04-11 15:00:00,2021,101,15:00:00,101.62,24.0,0.0,257.0,40.0,33.0,46.0,-4.0,1739.0,0.0,0.0,401.0,401.0,0.0,0.0,955.0,415.0,523.0,523.0,71.0,71.0,2800194
NORMANDIE,2021-01-15 23:00:00,2021,15,23:00:00,15.96,878.0,7749.0,27.0,0.0,11.0,60.0,0.0,-4099.0,0.0,0.0,852.0,852.0,10640.0,9310.0,831.0,273.0,31.0,31.0,146.0,146.0,3327966
NOUVELLE AQUITAINE,2019-06-22 03:30:00,2019,173,03:30:00,173.15,29.0,5505.0,66.0,-1.0,206.0,168.0,0.0,-2743.0,0.0,0.0,538.0,538.0,6630.0,5428.0,1008.0,2497.0,1782.0,1673.0,319.0,319.0,6010289
OCCITANIE,2016-05-02 17:30:00,2016,123,17:30:00,123.73,0.0,2370.0,712.0,686.0,1451.0,96.0,0.0,-1629.0,0.0,0.0,266.0,266.0,2620.0,2443.0,1098.0,1574.0,5462.0,5235.0,137.0,137.0,5808435
OCCITANIE,2021-03-02 00:30:00,2021,61,00:30:00,61.02,88.0,2575.0,806.0,0.0,1906.0,91.0,-17.0,-884.0,0.0,0.0,318.0,318.0,2620.0,2620.0,1593.0,2465.0,5499.0,5266.0,172.0,172.0,6022176
ILE DE FRANCE,2019-07-28 09:30:00,2019,209,09:30:00,209.4,0.0,0.0,10.0,13.0,1.0,169.0,0.0,4925.0,0.0,0.0,2170.0,2170.0,0.0,0.0,108.0,127.0,20.0,20.0,314.0,314.0,12262544
GRAND EST,2015-05-05 18:00:00,2015,125,18:00:00,125.75,30.0,9432.0,1510.0,110.0,1632.0,76.0,0.0,-7723.0,0.0,0.0,3420.0,3132.0,10820.0,9877.0,2386.0,524.0,2284.0,2284.0,110.0,110.0,5559051
PAYS DE LA LOIRE,2014-08-10 06:00:00,2014,222,06:00:00,222.25,-4.0,0.0,226.0,0.0,3.0,41.0,0.0,1297.0,0.0,0.0,1864.0,1429.0,0.0,0.0,518.0,419.0,7.0,7.0,58.0,58.0,3690833
PAYS DE LA LOIRE,2020-09-03 16:00:00,2020,247,16:00:00,247.67,34.0,0.0,93.0,359.0,0.0,59.0,0.0,2265.0,0.0,0.0,2050.0,1731.0,0.0,0.0,1012.0,658.0,10.0,10.0,77.0,77.0,3832120
NORMANDIE,2022-03-29 02:30:00,2022,88,02:30:00,88.1,321.0,4909.0,197.0,0.0,15.0,96.0,0.0,-2814.0,0.0,0.0,852.0,852.0,10640.0,9391.0,920.0,309.0,31.0,31.0,148.0,148.0,3327604
PAYS DE LA LOIRE,2016-10-14 12:30:00,2016,288,12:30:00,288.52,975.0,0.0,2.0,112.0,0.0,48.0,0.0,2629.0,0.0,0.0,1880.0,1352.0,0.0,0.0,687.0,481.0,8.0,8.0,63.0,63.0,3737632
OCCITANIE,2017-11-10 16:00:00,2017,314,16:00:00,314.67,59.0,2589.0,640.0,143.0,1211.0,94.0,0.0,469.0,0.0,0.0,282.0,282.0,2620.0,2620.0,1273.0,1770.0,5477.0,5216.0,140.0,140.0,5845102
PROVENCE ALPES COTE D AZUR,2020-07-24 02:30:00,2020,206,02:30:00,206.1,1047.0,0.0,1.0,0.0,774.0,86.0,-51.0,1930.0,0.0,0.0,2710.0,2297.0,0.0,0.0,48.0,1483.0,3261.0,3109.0,357.0,207.0,5098666
HAUTS DE FRANCE,2016-09-01 08:00:00,2016,245,08:00:00,245.33,1433.0,3162.0,98.0,3.0,1.0,116.0,0.0,506.0,0.0,0.0,2864.0,2727.0,5460.0,4648.0,3098.0,213.0,5.0,5.0,163.0,163.0,6006870
NOUVELLE AQUITAINE,2021-06-26 04:00:00,2021,177,04:00:00,177.17,21.0,3097.0,13.0,0.0,208.0,173.0,0.0,-455.0,0.0,0.0,578.0,578.0,6630.0,6630.0,1301.0,3126.0,1784.0,1784.0,354.0,354.0,6069352
BRETAGNE,2017-05-20 10:30:00,2017,140,10:30:00,140.44,1.0,0.0,67.0,82.0,38.0,44.0,-1.0,1856.0,0.0,0.0,848.0,763.0,0.0,0.0,898.0,235.0,275.0,275.0,66.0,66.0,3318904
AUVERGNE RHONE ALPES,2016-10-05 19:30:00,2016,279,19:30:00,279.81,476.0,8323.0,122.0,0.0,3299.0,86.0,-5.0,-4514.0,0.0,0.0,966.0,966.0,13570.0,12697.0,399.0,932.0,11226.0,11045.0,177.0,177.0,7916889
CENTRE VAL DE LOIRE,2014-07-14 15:00:00,2014,195,15:00:00,195.62,2.0,8147.0,54.0,108.0,5.0,44.0,0.0,-6843.0,0.0,0.0,162.0,162.0,11630.0,11630.0,801.0,217.0,91.0,91.0,56.0,56.0,2577435
AUVERGNE RHONE ALPES,2014-03-02 02:00:00,2014,61,02:00:00,61.08,181.0,10601.0,158.0,0.0,3547.0,104.0,-3.0,-6405.0,0.0,0.0,938.0,938.0,13570.0,13570.0,347.0,793.0,11136.0,11136.0,140.0,140.0,7820966
NOUVELLE AQUITAINE,2022-10-23 12:00:00,2022,296,12:00:00,296.5,71.0,2713.0,1064.0,643.0,57.0,175.0,0.0,-872.0,0.0,0.0,579.0,579.0,6630.0,5672.0,1592.0,3804.0,1786.0,1668.0,356.0,356.0,6098051
PROVENCE ALPES COTE D AZUR,2018-11-16 05:00:00,2018,320,05:00:00,320.21,1791.0,0.0,0.0,0.0,887.0,86.0,0.0,1014.0,0.0,0.0,2671.0,2293.0,0.0,0.0,48.0,1317.0,3233.0,3110.0,357.0,207.0,5052832
ILE DE FRANCE,2015-07-05 14:30:00,2015,186,14:30:00,186.6,2.0,0.0,3.0,28.0,4.0,92.0,0.0,6371.0,0.0,0.0,2144.0,1720.0,0.0,0.0,37.0,113.0,19.0,19.0,300.0,300.0,12082144
BOURGOGNE FRANCHE COMTE,2019-11-09 10:30:00,2019,313,10:30:00,313.44,152.0,0.0,65.0,74.0,96.0,25.0,0.0,2235.0,0.0,0.0,401.0,401.0,0.0,0.0,849.0,342.0,521.0,521.0,68.0,68.0,2805580
BRETAGNE,2018-10-25 08:00:00,2018,298,08:00:00,298.33,7.0,0.0,36.0,0.0,34.0,29.0,-1.0,2611.0,0.0,0.0,936.0,851.0,0.0,0.0,988.0,255.0,270.0,270.0,70.0,70.0,3335414
AUVERGNE RHONE ALPES,2021-08-24 18:00:00,2021,236,18:00:00,236.75,5.0,8946.0,132.0,283.0,1906.0,115.0,-736.0,-4570.0,0.0,0.0,1047.0,1047.0,13570.0,12690.0,723.0,1513.0,11771.0,11632.0,208.0,208.0,8114361
CENTRE VAL DE LOIRE,2019-08-06 13:30:00,2019,218,13:30:00,218.56,14.0,7737.0,153.0,101.0,0.0,64.0,0.0,-6202.0,0.0,0.0,229.0,229.0,11630.0,10655.0,1168.0,325.0,91.0,91.0,85.0,85.0,2573180
NORMANDIE,2016-12-05 00:30:00,2016,340,00:30:00,340.02,889.0,9061.0,181.0,0.0,14.0,49.0,0.0,-5926.0,0.0,0.0,785.0,785.0,10640.0,9310.0,616.0,219.0,31.0,31.0,96.0,96.0,3335929
ILE DE FRANCE,2015-07-18 03:00:00,2015,199,03:00:00,199.12,-3.0,0.0,0.0,0.0,5.0,115.0,0.0,4886.0,0.0,0.0,2144.0,1720.0,0.0,0.0,37.0,113.0,19.0,19.0,300.0,300.0,12082144
GRAND EST,2016-11-08 01:00:00,2016,313,01:00:00,313.04,2355.0,10013.0,155.0,0.0,719.0,116.0,0.0,-7482.0,0.0,0.0,3443.0,3443.0,10820.0,9660.0,2682.0,529.0,2295.0,2045.0,137.0,137.0,5555186
GRAND EST,2022-05-28 22:00:00,2022,148,22:00:00,148.92,78.0,3670.0,1667.0,0.0,1055.0,157.0,0.0,-2655.0,0.0,0.0,3590.0,3159.0,10820.0,9708.0,4275.0,1022.0,2306.0,1952.0,235.0,235.0,5563889
PROVENCE ALPES COTE D AZUR,2022-06-18 13:30:00,2022,169,13:30:00,169.56,934.0,0.0,28.0,1238.0,651.0,89.0,0.0,2151.0,0.0,0.0,2724.0,2426.0,0.0,0.0,96.0,1836.0,3267.0,3231.0,357.0,357.0,5150362
GRAND EST,2016-07-16 16:30:00,2016,198,16:30:00,198.69,50.0,7157.0,32.0,235.0,1290.0,77.0,-346.0,-4607.0,0.0,0.0,3424.0,2829.0,10820.0,9678.0,2634.0,527.0,2295.0,2093.0,123.0,123.0,5555186
CENTRE VAL DE LOIRE,2018-04-23 19:00:00,2018,113,19:00:00,113.79,0.0,8598.0,47.0,39.0,13.0,67.0,0.0,-7058.0,0.0,0.0,216.0,216.0,11630.0,10734.0,1003.0,286.0,91.0,91.0,76.0,76.0,2572853
BRETAGNE,2021-05-01 04:30:00,2021,121,04:30:00,121.19,8.0,0.0,86.0,0.0,222.0,55.0,-1.0,1578.0,0.0,0.0,982.0,982.0,0.0,0.0,1077.0,317.0,272.0,272.0,81.0,81.0,3394567
NORMANDIE,2019-07-22 10:00:00,2019,203,10:00:00,203.42,220.0,6332.0,2.0,60.0,5.0,20.0,0.0,-3789.0,0.0,0.0,833.0,253.0,10640.0,9310.0,806.0,256.0,31.0,31.0,106.0,106.0,3325032
ILE DE FRANCE,2017-12-31 00:30:00,2017,365,00:30:00,365.02,280.0,0.0,37.0,0.0,5.0,157.0,0.0,7474.0,0.0,0.0,2157.0,2057.0,0.0,0.0,88.0,119.0,19.0,19.0,306.0,306.0,12174880
OCCITANIE,2019-06-24 16:00:00,2019,175,16:00:00,175.67,0.0,2424.0,819.0,1070.0,726.0,80.0,-54.0,-870.0,0.0,0.0,307.0,307.0,2620.0,2620.0,1559.0,2061.0,5489.0,5290.0,146.0,146.0,5933185
ILE DE FRANCE,2023-01-23 15:30:00,2023,23,15:30:00,23.65,573.0,0.0,93.0,8.0,2.0,115.0,0.0,11192.0,0.0,0.0,2171.0,2026.0,0.0,0.0,148.0,257.0,20.0,20.0,320.0,320.0,12358932
NOUVELLE AQUITAINE,2017-07-12 11:30:00,2017,193,11:30:00,193.48,42.0,4157.0,282.0,564.0,249.0,176.0,0.0,-453.0,0.0,0.0,465.0,465.0,6630.0,5281.0,742.0,1974.0,1780.0,1668.0,306.0,306.0,5956978
NORMANDIE,2014-01-10 20:30:00,2014,10,20:30:00,10.85,336.0,10273.0,61.0,0.0,23.0,48.0,0.0,-6672.0,0.0,0.0,761.0,761.0,10640.0,10640.0,444.0,211.0,24.0,24.0,89.0,89.0,3335645
HAUTS DE FRANCE,2022-04-01 22:00:00,2022,91,22:00:00,91.92,1858.0,2541.0,2652.0,0.0,3.0,108.0,0.0,-373.0,0.0,0.0,2993.0,2993.0,5460.0,4590.0,5748.0,440.0,6.0,6.0,190.0,190.0,5990765
PROVENCE ALPES COTE D AZUR,2013-10-02 16:30:00,2013,275,16:30:00,275.69,217.0,0.0,19.0,260.0,879.0,62.0,0.0,2815.0,0.0,0.0,2590.0,2316.0,0.0,0.0,45.0,739.0,3159.0,3159.0,151.0,151.0,4953675
AUVERGNE RHONE ALPES,2018-07-23 08:30:00,2018,204,08:30:00,204.35,16.0,9199.0,141.0,156.0,4113.0,118.0,-16.0,-6752.0,0.0,0.0,1000.0,1000.0,13570.0,12637.0,578.0,1081.0,11260.0,11082.0,179.0,179.0,7994459
GRAND EST,2022-03-26 18:00:00,2022,85,18:00:00,85.75,1388.0,2589.0,2010.0,79.0,507.0,171.0,0.0,-2458.0,0.0,0.0,3590.0,3590.0,10820.0,9748.0,4235.0,1001.0,2306.0,2104.0,212.0,212.0,5563889
CENTRE VAL DE LOIRE,2020-06-22 13:30:00,2020,174,13:30:00,174.56,14.0,3762.0,4.0,252.0,1.0,57.0,0.0,-2139.0,0.0,0.0,229.0,229.0,11630.0,10666.0,1256.0,373.0,92.0,92.0,86.0,86.0,2574863
ILE DE FRANCE,2022-03-21 19:00:00,2022,80,19:00:00,80.79,359.0,0.0,19.0,0.0,9.0,145.0,0.0,8209.0,0.0,0.0,2171.0,2044.0,0.0,0.0,148.0,217.0,20.0,20.0,314.0,314.0,12354286
GRAND EST,2015-06-13 22:00:00,2015,164,22:00:00,164.92,33.0,8087.0,84.0,0.0,1432.0,70.0,0.0,-5802.0,0.0,0.0,3420.0,3132.0,10820.0,9517.0,2386.0,524.0,2284.0,2284.0,115.0,115.0,5559051
BOURGOGNE FRANCHE COMTE,2020-09-01 13:30:00,2020,245,13:30:00,245.56,28.0,0.0,38.0,149.0,13.0,30.0,0.0,2045.0,0.0,0.0,401.0,401.0,0.0,0.0,889.0,357.0,521.0,390.0,70.0,70.0,2801695
ILE DE FRANCE,2017-12-12 04:30:00,2017,346,04:30:00,346.19,494.0,0.0,20.0,0.0,8.0,129.0,0.0,8354.0,0.0,0.0,2151.0,2051.0,0.0,0.0,88.0,119.0,19.0,19.0,306.0,306.0,12174880
BRETAGNE,2020-10-21 22:30:00,2020,295,22:30:00,295.94,1.0,0.0,213.0,0.0,5.0,50.0,-1.0,2238.0,0.0,0.0,980.0,980.0,0.0,0.0,1041.0,290.0,272.0,272.0,81.0,81.0,3373835
NOUVELLE AQUITAINE,2021-03-28 08:30:00,2021,87,08:30:00,87.35,149.0,4107.0,119.0,117.0,295.0,131.0,0.0,188.0,0.0,0.0,578.0,578.0,6630.0,6630.0,1239.0,3022.0,1783.0,1783.0,353.0,353.0,6069352
AUVERGNE RHONE ALPES,2021-01-04 19:30:00,2021,4,19:30:00,4.81,647.0,10840.0,30.0,0.0,6618.0,114.0,-3.0,-7369.0,0.0,0.0,1047.0,1047.0,13570.0,12674.0,723.0,1366.0,11753.0,11596.0,198.0,198.0,8114361
PROVENCE ALPES COTE D AZUR,2017-09-19 06:00:00,2017,262,06:00:00,262.25,1220.0,0.0,14.0,0.0,486.0,119.0,0.0,1653.0,0.0,0.0,2630.0,2324.0,0.0,0.0,48.0,1163.0,3221.0,3097.0,354.0,354.0,5030890
BRETAGNE,2016-02-09 02:30:00,2016,40,02:30:00,40.1,154.0,0.0,285.0,0.0,206.0,37.0,-1.0,2228.0,0.0,0.0,771.0,771.0,0.0,0.0,829.0,224.0,275.0,275.0,56.0,56.0,3306529
NOUVELLE AQUITAINE,2015-10-22 12:30:00,2015,295,12:30:00,295.52,141.0,6359.0,27.0,186.0,166.0,152.0,0.0,-1117.0,0.0,0.0,427.0,427.0,6630.0,6630.0,534.0,1771.0,1777.0,1777.0,239.0,239.0,5911482
AUVERGNE RHONE ALPES,2013-06-26 10:30:00,2013,177,10:30:00,177.44,50.0,8672.0,167.0,219.0,5060.0,65.0,-7.0,-6733.0,0.0,0.0,919.0,919.0,13570.0,13570.0,335.0,719.0,11116.0,11116.0,106.0,106.0,7757595
BRETAGNE,2019-08-21 12:30:00,2019,233,12:30:00,233.52,1.0,0.0,9.0,152.0,2.0,42.0,-57.0,2324.0,0.0,0.0,960.0,875.0,0.0,0.0,1021.0,268.0,270.0,270.0,74.0,74.0,3354854
PAYS DE LA LOIRE,2018-07-20 22:00:00,2018,201,22:00:00,201.92,932.0,0.0,159.0,0.0,1.0,43.0,0.0,1218.0,0.0,0.0,1968.0,1804.0,0.0,0.0,804.0,547.0,8.0,8.0,69.0,69.0,3781423
HAUTS DE FRANCE,2014-02-27 04:00:00,2014,58,04:00:00,58.17,591.0,4417.0,700.0,0.0,2.0,88.0,0.0,320.0,0.0,0.0,2278.0,2278.0,5460.0,5460.0,2275.0,211.0,5.0,5.0,139.0,139.0,6006156
ILE DE FRANCE,2016-09-29 16:00:00,2016,273,16:00:00,273.67,4.0,0.0,11.0,23.0,6.0,136.0,0.0,7413.0,0.0,0.0,2149.0,1636.0,0.0,0.0,61.0,115.0,19.0,19.0,300.0,300.0,12117132
BRETAGNE,2021-06-29 11:30:00,2021,180,11:30:00,180.48,5.0,0.0,25.0,81.0,4.0,56.0,-1.0,2416.0,0.0,0.0,1428.0,1428.0,0.0,0.0,1093.0,327.0,272.0,272.0,81.0,81.0,3394567
HAUTS DE FRANCE,2013-08-01 03:30:00,2013,213,03:30:00,213.15,376.0,4379.0,266.0,0.0,1.0,74.0,0.0,-948.0,0.0,0.0,2268.0,2268.0,5460.0,5460.0,2205.0,210.0,5.0,5.0,139.0,139.0,5987883
NOUVELLE AQUITAINE,2019-07-13 22:00:00,2019,194,22:00:00,194.92,32.0,5525.0,184.0,-1.0,83.0,188.0,0.0,-2081.0,0.0,0.0,538.0,538.0,6630.0,5428.0,1017.0,2510.0,1782.0,1670.0,319.0,319.0,6010289
AUVERGNE RHONE ALPES,2021-04-28 02:30:00,2021,118,02:30:00,118.1,359.0,7921.0,81.0,0.0,1478.0,106.0,-734.0,-3349.0,0.0,0.0,1047.0,1047.0,13570.0,12690.0,723.0,1448.0,11768.0,11610.0,208.0,208.0,8114361
NOUVELLE AQUITAINE,2015-08-27 23:00:00,2015,239,23:00:00,239.96,45.0,4639.0,56.0,0.0,290.0,154.0,0.0,-458.0,0.0,0.0,427.0,427.0,6630.0,5720.0,534.0,1535.0,1775.0,1775.0,239.0,239.0,5911482
HAUTS DE FRANCE,2021-08-09 10:30:00,2021,221,10:30:00,221.44,310.0,2559.0,1693.0,86.0,2.0,116.0,0.0,-254.0,0.0,0.0,2990.0,2990.0,5460.0,4550.0,5508.0,406.0,5.0,5.0,183.0,183.0,5995292
HAUTS DE FRANCE,2014-08-29 17:30:00,2014,241,17:30:00,241.73,337.0,3573.0,673.0,43.0,2.0,91.0,0.0,615.0,0.0,0.0,2289.0,2289.0,5460.0,4550.0,2372.0,212.0,5.0,5.0,139.0,139.0,6006156
BOURGOGNE FRANCHE COMTE,2015-03-21 08:00:00,2015,80,08:00:00,80.33,133.0,0.0,17.0,3.0,95.0,25.0,0.0,2074.0,0.0,0.0,325.0,80.0,0.0,0.0,344.0,253.0,510.0,510.0,29.0,29.0,2820940
PROVENCE ALPES COTE D AZUR,2018-10-29 10:00:00,2018,302,10:00:00,302.42,1818.0,0.0,41.0,62.0,748.0,91.0,0.0,2011.0,0.0,0.0,2666.0,2320.0,0.0,0.0,48.0,1300.0,3233.0,3109.0,357.0,207.0,5052832
ILE DE FRANCE,2013-12-18 20:30:00,2013,352,20:30:00,352.85,706.0,0.0,16.0,0.0,6.0,136.0,0.0,10708.0,0.0,0.0,2122.0,2122.0,0.0,0.0,37.0,110.0,19.0,19.0,282.0,282.0,11959807
PROVENCE ALPES COTE D AZUR,2019-11-27 13:00:00,2019,331,13:00:00,331.54,1322.0,0.0,11.0,580.0,1478.0,87.0,0.0,1620.0,0.0,0.0,2678.0,2300.0,0.0,0.0,48.0,1417.0,3247.0,3123.0,357.0,207.0,5081101
ILE DE FRANCE,2020-03-15 07:00:00,2020,75,07:00:00,75.29,380.0,0.0,37.0,0.0,0.0,152.0,0.0,6158.0,0.0,0.0,2170.0,2128.0,0.0,0.0,108.0,144.0,20.0,20.0,314.0,314.0,12271794
OCCITANIE,2017-09-24 19:00:00,2017,267,19:00:00,267.79,0.0,1749.0,88.0,87.0,384.0,77.0,0.0,859.0,0.0,0.0,282.0,282.0,2620.0,1598.0,1249.0,1744.0,5475.0,5245.0,140.0,140.0,5845102
ILE DE FRANCE,2022-03-05 14:30:00,2022,64,14:30:00,64.6,536.0,0.0,4.0,69.0,9.0,157.0,0.0,7910.0,0.0,0.0,2171.0,2171.0,0.0,0.0,148.0,207.0,20.0,20.0,314.0,314.0,12354286
PAYS DE LA LOIRE,2019-08-10 03:30:00,2019,222,03:30:00,222.15,1.0,0.0,624.0,0.0,0.0,56.0,0.0,1068.0,0.0,0.0,2037.0,1783.0,0.0,0.0,926.0,593.0,10.0,10.0,71.0,71.0,3806461
PROVENCE ALPES COTE D AZUR,2021-06-07 06:30:00,2021,158,06:30:00,158.27,289.0,0.0,19.0,12.0,2037.0,72.0,0.0,909.0,0.0,0.0,2715.0,2341.0,0.0,0.0,96.0,1599.0,3266.0,3235.0,357.0,357.0,5127840
BRETAGNE,2015-01-29 07:00:00,2015,29,07:00:00,29.29,110.0,0.0,347.0,0.0,104.0,34.0,-1.0,2874.0,0.0,0.0,719.0,719.0,0.0,0.0,791.0,218.0,272.0,272.0,53.0,53.0,3293850
BRETAGNE,2022-06-13 23:30:00,2022,164,23:30:00,164.98,412.0,0.0,232.0,0.0,201.0,49.0,-1.0,1370.0,0.0,0.0,1432.0,1314.0,0.0,0.0,1179.0,370.0,272.0,272.0,82.0,82.0,3414637
PAYS DE LA LOIRE,2013-02-18 11:30:00,2013,49,11:30:00,49.48,1516.0,0.0,57.0,142.0,2.0,22.0,0.0,2769.0,0.0,0.0,1837.0,1837.0,0.0,0.0,466.0,387.0,5.0,5.0,57.0,57.0,3660852
NOUVELLE AQUITAINE,2021-07-27 20:00:00,2021,208,20:00:00,208.83,21.0,5011.0,386.0,244.0,674.0,184.0,0.0,-1930.0,0.0,0.0,578.0,578.0,6630.0,6630.0,1311.0,3223.0,1784.0,1784.0,354.0,354.0,6069352
PROVENCE ALPES COTE D AZUR,2018-08-27 07:30:00,2018,239,07:30:00,239.31,68.0,0.0,5.0,14.0,850.0,102.0,0.0,2317.0,0.0,0.0,2666.0,2253.0,0.0,0.0,48.0,1295.0,3233.0,3095.0,357.0,207.0,5052832
NOUVELLE AQUITAINE,2016-05-30 15:30:00,2016,151,15:30:00,151.65,52.0,5679.0,48.0,651.0,867.0,171.0,0.0,-2816.0,0.0,0.0,429.0,429.0,6630.0,5720.0,579.0,1857.0,1778.0,1666.0,280.0,280.0,5935603
OCCITANIE,2019-09-13 07:30:00,2019,256,07:30:00,256.31,0.0,2385.0,43.0,1.0,689.0,71.0,0.0,380.0,0.0,0.0,307.0,307.0,2620.0,2620.0,1559.0,2120.0,5489.0,5191.0,146.0,146.0,5933185
PAYS DE LA LOIRE,2021-08-11 05:00:00,2021,223,05:00:00,223.21,0.0,0.0,61.0,0.0,1.0,55.0,0.0,1711.0,0.0,0.0,2056.0,2056.0,0.0,0.0,1115.0,764.0,10.0,10.0,79.0,79.0,3853999
OCCITANIE,2018-06-11 05:30:00,2018,162,05:30:00,162.23,0.0,1132.0,226.0,0.0,1690.0,57.0,-705.0,332.0,0.0,0.0,295.0,295.0,2620.0,1310.0,1389.0,1902.0,5485.0,5279.0,146.0,146.0,5885496
ILE DE FRANCE,2017-12-15 10:30:00,2017,349,10:30:00,349.44,691.0,0.0,33.0,9.0,7.0,147.0,0.0,11390.0,0.0,0.0,2157.0,2057.0,0.0,0.0,88.0,119.0,19.0,19.0,306.0,306.0,12174880
NORMANDIE,2022-03-04 11:00:00,2022,63,11:00:00,63.46,316.0,7536.0,69.0,25.0,21.0,96.0,0.0,-4160.0,0.0,0.0,852.0,852.0,10640.0,9472.0,920.0,307.0,31.0,31.0,148.0,148.0,3327604
HAUTS DE FRANCE,2021-07-02 09:30:00,2021,183,09:30:00,183.4,1687.0,3452.0,59.0,105.0,2.0,118.0,0.0,-58.0,0.0,0.0,2990.0,2990.0,5460.0,5460.0,5477.0,405.0,5.0,5.0,183.0,183.0,5995292
AUVERGNE RHONE ALPES,2021-03-03 05:30:00,2021,62,05:30:00,62.23,613.0,9878.0,137.0,0.0,3271.0,122.0,-2.0,-6534.0,0.0,0.0,1047.0,1047.0,13570.0,12684.0,723.0,1421.0,11767.0,11609.0,208.0,208.0,8114361
ILE DE FRANCE,2013-12-27 02:00:00,2013,361,02:00:00,361.08,250.0,0.0,14.0,0.0,0.0,140.0,0.0,7819.0,0.0,0.0,2122.0,2122.0,0.0,0.0,37.0,110.0,19.0,19.0,282.0,282.0,11959807
AUVERGNE RHONE ALPES,2015-08-11 10:30:00,2015,223,10:30:00,223.44,40.0,11137.0,28.0,232.0,3060.0,82.0,-26.0,-8182.0,0.0,0.0,944.0,944.0,13570.0,12881.0,372.0,887.0,11183.0,10938.0,141.0,141.0,7877698
CENTRE VAL DE LOIRE,2016-09-13 21:30:00,2016,257,21:30:00,257.9,0.0,7130.0,417.0,0.0,0.0,52.0,0.0,-5650.0,0.0,0.0,170.0,170.0,11630.0,10730.0,896.0,259.0,91.0,91.0,71.0,71.0,2577866
AUVERGNE RHONE ALPES,2014-01-11 05:00:00,2014,11,05:00:00,11.21,184.0,12523.0,151.0,0.0,2588.0,115.0,-1691.0,-6582.0,0.0,0.0,930.0,930.0,13570.0,13570.0,347.0,762.0,11132.0,10980.0,125.0,125.0,7820966
BOURGOGNE FRANCHE COMTE,2021-08-19 04:00:00,2021,231,04:00:00,231.17,25.0,0.0,50.0,0.0,82.0,30.0,0.0,1321.0,0.0,0.0,401.0,401.0,0.0,0.0,969.0,461.0,524.0,524.0,72.0,72.0,2800194
GRAND EST,2022-10-17 16:30:00,2022,290,16:30:00,290.69,1633.0,3625.0,314.0,166.0,837.0,141.0,0.0,-2044.0,0.0,0.0,3590.0,3590.0,10820.0,9638.0,4389.0,1101.0,2308.0,1954.0,235.0,235.0,5563889
ILE DE FRANCE,2017-11-28 10:30:00,2017,332,10:30:00,332.44,683.0,0.0,2.0,13.0,6.0,154.0,0.0,10427.0,0.0,0.0,2151.0,2044.0,0.0,0.0,88.0,119.0,19.0,19.0,306.0,306.0,12174880
NORMANDIE,2021-08-15 03:00:00,2021,227,03:00:00,227.12,185.0,5410.0,17.0,0.0,9.0,92.0,0.0,-3758.0,0.0,0.0,852.0,852.0,10640.0,9602.0,878.0,296.0,31.0,31.0,147.0,147.0,3327966
BOURGOGNE FRANCHE COMTE,2023-01-17 12:00:00,2023,17,12:00:00,17.5,161.0,0.0,100.0,24.0,307.0,46.0,0.0,2695.0,0.0,0.0,401.0,401.0,0.0,0.0,1067.0,643.0,524.0,524.0,76.0,76.0,2786296
AUVERGNE RHONE ALPES,2015-05-04 18:00:00,2015,124,18:00:00,124.75,53.0,9282.0,238.0,132.0,4459.0,93.0,-6.0,-7198.0,0.0,0.0,944.0,944.0,13570.0,12515.0,372.0,875.0,11181.0,10900.0,141.0,141.0,7877698
GRAND EST,2013-02-23 11:00:00,2013,54,11:00:00,54.46,3516.0,8366.0,790.0,71.0,1029.0,60.0,0.0,-6597.0,0.0,0.0,3398.0,3398.0,10820.0,10820.0,1831.0,500.0,2280.0,2280.0,86.0,86.0,5552388
NORMANDIE,2015-08-20 09:00:00,2015,232,09:00:00,232.38,222.0,5975.0,31.0,5.0,8.0,55.0,0.0,-3675.0,0.0,0.0,761.0,181.0,10640.0,9535.0,538.0,215.0,24.0,24.0,94.0,94.0,3339131
HAUTS DE FRANCE,2017-10-23 00:00:00,2017,296,00:00:00,296.0,1472.0,2682.0,937.0,0.0,1.0,90.0,0.0,381.0,0.0,0.0,2910.0,2335.0,5460.0,4550.0,3609.0,216.0,5.0,5.0,165.0,165.0,6003815
CENTRE VAL DE LOIRE,2018-08-12 23:30:00,2018,224,23:30:00,224.98,0.0,7443.0,51.0,0.0,0.0,61.0,0.0,-5949.0,0.0,0.0,216.0,216.0,11630.0,10782.0,1036.0,298.0,91.0,91.0,76.0,76.0,2572853
OCCITANIE,2020-07-19 20:30:00,2020,201,20:30:00,201.85,0.0,2202.0,23.0,79.0,413.0,82.0,-36.0,1081.0,0.0,0.0,314.0,314.0,2620.0,1365.0,1593.0,2251.0,5494.0,5267.0,171.0,171.0,5973969
ILE DE FRANCE,2017-11-06 14:00:00,2017,310,14:00:00,310.58,624.0,0.0,15.0,26.0,3.0,137.0,0.0,9009.0,0.0,0.0,2151.0,1988.0,0.0,0.0,88.0,119.0,19.0,19.0,302.0,302.0,12174880
AUVERGNE RHONE ALPES,2021-09-15 16:00:00,2021,258,16:00:00,258.67,406.0,9019.0,75.0,359.0,2521.0,89.0,-13.0,-5256.0,0.0,0.0,1047.0,1047.0,13570.0,12690.0,723.0,1523.0,11772.0,11631.0,208.0,208.0,8114361
HAUTS DE FRANCE,2018-02-14 00:30:00,2018,45,00:30:00,45.02,2066.0,5464.0,1139.0,0.0,2.0,109.0,0.0,-1317.0,0.0,0.0,2922.0,2922.0,5460.0,4550.0,3799.0,217.0,5.0,5.0,170.0,170.0,6004108
BOURGOGNE FRANCHE COMTE,2013-09-05 22:00:00,2013,248,22:00:00,248.92,192.0,0.0,23.0,0.0,209.0,14.0,0.0,1823.0,0.0,0.0,301.0,301.0,0.0,0.0,204.0,240.0,480.0,480.0,25.0,25.0,2819783
PAYS DE LA LOIRE,2019-10-22 12:30:00,2019,295,12:30:00,295.52,468.0,0.0,53.0,289.0,2.0,52.0,0.0,2767.0,0.0,0.0,2037.0,2037.0,0.0,0.0,926.0,601.0,10.0,10.0,75.0,75.0,3806461
NORMANDIE,2018-06-08 06:30:00,2018,159,06:30:00,159.27,664.0,6273.0,5.0,1.0,15.0,59.0,0.0,-4578.0,0.0,0.0,813.0,233.0,10640.0,9310.0,712.0,240.0,31.0,31.0,103.0,103.0,3327477
NORMANDIE,2016-06-14 03:00:00,2016,166,03:00:00,166.12,205.0,7199.0,201.0,0.0,2.0,44.0,0.0,-5405.0,0.0,0.0,773.0,193.0,10640.0,9310.0,563.0,218.0,31.0,31.0,95.0,95.0,3335929
PAYS DE LA LOIRE,2017-06-22 14:30:00,2017,173,14:30:00,173.6,535.0,0.0,41.0,264.0,0.0,42.0,0.0,2287.0,0.0,0.0,1921.0,1345.0,0.0,0.0,727.0,500.0,8.0,8.0,66.0,66.0,3757600
BOURGOGNE FRANCHE COMTE,2019-10-17 14:30:00,2019,290,14:30:00,290.6,21.0,0.0,456.0,33.0,93.0,26.0,0.0,1966.0,0.0,0.0,401.0,401.0,0.0,0.0,849.0,341.0,521.0,521.0,68.0,68.0,2805580
BOURGOGNE FRANCHE COMTE,2016-01-20 23:30:00,2016,20,23:30:00,20.98,149.0,0.0,8.0,0.0,63.0,23.0,0.0,2973.0,0.0,0.0,329.0,329.0,0.0,0.0,414.0,263.0,513.0,513.0,29.0,29.0,2818338
PROVENCE ALPES COTE D AZUR,2015-05-16 20:30:00,2015,136,20:30:00,136.85,186.0,0.0,39.0,10.0,1406.0,70.0,0.0,2174.0,0.0,0.0,2610.0,2241.0,0.0,0.0,45.0,913.0,3168.0,3168.0,183.0,183.0,5007977
BOURGOGNE FRANCHE COMTE,2014-01-26 01:30:00,2014,26,01:30:00,26.06,119.0,0.0,127.0,0.0,69.0,19.0,-1.0,2162.0,0.0,0.0,313.0,68.0,0.0,0.0,230.0,242.0,507.0,507.0,25.0,25.0,2820623
AUVERGNE RHONE ALPES,2013-08-18 08:00:00,2013,230,08:00:00,230.33,41.0,7501.0,6.0,24.0,1181.0,63.0,-1159.0,-3237.0,0.0,0.0,919.0,919.0,13570.0,13570.0,335.0,726.0,11122.0,11122.0,106.0,106.0,7757595
PROVENCE ALPES COTE D AZUR,2015-11-09 06:30:00,2015,313,06:30:00,313.27,335.0,0.0,0.0,0.0,289.0,87.0,0.0,3522.0,0.0,0.0,2610.0,2158.0,0.0,0.0,48.0,968.0,3174.0,3174.0,183.0,183.0,5007977
BOURGOGNE FRANCHE COMTE,2022-04-25 10:00:00,2022,115,10:00:00,115.42,23.0,0.0,117.0,49.0,114.0,49.0,0.0,2179.0,0.0,0.0,401.0,401.0,0.0,0.0,1049.0,527.0,524.0,524.0,75.0,75.0,2797366
AUVERGNE RHONE ALPES,2013-12-31 16:30:00,2013,365,16:30:00,365.69,190.0,12870.0,250.0,16.0,4781.0,67.0,-327.0,-9434.0,0.0,0.0,930.0,930.0,13570.0,13040.0,335.0,761.0,11132.0,11132.0,125.0,125.0,7757595
AUVERGNE RHONE ALPES,2016-09-15 20:30:00,2016,259,20:30:00,259.85,381.0,6675.0,30.0,0.0,3714.0,87.0,-19.0,-3784.0,0.0,0.0,966.0,966.0,13570.0,12705.0,399.0,925.0,11226.0,11052.0,177.0,177.0,7916889
GRAND EST,2022-04-23 08:30:00,2022,113,08:30:00,113.35,76.0,4923.0,1503.0,100.0,719.0,159.0,-340.0,-2756.0,0.0,0.0,3590.0,3163.0,10820.0,9742.0,4254.0,1004.0,2306.0,2104.0,235.0,235.0,5563889
PAYS DE LA LOIRE,2022-04-30 14:00:00,2022,120,14:00:00,120.58,10.0,0.0,82.0,551.0,2.0,62.0,0.0,1686.0,0.0,0.0,2068.0,1656.0,0.0,0.0,1137.0,841.0,10.0,10.0,80.0,80.0,3878839
AUVERGNE RHONE ALPES,2021-11-20 22:30:00,2021,324,22:30:00,324.94,561.0,11824.0,97.0,0.0,1684.0,120.0,-91.0,-6292.0,0.0,0.0,1048.0,1048.0,13570.0,12669.0,723.0,1572.0,11776.0,11650.0,208.0,208.0,8114361
ILE DE FRANCE,2019-04-11 09:00:00,2019,101,09:00:00,101.38,0.0,0.0,15.0,14.0,11.0,106.0,0.0,9813.0,0.0,0.0,2170.0,2170.0,0.0,0.0,88.0,126.0,20.0,20.0,306.0,306.0,12262544
GRAND EST,2022-12-01 23:30:00,2022,335,23:30:00,335.98,2375.0,3810.0,467.0,0.0,685.0,149.0,-522.0,-1518.0,0.0,0.0,3615.0,3615.0,10820.0,9658.0,4509.0,1119.0,2308.0,1954.0,236.0,236.0,5563889
PROVENCE ALPES COTE D AZUR,2016-07-20 03:00:00,2016,202,03:00:00,202.12,687.0,0.0,0.0,0.0,797.0,107.0,0.0,1967.0,0.0,0.0,2614.0,2234.0,0.0,0.0,48.0,1037.0,3191.0,3044.0,354.0,354.0,5021928
OCCITANIE,2013-09-07 03:00:00,2013,250,03:00:00,250.12,-2.0,1486.0,10.0,0.0,403.0,75.0,-729.0,1531.0,0.0,0.0,246.0,246.0,2620.0,2620.0,889.0,1109.0,5387.0,5387.0,126.0,126.0,5683878
NORMANDIE,2015-02-12 23:30:00,2015,43,23:30:00,43.98,435.0,9019.0,176.0,0.0,15.0,64.0,0.0,-5247.0,0.0,0.0,761.0,181.0,10640.0,9310.0,510.0,214.0,24.0,24.0,92.0,92.0,3339131
OCCITANIE,2020-02-01 11:00:00,2020,32,11:00:00,32.46,82.0,2550.0,249.0,192.0,1173.0,98.0,-678.0,1365.0,0.0,0.0,308.0,308.0,2620.0,2620.0,1570.0,2167.0,5491.0,5314.0,171.0,171.0,5973969
HAUTS DE FRANCE,2017-04-07 13:30:00,2017,97,13:30:00,97.56,1330.0,3610.0,51.0,82.0,2.0,76.0,0.0,956.0,0.0,0.0,2900.0,2784.0,5460.0,4550.0,3405.0,214.0,5.0,5.0,164.0,164.0,6003815
GRAND EST,2018-04-02 22:30:00,2018,92,22:30:00,92.94,58.0,8555.0,1445.0,0.0,942.0,80.0,-180.0,-5864.0,0.0,0.0,3471.0,2876.0,10820.0,9793.0,3068.0,553.0,2300.0,2012.0,146.0,146.0,5550389
CENTRE VAL DE LOIRE,2013-07-28 06:00:00,2013,209,06:00:00,209.25,6.0,5874.0,4.0,0.0,4.0,36.0,0.0,-4689.0,0.0,0.0,162.0,162.0,11630.0,11630.0,697.0,211.0,91.0,91.0,56.0,56.0,2570548
CENTRE VAL DE LOIRE,2017-01-03 15:30:00,2017,3,15:30:00,3.65,100.0,11745.0,4.0,22.0,1.0,45.0,0.0,-8461.0,0.0,0.0,198.0,198.0,11630.0,11630.0,917.0,262.0,91.0,91.0,71.0,71.0,2576252
NOUVELLE AQUITAINE,2018-03-08 10:30:00,2018,67,10:30:00,67.44,172.0,6496.0,269.0,1188.0,964.0,126.0,0.0,-2479.0,0.0,0.0,482.0,482.0,6630.0,5646.0,882.0,2278.0,1781.0,1663.0,314.0,314.0,5979778
NORMANDIE,2019-12-01 02:00:00,2019,335,02:00:00,335.08,373.0,3515.0,280.0,0.0,24.0,61.0,0.0,-621.0,0.0,0.0,833.0,833.0,10640.0,9430.0,806.0,260.0,31.0,31.0,109.0,109.0,3325032
NOUVELLE AQUITAINE,2020-03-26 12:30:00,2020,86,12:30:00,86.52,154.0,5228.0,389.0,1950.0,482.0,213.0,0.0,-3398.0,0.0,0.0,571.0,571.0,6630.0,5281.0,1089.0,2638.0,1783.0,1678.0,340.0,340.0,6033952
OCCITANIE,2018-03-30 04:00:00,2018,89,04:00:00,89.17,69.0,2483.0,471.0,0.0,1791.0,77.0,-702.0,-61.0,0.0,0.0,291.0,291.0,2620.0,2620.0,1386.0,1856.0,5482.0,5255.0,145.0,145.0,5885496
OCCITANIE,2022-07-16 05:30:00,2022,197,05:30:00,197.23,0.0,301.0,13.0,0.0,489.0,110.0,-642.0,2961.0,0.0,0.0,326.0,326.0,2620.0,1385.0,1593.0,2992.0,5503.0,5345.0,174.0,174.0,6067101
OCCITANIE,2019-04-13 11:30:00,2019,103,11:30:00,103.48,0.0,2593.0,619.0,1254.0,711.0,85.0,-38.0,-930.0,0.0,0.0,307.0,307.0,2620.0,2620.0,1505.0,2021.0,5488.0,5164.0,146.0,146.0,5933185
NOUVELLE AQUITAINE,2014-07-26 20:30:00,2014,207,20:30:00,207.85,25.0,3921.0,34.0,52.0,120.0,126.0,0.0,-344.0,0.0,0.0,421.0,421.0,6630.0,5720.0,447.0,1191.0,1772.0,1772.0,220.0,220.0,5879144
HAUTS DE FRANCE,2020-11-19 21:00:00,2020,324,21:00:00,324.88,1857.0,3979.0,687.0,0.0,1.0,119.0,0.0,-535.0,0.0,0.0,2984.0,2984.0,5460.0,4590.0,5303.0,272.0,5.0,5.0,181.0,181.0,5997734
HAUTS DE FRANCE,2015-10-27 14:00:00,2015,300,14:00:00,300.58,1227.0,4455.0,311.0,44.0,1.0,85.0,0.0,245.0,0.0,0.0,2301.0,2051.0,5460.0,4550.0,2798.0,213.0,5.0,5.0,160.0,160.0,6009976
CENTRE VAL DE LOIRE,2018-11-20 13:30:00,2018,324,13:30:00,324.56,91.0,5719.0,50.0,31.0,3.0,59.0,0.0,-2834.0,0.0,0.0,228.0,228.0,11630.0,10604.0,1066.0,303.0,91.0,91.0,84.0,84.0,2572853
PROVENCE ALPES COTE D AZUR,2022-05-21 19:30:00,2022,141,19:30:00,141.81,1053.0,0.0,10.0,198.0,977.0,204.0,0.0,1608.0,0.0,0.0,2724.0,2356.0,0.0,0.0,96.0,1829.0,3266.0,3204.0,357.0,357.0,5150362
ILE DE FRANCE,2022-06-18 01:30:00,2022,169,01:30:00,169.06,459.0,0.0,14.0,0.0,4.0,119.0,0.0,5006.0,0.0,0.0,2171.0,2016.0,0.0,0.0,148.0,226.0,20.0,20.0,314.0,314.0,12354286
NOUVELLE AQUITAINE,2022-01-26 08:30:00,2022,26,08:30:00,26.35,349.0,3746.0,49.0,3.0,1272.0,190.0,0.0,3041.0,0.0,0.0,578.0,578.0,6630.0,5135.0,1397.0,3474.0,1784.0,1666.0,356.0,356.0,6098051
HAUTS DE FRANCE,2023-01-20 08:30:00,2023,20,08:30:00,20.35,1465.0,3642.0,674.0,0.0,2.0,123.0,0.0,1671.0,0.0,0.0,3003.0,2868.0,5460.0,4550.0,6095.0,463.0,6.0,6.0,198.0,198.0,5980697
HAUTS DE FRANCE,2013-05-06 19:00:00,2013,126,19:00:00,126.79,463.0,2635.0,33.0,20.0,1.0,63.0,0.0,2439.0,0.0,0.0,2268.0,2034.0,5460.0,5460.0,2126.0,210.0,5.0,5.0,139.0,139.0,5987883
ILE DE FRANCE,2018-08-22 12:00:00,2018,234,12:00:00,234.5,7.0,0.0,1.0,43.0,3.0,150.0,0.0,6857.0,0.0,0.0,2157.0,2116.0,0.0,0.0,88.0,123.0,20.0,20.0,306.0,306.0,12213447
PROVENCE ALPES COTE D AZUR,2020-11-30 13:30:00,2020,335,13:30:00,335.56,2041.0,0.0,13.0,600.0,1599.0,92.0,0.0,1126.0,0.0,0.0,2714.0,2386.0,0.0,0.0,96.0,1540.0,3262.0,3231.0,357.0,357.0,5098666
NOUVELLE AQUITAINE,2016-03-20 10:30:00,2016,80,10:30:00,80.44,153.0,4741.0,109.0,482.0,536.0,183.0,0.0,-1035.0,0.0,0.0,429.0,429.0,6630.0,5679.0,559.0,1840.0,1778.0,1778.0,279.0,279.0,5935603
PROVENCE ALPES COTE D AZUR,2018-10-25 04:00:00,2018,298,04:00:00,298.17,904.0,0.0,13.0,0.0,605.0,81.0,0.0,1511.0,0.0,0.0,2666.0,2300.0,0.0,0.0,48.0,1300.0,3233.0,3109.0,357.0,207.0,5052832
NOUVELLE AQUITAINE,2016-12-19 23:30:00,2016,354,23:30:00,354.98,283.0,5214.0,65.0,-1.0,198.0,189.0,0.0,771.0,0.0,0.0,450.0,450.0,6630.0,5135.0,696.0,1920.0,1780.0,1780.0,295.0,295.0,5935603
PAYS DE LA LOIRE,2014-07-03 23:00:00,2014,184,23:00:00,184.96,1005.0,0.0,42.0,0.0,1.0,41.0,0.0,2170.0,0.0,0.0,1864.0,1429.0,0.0,0.0,518.0,416.0,7.0,7.0,58.0,58.0,3690833
BOURGOGNE FRANCHE COMTE,2016-05-29 12:30:00,2016,150,12:30:00,150.52,30.0,0.0,3.0,45.0,272.0,22.0,0.0,1590.0,0.0,0.0,329.0,329.0,0.0,0.0,426.0,264.0,513.0,513.0,30.0,30.0,2818338
HAUTS DE FRANCE,2020-03-25 21:30:00,2020,85,21:30:00,85.9,1035.0,4593.0,2276.0,0.0,2.0,141.0,0.0,-2705.0,0.0,0.0,2970.0,2970.0,5460.0,4550.0,5037.0,242.0,5.0,5.0,181.0,181.0,5997734
PAYS DE LA LOIRE,2022-09-22 06:00:00,2022,265,06:00:00,265.25,21.0,0.0,137.0,0.0,0.0,54.0,0.0,2080.0,0.0,0.0,2068.0,1668.0,0.0,0.0,1675.0,913.0,10.0,10.0,80.0,80.0,3878839
CENTRE VAL DE LOIRE,2021-04-24 08:00:00,2021,114,08:00:00,114.33,26.0,8533.0,725.0,35.0,2.0,58.0,0.0,-7687.0,0.0,0.0,229.0,229.0,11630.0,11630.0,1288.0,495.0,92.0,92.0,89.0,89.0,2573303
PROVENCE ALPES COTE D AZUR,2020-04-24 01:30:00,2020,115,01:30:00,115.06,99.0,0.0,0.0,0.0,964.0,83.0,0.0,2532.0,0.0,0.0,2710.0,2313.0,0.0,0.0,48.0,1457.0,3256.0,3256.0,357.0,207.0,5098666
BRETAGNE,2019-05-25 07:30:00,2019,145,07:30:00,145.31,1.0,0.0,84.0,6.0,110.0,51.0,-1.0,1437.0,0.0,0.0,956.0,871.0,0.0,0.0,1009.0,265.0,270.0,270.0,73.0,73.0,3354854
NOUVELLE AQUITAINE,2017-11-27 06:30:00,2017,331,06:30:00,331.27,204.0,6708.0,87.0,-1.0,117.0,182.0,0.0,-823.0,0.0,0.0,473.0,473.0,6630.0,6630.0,882.0,2166.0,1780.0,1780.0,307.0,307.0,5956978
OCCITANIE,2013-10-29 08:30:00,2013,302,08:30:00,302.35,197.0,2419.0,251.0,29.0,1183.0,61.0,0.0,-502.0,0.0,0.0,251.0,251.0,2620.0,2620.0,889.0,1166.0,5388.0,5388.0,126.0,126.0,5683878
CENTRE VAL DE LOIRE,2017-09-10 16:30:00,2017,253,16:30:00,253.69,0.0,6183.0,389.0,83.0,0.0,64.0,0.0,-5335.0,0.0,0.0,198.0,198.0,11630.0,10758.0,963.0,274.0,91.0,91.0,76.0,76.0,2576252
HAUTS DE FRANCE,2017-12-15 05:00:00,2017,349,05:00:00,349.21,1022.0,4328.0,785.0,0.0,2.0,122.0,0.0,409.0,0.0,0.0,2913.0,2682.0,5460.0,4550.0,3789.0,217.0,5.0,5.0,170.0,170.0,6003815
GRAND EST,2022-11-06 11:00:00,2022,310,11:00:00,310.46,591.0,3818.0,777.0,313.0,553.0,152.0,-340.0,-1379.0,0.0,0.0,3615.0,3615.0,10820.0,9617.0,4497.0,1112.0,2308.0,1954.0,235.0,235.0,5563889
AUVERGNE RHONE ALPES,2014-04-23 06:30:00,2014,113,06:30:00,113.27,31.0,9339.0,13.0,0.0,2719.0,55.0,-4.0,-4977.0,0.0,0.0,938.0,938.0,13570.0,13570.0,347.0,802.0,11141.0,10989.0,140.0,140.0,7820966
OCCITANIE,2013-11-30 11:00:00,2013,334,11:00:00,334.46,51.0,2570.0,407.0,108.0,2089.0,85.0,-16.0,854.0,0.0,0.0,251.0,251.0,2620.0,2620.0,889.0,1186.0,5391.0,5391.0,126.0,126.0,5683878
HAUTS DE FRANCE,2020-01-04 11:00:00,2020,4,11:00:00,4.46,1455.0,4590.0,1378.0,46.0,2.0,134.0,0.0,-992.0,0.0,0.0,2970.0,2832.0,5460.0,4550.0,4895.0,240.0,5.0,5.0,180.0,180.0,5997734
CENTRE VAL DE LOIRE,2016-11-08 02:30:00,2016,313,02:30:00,313.1,93.0,8904.0,115.0,0.0,4.0,45.0,0.0,-6647.0,0.0,0.0,178.0,178.0,11630.0,10727.0,896.0,261.0,91.0,91.0,71.0,71.0,2577866
NOUVELLE AQUITAINE,2016-02-23 10:00:00,2016,54,10:00:00,54.42,165.0,5613.0,171.0,221.0,1106.0,169.0,0.0,-1174.0,0.0,0.0,429.0,429.0,6630.0,5890.0,559.0,1829.0,1778.0,1778.0,279.0,279.0,5935603
HAUTS DE FRANCE,2016-11-06 06:00:00,2016,311,06:00:00,311.25,1227.0,2760.0,453.0,0.0,1.0,119.0,0.0,624.0,0.0,0.0,2882.0,2745.0,5460.0,4550.0,3195.0,214.0,5.0,5.0,164.0,164.0,6006870
BRETAGNE,2020-08-21 08:00:00,2020,234,08:00:00,234.33,1.0,0.0,573.0,5.0,27.0,51.0,-1.0,1345.0,0.0,0.0,978.0,893.0,0.0,0.0,1028.0,287.0,272.0,272.0,80.0,80.0,3373835
HAUTS DE FRANCE,2020-08-29 10:30:00,2020,242,10:30:00,242.44,1537.0,3542.0,582.0,37.0,0.0,132.0,0.0,-1339.0,0.0,0.0,2983.0,2688.0,5460.0,4550.0,5127.0,251.0,5.0,5.0,181.0,181.0,5997734
BOURGOGNE FRANCHE COMTE,2018-11-16 05:00:00,2018,320,05:00:00,320.21,156.0,0.0,57.0,0.0,9.0,52.0,-1.0,2010.0,0.0,0.0,395.0,395.0,0.0,0.0,735.0,318.0,520.0,443.0,57.0,57.0,2807807
BRETAGNE,2021-09-28 12:00:00,2021,271,12:00:00,271.5,19.0,0.0,244.0,81.0,3.0,53.0,-21.0,2078.0,0.0,0.0,1428.0,1428.0,0.0,0.0,1106.0,346.0,272.0,272.0,82.0,82.0,3394567
OCCITANIE,2017-04-05 08:00:00,2017,95,08:00:00,95.33,2.0,1284.0,526.0,22.0,2305.0,95.0,0.0,-114.0,0.0,0.0,282.0,282.0,2620.0,1310.0,1194.0,1704.0,5475.0,5020.0,140.0,140.0,5845102
NOUVELLE AQUITAINE,2019-12-26 11:00:00,2019,360,11:00:00,360.46,157.0,5638.0,233.0,479.0,1177.0,157.0,0.0,-2161.0,0.0,0.0,571.0,571.0,6630.0,5900.0,1075.0,2615.0,1783.0,1678.0,340.0,340.0,6010289
GRAND EST,2015-10-14 03:00:00,2015,287,03:00:00,287.12,842.0,8854.0,236.0,0.0,425.0,72.0,-530.0,-4867.0,0.0,0.0,3420.0,3158.0,10820.0,9415.0,2504.0,525.0,2285.0,2285.0,119.0,119.0,5559051
HAUTS DE FRANCE,2017-11-25 08:00:00,2017,329,08:00:00,329.33,1827.0,4585.0,137.0,0.0,2.0,142.0,0.0,-390.0,0.0,0.0,2913.0,2913.0,5460.0,4550.0,3691.0,217.0,5.0,5.0,165.0,165.0,6003815
NOUVELLE AQUITAINE,2017-11-04 20:30:00,2017,308,20:30:00,308.85,186.0,6688.0,101.0,-1.0,100.0,187.0,0.0,-2521.0,0.0,0.0,473.0,473.0,6630.0,6630.0,855.0,2086.0,1780.0,1675.0,307.0,307.0,5956978
PAYS DE LA LOIRE,2021-08-03 19:30:00,2021,215,19:30:00,215.81,0.0,0.0,67.0,84.0,1.0,60.0,0.0,2359.0,0.0,0.0,2056.0,2056.0,0.0,0.0,1115.0,763.0,10.0,10.0,79.0,79.0,3853999
PAYS DE LA LOIRE,2015-03-17 07:30:00,2015,76,07:30:00,76.31,1150.0,0.0,99.0,1.0,5.0,45.0,0.0,3071.0,0.0,0.0,1867.0,1287.0,0.0,0.0,545.0,442.0,7.0,7.0,59.0,59.0,3718512
HAUTS DE FRANCE,2021-08-09 07:00:00,2021,221,07:00:00,221.29,491.0,2564.0,1434.0,3.0,2.0,119.0,0.0,-673.0,0.0,0.0,2990.0,2990.0,5460.0,4550.0,5508.0,406.0,5.0,5.0,183.0,183.0,5995292
ILE DE FRANCE,2019-01-13 15:30:00,2019,13,15:30:00,13.65,403.0,0.0,48.0,14.0,8.0,166.0,0.0,8464.0,0.0,0.0,2169.0,2107.0,0.0,0.0,88.0,124.0,20.0,20.0,306.0,306.0,12262544
HAUTS DE FRANCE,2020-04-07 12:30:00,2020,98,12:30:00,98.52,262.0,4575.0,243.0,74.0,2.0,110.0,0.0,38.0,0.0,0.0,2970.0,2854.0,5460.0,4574.0,5037.0,242.0,5.0,5.0,181.0,181.0,5997734
CENTRE VAL DE LOIRE,2013-08-07 00:30:00,2013,219,00:30:00,219.02,6.0,6098.0,10.0,0.0,0.0,33.0,0.0,-4498.0,0.0,0.0,162.0,162.0,11630.0,11630.0,697.0,211.0,91.0,91.0,56.0,56.0,2570548
BRETAGNE,2022-06-08 20:00:00,2022,159,20:00:00,159.83,478.0,0.0,432.0,42.0,105.0,51.0,-1.0,1128.0,0.0,0.0,1432.0,1314.0,0.0,0.0,1179.0,369.0,272.0,272.0,82.0,82.0,3414637
NORMANDIE,2013-11-17 15:00:00,2013,321,15:00:00,321.62,813.0,8845.0,12.0,17.0,2.0,54.0,0.0,-6489.0,0.0,0.0,761.0,761.0,10640.0,10640.0,444.0,210.0,24.0,24.0,88.0,88.0,3328364
PAYS DE LA LOIRE,2022-08-15 03:30:00,2022,227,03:30:00,227.15,0.0,0.0,257.0,0.0,0.0,57.0,0.0,1352.0,0.0,0.0,2068.0,1609.0,0.0,0.0,1675.0,877.0,10.0,10.0,80.0,80.0,3878839
BOURGOGNE FRANCHE COMTE,2022-10-01 14:00:00,2022,274,14:00:00,274.58,53.0,0.0,476.0,78.0,81.0,45.0,0.0,1509.0,0.0,0.0,401.0,401.0,0.0,0.0,1067.0,610.0,524.0,524.0,75.0,75.0,2797366
ILE DE FRANCE,2016-02-13 21:00:00,2016,44,21:00:00,44.88,389.0,0.0,30.0,0.0,0.0,155.0,0.0,9752.0,0.0,0.0,2149.0,2149.0,0.0,0.0,61.0,114.0,19.0,19.0,300.0,300.0,12117132
OCCITANIE,2018-04-04 07:00:00,2018,94,07:00:00,94.29,0.0,2438.0,262.0,0.0,2658.0,89.0,-45.0,-900.0,0.0,0.0,291.0,291.0,2620.0,2620.0,1386.0,1866.0,5482.0,5283.0,145.0,145.0,5885496
OCCITANIE,2021-02-25 15:00:00,2021,56,15:00:00,56.62,91.0,2447.0,270.0,953.0,1348.0,80.0,-17.0,-881.0,0.0,0.0,318.0,318.0,2620.0,2620.0,1593.0,2453.0,5499.0,5266.0,172.0,172.0,6022176
NOUVELLE AQUITAINE,2019-10-09 17:30:00,2019,282,17:30:00,282.73,70.0,5581.0,526.0,582.0,68.0,169.0,0.0,-2864.0,0.0,0.0,538.0,538.0,6630.0,5720.0,1029.0,2589.0,1782.0,1673.0,330.0,330.0,6010289
PAYS DE LA LOIRE,2016-01-04 05:00:00,2016,4,05:00:00,4.21,119.0,0.0,322.0,0.0,4.0,36.0,0.0,2504.0,0.0,0.0,1880.0,1300.0,0.0,0.0,605.0,457.0,7.0,7.0,61.0,61.0,3737632
GRAND EST,2018-01-05 16:00:00,2018,5,16:00:00,5.67,1355.0,11504.0,1227.0,9.0,978.0,91.0,0.0,-9156.0,0.0,0.0,3471.0,3471.0,10820.0,9940.0,3053.0,551.0,2300.0,2016.0,145.0,145.0,5550389
AUVERGNE RHONE ALPES,2016-01-20 03:30:00,2016,20,03:30:00,20.15,511.0,12580.0,22.0,0.0,2504.0,102.0,-1926.0,-4368.0,0.0,0.0,952.0,952.0,13570.0,12690.0,384.0,894.0,11204.0,10901.0,170.0,170.0,7916889
GRAND EST,2018-03-26 08:30:00,2018,85,08:30:00,85.35,2359.0,8667.0,215.0,19.0,833.0,104.0,0.0,-5897.0,0.0,0.0,3471.0,3471.0,10820.0,9732.0,3068.0,553.0,2300.0,1906.0,146.0,146.0,5550389
HAUTS DE FRANCE,2018-07-24 23:00:00,2018,205,23:00:00,205.96,1502.0,3399.0,386.0,0.0,1.0,118.0,0.0,-337.0,0.0,0.0,2922.0,2691.0,5460.0,4550.0,3966.0,221.0,5.0,5.0,170.0,170.0,6004108
CENTRE VAL DE LOIRE,2022-12-27 18:30:00,2022,361,18:30:00,361.77,63.0,8838.0,473.0,0.0,10.0,60.0,0.0,-7017.0,0.0,0.0,229.0,229.0,11630.0,10768.0,1599.0,807.0,93.0,93.0,91.0,91.0,2572916
BOURGOGNE FRANCHE COMTE,2018-12-31 02:30:00,2018,365,02:30:00,365.1,177.0,0.0,19.0,0.0,82.0,31.0,-1.0,2262.0,0.0,0.0,401.0,401.0,0.0,0.0,762.0,329.0,520.0,443.0,65.0,65.0,2807807
CENTRE VAL DE LOIRE,2014-03-04 18:30:00,2014,63,18:30:00,63.77,63.0,10550.0,21.0,1.0,53.0,48.0,0.0,-8075.0,0.0,0.0,162.0,162.0,11630.0,11630.0,739.0,215.0,91.0,91.0,56.0,56.0,2577435
ILE DE FRANCE,2019-12-03 03:30:00,2019,337,03:30:00,337.15,592.0,0.0,16.0,0.0,10.0,117.0,0.0,8231.0,0.0,0.0,2170.0,2170.0,0.0,0.0,108.0,143.0,20.0,20.0,314.0,314.0,12262544
HAUTS DE FRANCE,2015-09-06 11:00:00,2015,249,11:00:00,249.46,238.0,2914.0,398.0,52.0,0.0,80.0,0.0,988.0,0.0,0.0,2301.0,2051.0,5460.0,4550.0,2765.0,213.0,5.0,5.0,160.0,160.0,6009976
AUVERGNE RHONE ALPES,2016-10-13 15:30:00,2016,287,15:30:00,287.65,510.0,8795.0,131.0,136.0,2624.0,76.0,-6.0,-3503.0,0.0,0.0,966.0,966.0,13570.0,12667.0,399.0,932.0,11226.0,11025.0,177.0,177.0,7916889
ILE DE FRANCE,2021-01-05 08:00:00,2021,5,08:00:00,5.33,547.0,0.0,9.0,0.0,5.0,141.0,0.0,11291.0,0.0,0.0,2171.0,2171.0,0.0,0.0,125.0,170.0,20.0,20.0,314.0,314.0,12317279
PAYS DE LA LOIRE,2016-12-24 12:00:00,2016,359,12:00:00,359.5,838.0,0.0,43.0,97.0,1.0,47.0,0.0,2367.0,0.0,0.0,1905.0,1404.0,0.0,0.0,697.0,491.0,8.0,8.0,63.0,63.0,3737632
BRETAGNE,2022-02-08 01:00:00,2022,39,01:00:00,39.04,694.0,0.0,31.0,0.0,5.0,58.0,-57.0,2121.0,0.0,0.0,1432.0,986.0,0.0,0.0,1149.0,360.0,272.0,272.0,82.0,82.0,3414637
NORMANDIE,2020-01-25 08:00:00,2020,25,08:00:00,25.33,427.0,6470.0,77.0,0.0,23.0,57.0,0.0,-2647.0,0.0,0.0,833.0,833.0,10640.0,9310.0,806.0,262.0,31.0,31.0,109.0,109.0,3325522
GRAND EST,2016-01-16 21:30:00,2016,16,21:30:00,16.9,1500.0,12316.0,349.0,0.0,1212.0,113.0,0.0,-9176.0,0.0,0.0,3424.0,3264.0,10820.0,10650.0,2569.0,525.0,2285.0,2083.0,119.0,119.0,5555186
NORMANDIE,2018-01-24 21:00:00,2018,24,21:00:00,24.88,425.0,8277.0,182.0,0.0,15.0,59.0,0.0,-5235.0,0.0,0.0,813.0,813.0,10640.0,9310.0,705.0,233.0,31.0,31.0,102.0,102.0,3327477
NORMANDIE,2019-08-23 13:30:00,2019,235,13:30:00,235.56,223.0,4171.0,27.0,117.0,8.0,58.0,0.0,-1914.0,0.0,0.0,833.0,253.0,10640.0,9452.0,806.0,257.0,31.0,31.0,107.0,107.0,3325032
HAUTS DE FRANCE,2018-02-22 10:00:00,2018,53,10:00:00,53.42,2153.0,5442.0,1009.0,39.0,2.0,134.0,0.0,-557.0,0.0,0.0,2922.0,2922.0,5460.0,4550.0,3809.0,217.0,5.0,5.0,170.0,170.0,6004108
GRAND EST,2013-07-18 00:00:00,2013,199,00:00:00,199.0,1064.0,9659.0,655.0,0.0,1025.0,43.0,0.0,-7586.0,0.0,0.0,3398.0,3398.0,10820.0,9520.0,1902.0,505.0,2280.0,2280.0,93.0,93.0,5552388
AUVERGNE RHONE ALPES,2016-11-11 03:30:00,2016,316,03:30:00,316.15,673.0,7053.0,230.0,0.0,2024.0,130.0,-1541.0,-863.0,0.0,0.0,982.0,982.0,13570.0,12668.0,399.0,932.0,11229.0,10965.0,177.0,177.0,7916889
BRETAGNE,2021-12-04 15:00:00,2021,338,15:00:00,338.62,224.0,0.0,626.0,61.0,153.0,55.0,-1.0,1559.0,0.0,0.0,1428.0,982.0,0.0,0.0,1125.0,352.0,272.0,272.0,82.0,82.0,3394567
PROVENCE ALPES COTE D AZUR,2013-06-10 17:30:00,2013,161,17:30:00,161.73,166.0,0.0,7.0,238.0,1957.0,27.0,-2.0,1847.0,0.0,0.0,2590.0,2528.0,0.0,0.0,45.0,695.0,3158.0,3158.0,151.0,151.0,4953675
HAUTS DE FRANCE,2018-04-16 12:00:00,2018,106,12:00:00,106.5,514.0,3576.0,141.0,62.0,3.0,99.0,0.0,1660.0,0.0,0.0,2922.0,2658.0,5460.0,4550.0,3829.0,218.0,5.0,5.0,170.0,170.0,6004108
BRETAGNE,2022-04-05 08:00:00,2022,95,08:00:00,95.33,1015.0,0.0,115.0,0.0,17.0,47.0,-1.0,2120.0,0.0,0.0,1432.0,1347.0,0.0,0.0,1179.0,364.0,272.0,272.0,82.0,82.0,3414637
PAYS DE LA LOIRE,2019-11-06 04:00:00,2019,310,04:00:00,310.17,410.0,0.0,164.0,0.0,2.0,52.0,0.0,2163.0,0.0,0.0,2037.0,2037.0,0.0,0.0,933.0,609.0,10.0,10.0,75.0,75.0,3806461
CENTRE VAL DE LOIRE,2015-01-25 03:30:00,2015,25,03:30:00,25.15,77.0,11584.0,149.0,0.0,7.0,49.0,0.0,-9079.0,0.0,0.0,166.0,166.0,11630.0,11630.0,801.0,225.0,91.0,91.0,71.0,71.0,2578592
PROVENCE ALPES COTE D AZUR,2017-07-25 03:00:00,2017,206,03:00:00,206.12,663.0,0.0,8.0,0.0,521.0,194.0,-51.0,2143.0,0.0,0.0,2630.0,2257.0,0.0,0.0,48.0,1150.0,3220.0,3094.0,354.0,354.0,5030890
PAYS DE LA LOIRE,2020-08-17 17:00:00,2020,230,17:00:00,230.71,32.0,0.0,181.0,257.0,0.0,58.0,0.0,1873.0,0.0,0.0,2050.0,1905.0,0.0,0.0,1000.0,656.0,10.0,10.0,77.0,77.0,3832120
ILE DE FRANCE,2013-08-29 22:30:00,2013,241,22:30:00,241.94,342.0,0.0,1.0,0.0,6.0,143.0,0.0,6154.0,0.0,0.0,2121.0,1536.0,0.0,0.0,37.0,109.0,19.0,19.0,282.0,282.0,11959807
BOURGOGNE FRANCHE COMTE,2013-07-25 19:00:00,2013,206,19:00:00,206.79,27.0,0.0,0.0,31.0,41.0,7.0,0.0,2328.0,0.0,0.0,301.0,301.0,0.0,0.0,204.0,230.0,480.0,480.0,25.0,25.0,2819783
BRETAGNE,2020-04-08 03:00:00,2020,99,03:00:00,99.12,1.0,0.0,3.0,0.0,204.0,36.0,-1.0,1730.0,0.0,0.0,978.0,868.0,0.0,0.0,1028.0,280.0,272.0,272.0,79.0,79.0,3373835
PAYS DE LA LOIRE,2017-11-02 04:00:00,2017,306,04:00:00,306.17,1337.0,0.0,26.0,0.0,0.0,46.0,0.0,950.0,0.0,0.0,1937.0,1370.0,0.0,0.0,747.0,507.0,8.0,8.0,66.0,66.0,3757600
OCCITANIE,2021-02-18 01:30:00,2021,49,01:30:00,49.06,91.0,2528.0,397.0,0.0,1266.0,93.0,-479.0,668.0,0.0,0.0,318.0,318.0,2620.0,2620.0,1593.0,2451.0,5499.0,5266.0,172.0,172.0,6022176
BOURGOGNE FRANCHE COMTE,2020-01-04 06:00:00,2020,4,06:00:00,4.25,173.0,0.0,104.0,0.0,77.0,28.0,0.0,1906.0,0.0,0.0,401.0,401.0,0.0,0.0,864.0,344.0,521.0,521.0,69.0,69.0,2801695
PAYS DE LA LOIRE,2016-06-26 15:30:00,2016,178,15:30:00,178.65,19.0,0.0,59.0,192.0,3.0,41.0,0.0,1617.0,0.0,0.0,1880.0,1337.0,0.0,0.0,649.0,467.0,8.0,8.0,62.0,62.0,3737632
HAUTS DE FRANCE,2017-08-02 10:00:00,2017,214,10:00:00,214.42,686.0,2693.0,182.0,29.0,0.0,116.0,0.0,1202.0,0.0,0.0,2910.0,2699.0,5460.0,4634.0,3557.0,215.0,5.0,5.0,165.0,165.0,6003815
HAUTS DE FRANCE,2013-04-03 14:30:00,2013,93,14:30:00,93.6,1328.0,3614.0,412.0,49.0,1.0,59.0,0.0,2074.0,0.0,0.0,2268.0,2268.0,5460.0,5460.0,2114.0,210.0,4.0,4.0,138.0,138.0,5987883
HAUTS DE FRANCE,2019-10-16 08:00:00,2019,289,08:00:00,289.33,1662.0,2611.0,2421.0,0.0,1.0,124.0,0.0,-842.0,0.0,0.0,2969.0,2802.0,5460.0,4550.0,4636.0,239.0,5.0,5.0,180.0,180.0,6004947
OCCITANIE,2016-08-21 07:30:00,2016,234,07:30:00,234.31,1.0,1650.0,445.0,13.0,409.0,98.0,-272.0,126.0,0.0,0.0,266.0,266.0,2620.0,2620.0,1142.0,1623.0,5463.0,5249.0,139.0,139.0,5808435
BRETAGNE,2017-07-02 21:00:00,2017,183,21:00:00,183.88,1.0,0.0,71.0,8.0,119.0,50.0,-1.0,1385.0,0.0,0.0,848.0,763.0,0.0,0.0,916.0,238.0,275.0,275.0,66.0,66.0,3318904
CENTRE VAL DE LOIRE,2019-06-20 17:00:00,2019,171,17:00:00,171.71,0.0,8241.0,50.0,121.0,14.0,53.0,0.0,-6715.0,0.0,0.0,229.0,229.0,11630.0,10624.0,1168.0,316.0,91.0,91.0,85.0,85.0,2573180
CENTRE VAL DE LOIRE,2018-04-15 14:00:00,2018,105,14:00:00,105.58,0.0,8458.0,79.0,87.0,15.0,63.0,0.0,-6974.0,0.0,0.0,216.0,216.0,11630.0,10750.0,996.0,286.0,91.0,91.0,76.0,76.0,2572853
OCCITANIE,2017-11-20 06:00:00,2017,324,06:00:00,324.25,69.0,2596.0,326.0,0.0,266.0,95.0,-16.0,1649.0,0.0,0.0,282.0,282.0,2620.0,2620.0,1273.0,1775.0,5477.0,5250.0,145.0,145.0,5845102
AUVERGNE RHONE ALPES,2019-03-17 22:30:00,2019,76,22:30:00,76.94,187.0,9871.0,237.0,0.0,3738.0,137.0,-89.0,-6388.0,0.0,0.0,1027.0,1027.0,13570.0,12783.0,607.0,1131.0,11241.0,11045.0,189.0,189.0,8042936
BRETAGNE,2013-01-10 11:30:00,2013,10,11:30:00,10.48,63.0,0.0,70.0,9.0,167.0,16.0,-1.0,3213.0,0.0,0.0,658.0,658.0,0.0,0.0,716.0,201.0,11.0,11.0,36.0,36.0,3258707
NORMANDIE,2023-01-25 18:00:00,2023,25,18:00:00,25.75,463.0,6324.0,54.0,0.0,15.0,78.0,0.0,-2383.0,0.0,0.0,853.0,853.0,10640.0,9475.0,965.0,326.0,31.0,31.0,149.0,149.0,3317023
NORMANDIE,2019-07-07 13:30:00,2019,188,13:30:00,188.56,179.0,6178.0,39.0,89.0,8.0,47.0,0.0,-4162.0,0.0,0.0,833.0,833.0,10640.0,9310.0,801.0,255.0,31.0,31.0,106.0,106.0,3325032
AUVERGNE RHONE ALPES,2013-02-01 02:30:00,2013,32,02:30:00,32.1,248.0,10815.0,32.0,0.0,3144.0,76.0,-1677.0,-4320.0,0.0,0.0,914.0,914.0,13570.0,13570.0,335.0,707.0,11115.0,11115.0,105.0,105.0,7757595
PAYS DE LA LOIRE,2014-02-20 02:30:00,2014,51,02:30:00,51.1,143.0,0.0,273.0,0.0,3.0,46.0,0.0,2970.0,0.0,0.0,1864.0,1864.0,0.0,0.0,518.0,404.0,6.0,6.0,58.0,58.0,3690833
PAYS DE LA LOIRE,2017-08-06 22:00:00,2017,218,22:00:00,218.92,5.0,0.0,77.0,0.0,0.0,42.0,0.0,1905.0,0.0,0.0,1921.0,1295.0,0.0,0.0,727.0,503.0,8.0,8.0,66.0,66.0,3757600
CENTRE VAL DE LOIRE,2021-10-26 08:30:00,2021,299,08:30:00,299.35,21.0,5576.0,79.0,0.0,19.0,52.0,0.0,-3549.0,0.0,0.0,229.0,229.0,11630.0,10732.0,1360.0,607.0,92.0,92.0,90.0,90.0,2573303
NORMANDIE,2020-05-18 05:30:00,2020,139,05:30:00,139.23,197.0,4743.0,73.0,0.0,15.0,48.0,0.0,-2856.0,0.0,0.0,838.0,258.0,10640.0,9446.0,816.0,263.0,31.0,31.0,111.0,111.0,3325522
ILE DE FRANCE,2019-05-07 08:00:00,2019,127,08:00:00,127.33,-2.0,0.0,6.0,8.0,10.0,124.0,0.0,8964.0,0.0,0.0,2170.0,2038.0,0.0,0.0,88.0,126.0,20.0,20.0,306.0,306.0,12262544
ILE DE FRANCE,2019-04-10 21:00:00,2019,100,21:00:00,100.88,-2.0,0.0,7.0,0.0,11.0,107.0,0.0,9044.0,0.0,0.0,2170.0,2170.0,0.0,0.0,88.0,125.0,20.0,20.0,306.0,306.0,12262544
NORMANDIE,2016-06-25 06:00:00,2016,177,06:00:00,177.25,616.0,6206.0,45.0,0.0,6.0,48.0,0.0,-4760.0,0.0,0.0,773.0,193.0,10640.0,9310.0,587.0,218.0,31.0,31.0,95.0,95.0,3335929
BRETAGNE,2021-09-03 16:30:00,2021,246,16:30:00,246.69,6.0,0.0,25.0,134.0,0.0,54.0,-1.0,1849.0,0.0,0.0,1428.0,1428.0,0.0,0.0,1106.0,344.0,272.0,272.0,82.0,82.0,3394567
CENTRE VAL DE LOIRE,2013-09-23 20:30:00,2013,266,20:30:00,266.85,6.0,6198.0,215.0,0.0,5.0,23.0,0.0,-4471.0,0.0,0.0,162.0,162.0,11630.0,11630.0,725.0,212.0,91.0,91.0,56.0,56.0,2570548
AUVERGNE RHONE ALPES,2016-10-12 16:30:00,2016,286,16:30:00,286.69,502.0,8801.0,71.0,207.0,2555.0,79.0,-5.0,-4257.0,0.0,0.0,966.0,966.0,13570.0,12680.0,399.0,932.0,11226.0,11039.0,177.0,177.0,7916889
OCCITANIE,2020-10-04 05:30:00,2020,278,05:30:00,278.23,0.0,327.0,217.0,0.0,1088.0,70.0,-496.0,1879.0,0.0,0.0,314.0,314.0,2620.0,1310.0,1593.0,2291.0,5496.0,5168.0,172.0,172.0,5973969
ILE DE FRANCE,2015-03-26 08:00:00,2015,85,08:00:00,85.33,722.0,0.0,9.0,8.0,7.0,118.0,0.0,10435.0,0.0,0.0,2144.0,1954.0,0.0,0.0,37.0,112.0,19.0,19.0,286.0,286.0,12082144
GRAND EST,2017-06-17 00:00:00,2017,168,00:00:00,168.0,1021.0,10058.0,529.0,0.0,1358.0,68.0,0.0,-8341.0,0.0,0.0,3453.0,2858.0,10820.0,9730.0,2914.0,542.0,2298.0,2000.0,140.0,140.0,5549586
PAYS DE LA LOIRE,2021-07-25 19:00:00,2021,206,19:00:00,206.79,0.0,0.0,308.0,157.0,2.0,62.0,0.0,1492.0,0.0,0.0,2056.0,2056.0,0.0,0.0,1105.0,753.0,10.0,10.0,78.0,78.0,3853999
NOUVELLE AQUITAINE,2013-02-24 15:00:00,2013,55,15:00:00,55.62,244.0,6547.0,118.0,128.0,530.0,132.0,0.0,-719.0,0.0,0.0,418.0,418.0,6630.0,6630.0,356.0,947.0,1759.0,1759.0,208.0,208.0,5844177
BRETAGNE,2014-06-16 21:00:00,2014,167,21:00:00,167.88,1.0,0.0,393.0,7.0,40.0,28.0,-1.0,1469.0,0.0,0.0,688.0,688.0,0.0,0.0,763.0,212.0,272.0,272.0,51.0,51.0,3276543
CENTRE VAL DE LOIRE,2020-03-22 04:30:00,2020,82,04:30:00,82.19,99.0,8847.0,531.0,0.0,14.0,56.0,0.0,-7813.0,0.0,0.0,229.0,229.0,11630.0,10740.0,1238.0,361.0,92.0,92.0,86.0,86.0,2574863
PAYS DE LA LOIRE,2014-03-21 23:00:00,2014,80,23:00:00,80.96,123.0,0.0,240.0,0.0,4.0,37.0,0.0,3272.0,0.0,0.0,1864.0,1864.0,0.0,0.0,518.0,406.0,6.0,6.0,58.0,58.0,3690833
BRETAGNE,2020-10-06 21:00:00,2020,280,21:00:00,280.88,1.0,0.0,446.0,1.0,7.0,41.0,-1.0,2112.0,0.0,0.0,978.0,877.0,0.0,0.0,1039.0,290.0,272.0,272.0,81.0,81.0,3373835
BOURGOGNE FRANCHE COMTE,2022-04-16 09:00:00,2022,106,09:00:00,106.38,25.0,0.0,232.0,118.0,118.0,56.0,0.0,1388.0,0.0,0.0,401.0,401.0,0.0,0.0,1049.0,524.0,524.0,524.0,74.0,74.0,2797366
ILE DE FRANCE,2018-12-15 15:00:00,2018,349,15:00:00,349.62,559.0,0.0,27.0,2.0,10.0,155.0,0.0,11589.0,0.0,0.0,2169.0,2169.0,0.0,0.0,88.0,124.0,20.0,20.0,306.0,306.0,12213447
NORMANDIE,2016-06-15 18:00:00,2016,167,18:00:00,167.75,700.0,7688.0,63.0,33.0,7.0,42.0,0.0,-5830.0,0.0,0.0,773.0,193.0,10640.0,9310.0,563.0,218.0,31.0,31.0,95.0,95.0,3335929
CENTRE VAL DE LOIRE,2015-05-30 05:00:00,2015,150,05:00:00,150.21,1.0,8047.0,58.0,0.0,1.0,44.0,0.0,-6780.0,0.0,0.0,166.0,166.0,11630.0,10587.0,818.0,236.0,91.0,91.0,71.0,71.0,2578592
CENTRE VAL DE LOIRE,2015-07-28 01:30:00,2015,209,01:30:00,209.06,1.0,7041.0,241.0,0.0,0.0,56.0,0.0,-5711.0,0.0,0.0,166.0,166.0,11630.0,10730.0,832.0,238.0,91.0,91.0,71.0,71.0,2578592
BOURGOGNE FRANCHE COMTE,2013-05-24 21:00:00,2013,144,21:00:00,144.88,28.0,0.0,11.0,0.0,253.0,14.0,0.0,2426.0,0.0,0.0,301.0,301.0,0.0,0.0,204.0,228.0,480.0,480.0,24.0,24.0,2819783
OCCITANIE,2014-12-05 08:30:00,2014,339,08:30:00,339.35,65.0,1261.0,341.0,1.0,2435.0,91.0,-16.0,1500.0,0.0,0.0,254.0,0.0,2620.0,2620.0,943.0,1318.0,5431.0,5431.0,132.0,132.0,5730753
PROVENCE ALPES COTE D AZUR,2017-01-10 02:00:00,2017,10,02:00:00,10.08,748.0,0.0,14.0,0.0,1398.0,115.0,-51.0,4042.0,0.0,0.0,2630.0,2385.0,0.0,0.0,48.0,1056.0,3193.0,3193.0,354.0,354.0,5030890
AUVERGNE RHONE ALPES,2015-07-15 01:00:00,2015,196,01:00:00,196.04,34.0,10785.0,97.0,0.0,1658.0,96.0,-597.0,-6257.0,0.0,0.0,944.0,944.0,13570.0,13044.0,372.0,883.0,11183.0,10903.0,141.0,141.0,7877698
CENTRE VAL DE LOIRE,2015-06-05 03:00:00,2015,156,03:00:00,156.12,1.0,8786.0,245.0,0.0,1.0,47.0,0.0,-7374.0,0.0,0.0,166.0,166.0,11630.0,10728.0,832.0,236.0,91.0,91.0,71.0,71.0,2578592
PAYS DE LA LOIRE,2020-03-10 10:00:00,2020,70,10:00:00,70.42,572.0,0.0,610.0,45.0,4.0,48.0,0.0,2948.0,0.0,0.0,2050.0,1857.0,0.0,0.0,989.0,631.0,10.0,10.0,76.0,76.0,3832120
PROVENCE ALPES COTE D AZUR,2014-09-15 10:00:00,2014,258,10:00:00,258.42,96.0,0.0,4.0,135.0,1010.0,28.0,0.0,3082.0,0.0,0.0,2592.0,2200.0,0.0,0.0,45.0,872.0,3168.0,3168.0,170.0,170.0,4983438
BRETAGNE,2022-03-22 15:30:00,2022,81,15:30:00,81.65,637.0,0.0,329.0,161.0,216.0,48.0,-1.0,1069.0,0.0,0.0,1432.0,1257.0,0.0,0.0,1149.0,362.0,272.0,272.0,82.0,82.0,3414637
AUVERGNE RHONE ALPES,2022-11-05 12:00:00,2022,309,12:00:00,309.5,568.0,6345.0,199.0,715.0,1854.0,103.0,-258.0,-2500.0,0.0,0.0,1050.0,1050.0,13570.0,12683.0,723.0,1820.0,11789.0,11687.0,208.0,208.0,8155762
ILE DE FRANCE,2017-04-21 01:30:00,2017,111,01:30:00,111.06,-2.0,0.0,7.0,0.0,11.0,144.0,0.0,7218.0,0.0,0.0,2149.0,1834.0,0.0,0.0,73.0,116.0,19.0,19.0,301.0,301.0,12174880
PAYS DE LA LOIRE,2019-10-14 14:00:00,2019,287,14:00:00,287.58,415.0,0.0,282.0,129.0,0.0,54.0,0.0,2215.0,0.0,0.0,2037.0,2037.0,0.0,0.0,926.0,600.0,10.0,10.0,75.0,75.0,3806461
NORMANDIE,2017-06-17 14:30:00,2017,168,14:30:00,168.6,242.0,4481.0,6.0,81.0,10.0,53.0,0.0,-2392.0,0.0,0.0,785.0,205.0,10640.0,9409.0,622.0,222.0,31.0,31.0,98.0,98.0,3330478
PROVENCE ALPES COTE D AZUR,2016-10-14 22:30:00,2016,288,22:30:00,288.94,1945.0,0.0,1.0,0.0,1151.0,85.0,0.0,1220.0,0.0,0.0,2614.0,2369.0,0.0,0.0,48.0,1048.0,3192.0,3192.0,354.0,354.0,5021928
PAYS DE LA LOIRE,2021-01-26 03:00:00,2021,26,03:00:00,26.12,1078.0,0.0,75.0,0.0,6.0,45.0,0.0,3175.0,0.0,0.0,2054.0,2054.0,0.0,0.0,1046.0,690.0,10.0,10.0,78.0,78.0,3853999
PAYS DE LA LOIRE,2020-05-16 21:00:00,2020,137,21:00:00,137.88,0.0,0.0,181.0,11.0,2.0,54.0,0.0,1913.0,0.0,0.0,2050.0,1760.0,0.0,0.0,989.0,637.0,10.0,10.0,77.0,77.0,3832120
PROVENCE ALPES COTE D AZUR,2013-09-10 13:30:00,2013,253,13:30:00,253.56,732.0,0.0,1.0,391.0,1173.0,72.0,0.0,2153.0,0.0,0.0,2590.0,2316.0,0.0,0.0,45.0,722.0,3158.0,3158.0,151.0,151.0,4953675
PROVENCE ALPES COTE D AZUR,2014-01-06 09:00:00,2014,6,09:00:00,6.38,260.0,0.0,1.0,40.0,1260.0,67.0,0.0,4513.0,0.0,0.0,2592.0,2318.0,0.0,0.0,45.0,783.0,3160.0,3160.0,151.0,151.0,4983438
GRAND EST,2013-09-30 03:30:00,2013,273,03:30:00,273.15,69.0,8130.0,334.0,0.0,705.0,31.0,-345.0,-5276.0,0.0,0.0,3398.0,3398.0,10820.0,9520.0,1943.0,506.0,2281.0,2281.0,93.0,93.0,5552388
HAUTS DE FRANCE,2018-03-31 15:30:00,2018,90,15:30:00,90.65,480.0,3449.0,775.0,29.0,2.0,110.0,0.0,947.0,0.0,0.0,2922.0,2771.0,5460.0,4550.0,3829.0,218.0,5.0,5.0,170.0,170.0,6004108
HAUTS DE FRANCE,2018-12-02 17:30:00,2018,336,17:30:00,336.73,598.0,5252.0,1880.0,0.0,1.0,104.0,0.0,-2009.0,0.0,0.0,2967.0,2382.0,5460.0,4799.0,4173.0,234.0,5.0,5.0,177.0,177.0,6004108
GRAND EST,2017-11-29 23:00:00,2017,333,23:00:00,333.96,2048.0,9286.0,399.0,0.0,869.0,121.0,-6.0,-6232.0,0.0,0.0,3471.0,2960.0,10820.0,9666.0,3040.0,550.0,2299.0,1995.0,141.0,141.0,5549586
PAYS DE LA LOIRE,2019-01-24 16:00:00,2019,24,16:00:00,24.67,1437.0,0.0,13.0,61.0,5.0,44.0,0.0,2993.0,0.0,0.0,2034.0,1819.0,0.0,0.0,897.0,561.0,8.0,8.0,70.0,70.0,3806461
ILE DE FRANCE,2022-04-30 08:30:00,2022,120,08:30:00,120.35,0.0,0.0,16.0,21.0,7.0,137.0,0.0,5925.0,0.0,0.0,2171.0,2034.0,0.0,0.0,148.0,218.0,20.0,20.0,314.0,314.0,12354286
NOUVELLE AQUITAINE,2016-08-25 05:00:00,2016,238,05:00:00,238.21,35.0,4565.0,24.0,-1.0,84.0,153.0,0.0,-1245.0,0.0,0.0,429.0,429.0,6630.0,5871.0,625.0,1883.0,1779.0,1624.0,280.0,280.0,5935603
BOURGOGNE FRANCHE COMTE,2021-05-11 12:30:00,2021,131,12:30:00,131.52,58.0,0.0,27.0,118.0,99.0,50.0,0.0,2271.0,0.0,0.0,401.0,401.0,0.0,0.0,955.0,423.0,523.0,523.0,71.0,71.0,2800194
BRETAGNE,2022-02-28 22:30:00,2022,59,22:30:00,59.94,778.0,0.0,200.0,0.0,177.0,55.0,-1.0,1710.0,0.0,0.0,1432.0,1234.0,0.0,0.0,1149.0,361.0,272.0,272.0,82.0,82.0,3414637
BOURGOGNE FRANCHE COMTE,2019-05-12 22:30:00,2019,132,22:30:00,132.94,21.0,0.0,397.0,0.0,113.0,47.0,-1.0,1643.0,0.0,0.0,401.0,401.0,0.0,0.0,821.0,334.0,520.0,520.0,67.0,67.0,2805580
HAUTS DE FRANCE,2014-06-06 17:00:00,2014,157,17:00:00,157.71,213.0,3170.0,191.0,68.0,2.0,83.0,0.0,1913.0,0.0,0.0,2289.0,2056.0,5460.0,5070.0,2316.0,211.0,5.0,5.0,139.0,139.0,6006156
GRAND EST,2022-08-27 20:30:00,2022,239,20:30:00,239.85,1251.0,3715.0,760.0,3.0,1168.0,146.0,0.0,-3031.0,0.0,0.0,3590.0,3163.0,10820.0,9786.0,4290.0,1082.0,2308.0,1954.0,235.0,235.0,5563889
BOURGOGNE FRANCHE COMTE,2017-12-06 11:00:00,2017,340,11:00:00,340.46,173.0,0.0,47.0,38.0,68.0,22.0,0.0,3353.0,0.0,0.0,356.0,356.0,0.0,0.0,676.0,304.0,520.0,520.0,35.0,35.0,2811423
NOUVELLE AQUITAINE,2018-10-21 12:30:00,2018,294,12:30:00,294.52,59.0,4991.0,59.0,1219.0,48.0,174.0,0.0,-2369.0,0.0,0.0,485.0,485.0,6630.0,5135.0,947.0,2409.0,1781.0,1781.0,318.0,318.0,5979778
OCCITANIE,2018-05-03 11:00:00,2018,123,11:00:00,123.46,0.0,2579.0,819.0,666.0,2039.0,74.0,-10.0,-1719.0,0.0,0.0,291.0,291.0,2620.0,2620.0,1389.0,1891.0,5482.0,5200.0,146.0,146.0,5885496
HAUTS DE FRANCE,2016-01-17 11:00:00,2016,17,11:00:00,17.46,627.0,5360.0,26.0,26.0,2.0,122.0,0.0,777.0,0.0,0.0,2301.0,2301.0,5460.0,5335.0,2878.0,213.0,5.0,5.0,160.0,160.0,6006870
HAUTS DE FRANCE,2022-08-15 11:00:00,2022,227,11:00:00,227.46,1300.0,2578.0,500.0,150.0,0.0,101.0,0.0,-633.0,0.0,0.0,2996.0,2885.0,5460.0,4550.0,5870.0,448.0,6.0,6.0,197.0,197.0,5990765
CENTRE VAL DE LOIRE,2016-05-29 18:30:00,2016,150,18:30:00,150.77,0.0,7625.0,121.0,16.0,14.0,50.0,0.0,-6407.0,0.0,0.0,170.0,170.0,11630.0,10816.0,874.0,249.0,91.0,91.0,71.0,71.0,2577866
OCCITANIE,2021-12-11 11:00:00,2021,345,11:00:00,345.46,84.0,1235.0,818.0,764.0,1275.0,81.0,-36.0,1566.0,0.0,0.0,326.0,326.0,2620.0,2620.0,1593.0,2768.0,5500.0,5465.0,173.0,173.0,6022176
BRETAGNE,2017-04-07 13:30:00,2017,97,13:30:00,97.56,1.0,0.0,22.0,136.0,67.0,43.0,-1.0,2347.0,0.0,0.0,848.0,848.0,0.0,0.0,887.0,234.0,275.0,275.0,61.0,61.0,3318904
OCCITANIE,2018-07-30 23:00:00,2018,211,23:00:00,211.96,0.0,1234.0,28.0,0.0,1578.0,80.0,-10.0,1903.0,0.0,0.0,295.0,295.0,2620.0,1310.0,1425.0,1926.0,5485.0,5259.0,146.0,146.0,5885496
AUVERGNE RHONE ALPES,2021-08-03 03:30:00,2021,215,03:30:00,215.15,8.0,9366.0,49.0,0.0,2702.0,125.0,-1464.0,-5969.0,0.0,0.0,1047.0,1047.0,13570.0,12690.0,723.0,1507.0,11771.0,11626.0,208.0,208.0,8114361
HAUTS DE FRANCE,2022-08-18 04:30:00,2022,230,04:30:00,230.19,803.0,2597.0,284.0,0.0,0.0,120.0,0.0,-138.0,0.0,0.0,2996.0,2857.0,5460.0,4550.0,5882.0,449.0,6.0,6.0,197.0,197.0,5990765
NOUVELLE AQUITAINE,2020-06-29 20:30:00,2020,181,20:30:00,181.85,11.0,1227.0,192.0,211.0,292.0,194.0,0.0,1902.0,0.0,0.0,571.0,571.0,6630.0,5568.0,1153.0,2689.0,1783.0,1674.0,341.0,341.0,6033952
CENTRE VAL DE LOIRE,2021-01-07 21:30:00,2021,7,21:30:00,7.9,122.0,10309.0,87.0,0.0,13.0,65.0,0.0,-7708.0,0.0,0.0,229.0,229.0,11630.0,10587.0,1278.0,418.0,92.0,92.0,88.0,88.0,2573303
AUVERGNE RHONE ALPES,2017-11-30 00:30:00,2017,334,00:30:00,334.02,594.0,7130.0,98.0,0.0,2843.0,139.0,-7.0,-1232.0,0.0,0.0,1000.0,1000.0,13570.0,12723.0,548.0,981.0,11247.0,11007.0,179.0,179.0,7948287
CENTRE VAL DE LOIRE,2017-06-16 23:30:00,2017,167,23:30:00,167.98,0.0,5892.0,263.0,0.0,0.0,56.0,0.0,-4229.0,0.0,0.0,198.0,198.0,11630.0,10686.0,947.0,268.0,91.0,91.0,76.0,76.0,2576252
PAYS DE LA LOIRE,2020-02-02 10:30:00,2020,33,10:30:00,33.44,190.0,0.0,816.0,21.0,4.0,49.0,0.0,1919.0,0.0,0.0,2050.0,1857.0,0.0,0.0,977.0,627.0,10.0,10.0,76.0,76.0,3832120
OCCITANIE,2018-11-19 16:00:00,2018,323,16:00:00,323.67,80.0,2590.0,40.0,144.0,1155.0,89.0,0.0,1056.0,0.0,0.0,303.0,303.0,2620.0,1708.0,1461.0,1976.0,5485.0,5297.0,146.0,146.0,5885496
GRAND EST,2017-04-16 02:00:00,2017,106,02:00:00,106.08,40.0,6985.0,492.0,0.0,569.0,93.0,-4.0,-3884.0,0.0,0.0,3453.0,2858.0,10820.0,9568.0,2879.0,536.0,2298.0,2070.0,140.0,140.0,5549586
HAUTS DE FRANCE,2019-07-11 06:00:00,2019,192,06:00:00,192.25,1290.0,3424.0,164.0,0.0,1.0,134.0,0.0,-492.0,0.0,0.0,2969.0,2740.0,5460.0,4730.0,4531.0,237.0,5.0,5.0,178.0,178.0,6004947
AUVERGNE RHONE ALPES,2022-03-18 06:30:00,2022,77,06:30:00,77.27,241.0,9873.0,219.0,0.0,1992.0,131.0,-4.0,-4362.0,0.0,0.0,1048.0,1048.0,13570.0,12658.0,723.0,1660.0,11780.0,11629.0,208.0,208.0,8155762
BRETAGNE,2014-09-21 11:30:00,2014,264,11:30:00,264.48,1.0,0.0,119.0,37.0,152.0,29.0,-1.0,1403.0,0.0,0.0,688.0,688.0,0.0,0.0,781.0,216.0,272.0,272.0,52.0,52.0,3276543
OCCITANIE,2013-12-30 01:00:00,2013,364,01:00:00,364.04,60.0,2416.0,274.0,0.0,962.0,79.0,-391.0,1767.0,0.0,0.0,251.0,251.0,2620.0,2620.0,889.0,1193.0,5395.0,5395.0,127.0,127.0,5683878
PAYS DE LA LOIRE,2019-07-07 02:30:00,2019,188,02:30:00,188.1,14.0,0.0,90.0,0.0,0.0,54.0,0.0,1824.0,0.0,0.0,2037.0,1674.0,0.0,0.0,926.0,589.0,8.0,8.0,71.0,71.0,3806461
GRAND EST,2018-09-23 07:30:00,2018,266,07:30:00,266.31,85.0,5379.0,2648.0,0.0,305.0,94.0,-354.0,-4677.0,0.0,0.0,3502.0,3089.0,10820.0,9564.0,3155.0,558.0,2301.0,1994.0,159.0,159.0,5550389
CENTRE VAL DE LOIRE,2015-12-23 09:00:00,2015,357,09:00:00,357.38,72.0,11319.0,317.0,0.0,1.0,53.0,0.0,-9310.0,0.0,0.0,168.0,168.0,11630.0,11630.0,842.0,242.0,91.0,91.0,71.0,71.0,2578592
AUVERGNE RHONE ALPES,2015-10-21 03:00:00,2015,294,03:00:00,294.12,357.0,9320.0,192.0,0.0,1253.0,81.0,-1261.0,-2353.0,0.0,0.0,944.0,944.0,13570.0,12559.0,372.0,890.0,11186.0,10965.0,143.0,143.0,7877698
NORMANDIE,2020-11-23 21:30:00,2020,328,21:30:00,328.9,389.0,5963.0,80.0,0.0,13.0,68.0,0.0,-2987.0,0.0,0.0,852.0,852.0,10640.0,9377.0,831.0,271.0,31.0,31.0,116.0,116.0,3325522
PAYS DE LA LOIRE,2014-04-01 23:30:00,2014,91,23:30:00,91.98,889.0,0.0,273.0,0.0,4.0,39.0,0.0,1906.0,0.0,0.0,1864.0,1429.0,0.0,0.0,518.0,407.0,6.0,6.0,58.0,58.0,3690833
BOURGOGNE FRANCHE COMTE,2016-09-12 06:00:00,2016,256,06:00:00,256.25,26.0,0.0,23.0,0.0,10.0,23.0,0.0,1762.0,0.0,0.0,329.0,329.0,0.0,0.0,446.0,264.0,513.0,513.0,31.0,31.0,2818338
CENTRE VAL DE LOIRE,2017-01-26 15:00:00,2017,26,15:00:00,26.62,135.0,11256.0,264.0,97.0,19.0,49.0,0.0,-8406.0,0.0,0.0,198.0,198.0,11630.0,11295.0,917.0,263.0,91.0,91.0,74.0,74.0,2576252
AUVERGNE RHONE ALPES,2017-05-22 19:00:00,2017,142,19:00:00,142.79,382.0,8321.0,31.0,126.0,6381.0,88.0,-7.0,-8288.0,0.0,0.0,985.0,985.0,13570.0,12601.0,486.0,949.0,11246.0,11037.0,178.0,178.0,7948287
PAYS DE LA LOIRE,2018-09-11 02:00:00,2018,254,02:00:00,254.08,9.0,0.0,34.0,0.0,0.0,36.0,0.0,2248.0,0.0,0.0,1976.0,1745.0,0.0,0.0,824.0,550.0,8.0,8.0,70.0,70.0,3781423
OCCITANIE,2018-11-09 23:00:00,2018,313,23:00:00,313.96,80.0,2587.0,180.0,0.0,851.0,97.0,-211.0,1400.0,0.0,0.0,301.0,301.0,2620.0,1310.0,1461.0,1975.0,5485.0,5297.0,146.0,146.0,5885496
PAYS DE LA LOIRE,2016-02-02 16:30:00,2016,33,16:30:00,33.69,486.0,0.0,223.0,18.0,4.0,38.0,0.0,3000.0,0.0,0.0,1880.0,1378.0,0.0,0.0,605.0,458.0,8.0,8.0,61.0,61.0,3737632
OCCITANIE,2015-03-02 23:00:00,2015,61,23:00:00,61.96,69.0,2464.0,352.0,0.0,2679.0,82.0,-16.0,-381.0,0.0,0.0,266.0,266.0,2620.0,2620.0,943.0,1378.0,5441.0,5214.0,133.0,133.0,5774185
NOUVELLE AQUITAINE,2013-01-16 04:30:00,2013,16,04:30:00,16.19,263.0,5162.0,25.0,0.0,304.0,139.0,0.0,85.0,0.0,0.0,418.0,418.0,6630.0,5135.0,356.0,943.0,1757.0,1757.0,208.0,208.0,5844177
GRAND EST,2017-01-24 11:30:00,2017,24,11:30:00,24.48,2211.0,11427.0,8.0,29.0,752.0,114.0,0.0,-6205.0,0.0,0.0,3449.0,2924.0,10820.0,10392.0,2854.0,535.0,2296.0,2080.0,139.0,139.0,5549586
PROVENCE ALPES COTE D AZUR,2015-10-19 09:00:00,2015,292,09:00:00,292.38,2044.0,0.0,8.0,64.0,1773.0,77.0,0.0,862.0,0.0,0.0,2610.0,2145.0,0.0,0.0,48.0,963.0,3171.0,3171.0,183.0,183.0,5007977
NORMANDIE,2015-06-06 00:30:00,2015,157,00:30:00,157.02,244.0,6344.0,112.0,0.0,17.0,51.0,0.0,-3939.0,0.0,0.0,761.0,181.0,10640.0,9310.0,522.0,215.0,24.0,24.0,94.0,94.0,3339131
AUVERGNE RHONE ALPES,2017-10-01 05:00:00,2017,274,05:00:00,274.21,38.0,8028.0,70.0,0.0,705.0,111.0,-1298.0,-2588.0,0.0,0.0,985.0,985.0,13570.0,12607.0,529.0,963.0,11246.0,11031.0,178.0,178.0,7948287
ILE DE FRANCE,2021-10-26 19:00:00,2021,299,19:00:00,299.79,1.0,0.0,10.0,0.0,8.0,150.0,0.0,9114.0,0.0,0.0,2171.0,2171.0,0.0,0.0,148.0,193.0,20.0,20.0,314.0,314.0,12317279
GRAND EST,2021-08-08 11:30:00,2021,220,11:30:00,220.48,30.0,5903.0,1564.0,226.0,1111.0,150.0,0.0,-5449.0,0.0,0.0,3585.0,3585.0,10820.0,9940.0,3939.0,911.0,2305.0,2103.0,208.0,208.0,5561287
BRETAGNE,2015-09-20 17:00:00,2015,263,17:00:00,263.71,0.0,0.0,12.0,66.0,117.0,34.0,-1.0,1268.0,0.0,0.0,724.0,639.0,0.0,0.0,801.0,222.0,275.0,275.0,55.0,55.0,3293850
OCCITANIE,2015-01-24 02:30:00,2015,24,02:30:00,24.1,62.0,2538.0,349.0,0.0,1062.0,92.0,-151.0,2128.0,0.0,0.0,266.0,266.0,2620.0,2620.0,943.0,1360.0,5435.0,5208.0,133.0,133.0,5774185
AUVERGNE RHONE ALPES,2020-08-21 15:30:00,2020,234,15:30:00,234.65,328.0,8121.0,153.0,630.0,2367.0,90.0,-340.0,-4604.0,0.0,0.0,1034.0,1034.0,13570.0,12636.0,647.0,1295.0,11746.0,11573.0,193.0,193.0,8078652
NORMANDIE,2022-08-02 19:00:00,2022,214,19:00:00,214.79,228.0,3642.0,64.0,66.0,4.0,96.0,0.0,-1540.0,0.0,0.0,852.0,852.0,10640.0,9378.0,949.0,315.0,31.0,31.0,149.0,149.0,3327604
CENTRE VAL DE LOIRE,2016-02-19 09:30:00,2016,50,09:30:00,50.4,77.0,11549.0,197.0,41.0,55.0,47.0,0.0,-8704.0,0.0,0.0,170.0,170.0,11630.0,11080.0,844.0,244.0,91.0,91.0,71.0,71.0,2577866
HAUTS DE FRANCE,2023-01-28 23:00:00,2023,28,23:00:00,28.96,2046.0,4533.0,79.0,0.0,2.0,125.0,0.0,-128.0,0.0,0.0,3003.0,2881.0,5460.0,4550.0,6095.0,463.0,6.0,6.0,198.0,198.0,5980697
PAYS DE LA LOIRE,2014-06-02 22:00:00,2014,153,22:00:00,153.92,21.0,0.0,37.0,0.0,2.0,29.0,0.0,2297.0,0.0,0.0,1864.0,1429.0,0.0,0.0,518.0,413.0,7.0,7.0,58.0,58.0,3690833
BRETAGNE,2022-11-02 10:30:00,2022,306,10:30:00,306.44,563.0,0.0,356.0,118.0,2.0,54.0,0.0,1493.0,0.0,0.0,1432.0,1432.0,0.0,0.0,1220.0,406.0,272.0,272.0,83.0,83.0,3414637
CENTRE VAL DE LOIRE,2016-12-29 13:30:00,2016,364,13:30:00,364.56,74.0,11737.0,22.0,65.0,1.0,55.0,0.0,-8912.0,0.0,0.0,198.0,198.0,11630.0,10740.0,917.0,262.0,91.0,91.0,71.0,71.0,2577866
ILE DE FRANCE,2020-06-05 21:30:00,2020,157,21:30:00,157.9,0.0,0.0,14.0,0.0,5.0,142.0,0.0,5923.0,0.0,0.0,2170.0,2053.0,0.0,0.0,108.0,144.0,20.0,20.0,314.0,314.0,12271794
NORMANDIE,2014-03-25 08:30:00,2014,84,08:30:00,84.35,404.0,6490.0,115.0,6.0,29.0,47.0,0.0,-3219.0,0.0,0.0,761.0,181.0,10640.0,10640.0,444.0,211.0,24.0,24.0,89.0,89.0,3335645
PAYS DE LA LOIRE,2015-06-10 09:00:00,2015,161,09:00:00,161.38,3.0,0.0,357.0,47.0,0.0,35.0,0.0,2499.0,0.0,0.0,1867.0,1274.0,0.0,0.0,560.0,451.0,7.0,7.0,61.0,61.0,3718512
ILE DE FRANCE,2016-05-22 23:30:00,2016,143,23:30:00,143.98,-4.0,0.0,10.0,0.0,7.0,124.0,0.0,7179.0,0.0,0.0,2149.0,1747.0,0.0,0.0,61.0,114.0,19.0,19.0,300.0,300.0,12117132
GRAND EST,2021-08-13 18:30:00,2021,225,18:30:00,225.77,107.0,7352.0,225.0,238.0,1289.0,138.0,0.0,-5039.0,0.0,0.0,3585.0,3585.0,10820.0,9940.0,3939.0,926.0,2305.0,2103.0,208.0,208.0,5561287
OCCITANIE,2016-07-24 10:00:00,2016,206,10:00:00,206.42,0.0,2418.0,361.0,553.0,504.0,98.0,-454.0,-320.0,0.0,0.0,266.0,266.0,2620.0,2620.0,1142.0,1611.0,5462.0,5231.0,139.0,139.0,5808435
GRAND EST,2013-11-28 22:30:00,2013,332,22:30:00,332.94,2314.0,10576.0,19.0,0.0,835.0,63.0,-180.0,-6870.0,0.0,0.0,3398.0,3043.0,10820.0,10470.0,1943.0,507.0,2282.0,2282.0,93.0,93.0,5552388
ILE DE FRANCE,2015-03-22 04:30:00,2015,81,04:30:00,81.19,379.0,0.0,4.0,0.0,7.0,126.0,0.0,6904.0,0.0,0.0,2144.0,1894.0,0.0,0.0,37.0,112.0,19.0,19.0,286.0,286.0,12082144
GRAND EST,2019-01-23 00:00:00,2019,23,00:00:00,23.0,2257.0,10283.0,368.0,0.0,722.0,91.0,0.0,-6871.0,0.0,0.0,3531.0,3531.0,10820.0,9760.0,3355.0,562.0,2302.0,1984.0,163.0,163.0,5556219
ILE DE FRANCE,2020-03-16 12:30:00,2020,76,12:30:00,76.52,379.0,0.0,0.0,14.0,0.0,134.0,0.0,9031.0,0.0,0.0,2170.0,2128.0,0.0,0.0,108.0,144.0,20.0,20.0,314.0,314.0,12271794
ILE DE FRANCE,2021-06-07 18:00:00,2021,158,18:00:00,158.75,0.0,0.0,3.0,54.0,11.0,134.0,0.0,6809.0,0.0,0.0,2171.0,2171.0,0.0,0.0,125.0,173.0,20.0,20.0,314.0,314.0,12317279
NOUVELLE AQUITAINE,2020-06-19 03:00:00,2020,171,03:00:00,171.12,12.0,2164.0,120.0,0.0,161.0,185.0,0.0,750.0,0.0,0.0,571.0,571.0,6630.0,5549.0,1153.0,2688.0,1783.0,1672.0,341.0,341.0,6033952
AUVERGNE RHONE ALPES,2014-11-18 19:00:00,2014,322,19:00:00,322.79,606.0,11054.0,42.0,0.0,6367.0,120.0,-7.0,-8401.0,0.0,0.0,940.0,940.0,13570.0,12655.0,347.0,838.0,11161.0,11009.0,141.0,141.0,7820966
PAYS DE LA LOIRE,2013-01-01 14:00:00,2013,1,14:00:00,1.58,131.0,0.0,90.0,95.0,1.0,29.0,0.0,2312.0,0.0,0.0,1837.0,1837.0,0.0,0.0,454.0,385.0,5.0,5.0,57.0,57.0,3660852
PROVENCE ALPES COTE D AZUR,2022-01-08 20:00:00,2022,8,20:00:00,8.83,264.0,0.0,37.0,0.0,828.0,81.0,0.0,5252.0,0.0,0.0,2724.0,2460.0,0.0,0.0,96.0,1750.0,3266.0,3222.0,357.0,357.0,5150362
OCCITANIE,2016-06-04 19:00:00,2016,156,19:00:00,156.79,-2.0,1154.0,105.0,240.0,1878.0,69.0,-256.0,24.0,0.0,0.0,266.0,266.0,2620.0,1310.0,1098.0,1583.0,5462.0,5235.0,139.0,139.0,5808435
NOUVELLE AQUITAINE,2013-09-05 00:30:00,2013,248,00:30:00,248.02,26.0,4569.0,16.0,0.0,75.0,133.0,0.0,-430.0,0.0,0.0,421.0,421.0,6630.0,6630.0,364.0,992.0,1760.0,1760.0,210.0,210.0,5844177
NOUVELLE AQUITAINE,2018-05-29 11:30:00,2018,149,11:30:00,149.48,31.0,4182.0,38.0,658.0,562.0,175.0,0.0,-1010.0,0.0,0.0,482.0,482.0,6630.0,5525.0,924.0,2320.0,1781.0,1667.0,315.0,315.0,5979778
PAYS DE LA LOIRE,2014-08-03 07:00:00,2014,215,07:00:00,215.29,8.0,0.0,11.0,0.0,1.0,36.0,0.0,1443.0,0.0,0.0,1864.0,1429.0,0.0,0.0,518.0,419.0,7.0,7.0,58.0,58.0,3690833
NORMANDIE,2020-11-04 09:30:00,2020,309,09:30:00,309.4,318.0,6400.0,5.0,43.0,19.0,59.0,0.0,-2859.0,0.0,0.0,852.0,852.0,10640.0,9310.0,831.0,270.0,31.0,31.0,115.0,115.0,3325522
OCCITANIE,2022-09-16 05:00:00,2022,259,05:00:00,259.21,14.0,1127.0,507.0,0.0,261.0,81.0,-627.0,1548.0,0.0,0.0,326.0,326.0,2620.0,1310.0,1593.0,3024.0,5504.0,5336.0,175.0,175.0,6067101
NORMANDIE,2014-08-10 06:30:00,2014,222,06:30:00,222.27,224.0,7332.0,164.0,0.0,19.0,51.0,0.0,-5958.0,0.0,0.0,761.0,181.0,10640.0,10640.0,489.0,213.0,24.0,24.0,91.0,91.0,3335645
AUVERGNE RHONE ALPES,2019-07-12 02:30:00,2019,193,02:30:00,193.1,38.0,11184.0,47.0,0.0,2263.0,109.0,-699.0,-7127.0,0.0,0.0,1027.0,626.0,13570.0,12662.0,635.0,1161.0,11247.0,11084.0,190.0,190.0,8042936
HAUTS DE FRANCE,2013-07-20 03:00:00,2013,201,03:00:00,201.12,314.0,4431.0,565.0,0.0,1.0,71.0,0.0,-894.0,0.0,0.0,2268.0,2268.0,5460.0,5460.0,2193.0,210.0,5.0,5.0,139.0,139.0,5987883
GRAND EST,2022-10-24 09:30:00,2022,297,09:30:00,297.4,1413.0,3700.0,2611.0,66.0,1363.0,147.0,0.0,-4388.0,0.0,0.0,3615.0,3169.0,10820.0,9638.0,4432.0,1104.0,2308.0,1954.0,235.0,235.0,5563889
ILE DE FRANCE,2023-01-05 07:00:00,2023,5,07:00:00,5.29,289.0,0.0,55.0,0.0,8.0,139.0,0.0,7292.0,0.0,0.0,2171.0,2044.0,0.0,0.0,148.0,257.0,20.0,20.0,320.0,320.0,12358932
PROVENCE ALPES COTE D AZUR,2018-10-31 21:30:00,2018,304,21:30:00,304.9,1778.0,0.0,28.0,0.0,1064.0,87.0,0.0,1674.0,0.0,0.0,2666.0,2320.0,0.0,0.0,48.0,1301.0,3233.0,3109.0,357.0,207.0,5052832
OCCITANIE,2021-02-22 03:30:00,2021,53,03:30:00,53.15,87.0,2465.0,1146.0,0.0,1124.0,91.0,-447.0,-423.0,0.0,0.0,318.0,318.0,2620.0,2620.0,1593.0,2451.0,5499.0,5266.0,172.0,172.0,6022176
GRAND EST,2022-01-20 04:30:00,2022,20,04:30:00,20.19,2022.0,6880.0,508.0,0.0,529.0,156.0,-495.0,-3617.0,0.0,0.0,3590.0,3590.0,10820.0,10023.0,4189.0,970.0,2306.0,2104.0,211.0,211.0,5563889
AUVERGNE RHONE ALPES,2018-04-15 08:00:00,2018,105,08:00:00,105.33,19.0,8786.0,45.0,40.0,3081.0,123.0,-832.0,-5006.0,0.0,0.0,1000.0,1000.0,13570.0,12550.0,578.0,1041.0,11259.0,11067.0,179.0,179.0,7994459
PROVENCE ALPES COTE D AZUR,2013-05-26 02:30:00,2013,146,02:30:00,146.1,190.0,0.0,24.0,0.0,2233.0,35.0,0.0,1769.0,0.0,0.0,2590.0,2528.0,0.0,0.0,45.0,694.0,3158.0,3158.0,151.0,151.0,4953675
PROVENCE ALPES COTE D AZUR,2018-11-28 08:30:00,2018,332,08:30:00,332.35,1949.0,0.0,15.0,53.0,1368.0,71.0,0.0,2464.0,0.0,0.0,2671.0,2293.0,0.0,0.0,48.0,1318.0,3233.0,3109.0,357.0,207.0,5052832
AUVERGNE RHONE ALPES,2015-08-28 08:00:00,2015,240,08:00:00,240.33,257.0,9486.0,125.0,27.0,2004.0,103.0,-16.0,-5353.0,0.0,0.0,944.0,944.0,13570.0,12797.0,372.0,888.0,11183.0,10936.0,141.0,141.0,7877698
BOURGOGNE FRANCHE COMTE,2015-10-29 12:00:00,2015,302,12:00:00,302.5,24.0,0.0,12.0,66.0,20.0,20.0,0.0,2774.0,0.0,0.0,325.0,80.0,0.0,0.0,408.0,262.0,513.0,513.0,29.0,29.0,2820940
BOURGOGNE FRANCHE COMTE,2016-04-16 17:00:00,2016,107,17:00:00,107.71,23.0,0.0,51.0,35.0,114.0,21.0,0.0,1664.0,0.0,0.0,329.0,329.0,0.0,0.0,414.0,264.0,513.0,513.0,30.0,30.0,2818338
BOURGOGNE FRANCHE COMTE,2017-06-04 02:30:00,2017,155,02:30:00,155.1,50.0,0.0,188.0,0.0,101.0,24.0,0.0,1245.0,0.0,0.0,331.0,331.0,0.0,0.0,605.0,269.0,519.0,519.0,32.0,32.0,2811423
ILE DE FRANCE,2013-07-26 11:30:00,2013,207,11:30:00,207.48,163.0,0.0,1.0,30.0,6.0,136.0,0.0,7857.0,0.0,0.0,2121.0,1871.0,0.0,0.0,37.0,109.0,19.0,19.0,282.0,282.0,11959807
BRETAGNE,2014-05-09 08:00:00,2014,129,08:00:00,129.33,0.0,0.0,156.0,9.0,37.0,29.0,-2.0,1933.0,0.0,0.0,688.0,688.0,0.0,0.0,755.0,211.0,251.0,251.0,51.0,51.0,3276543
PAYS DE LA LOIRE,2018-02-25 05:30:00,2018,56,05:30:00,56.23,1019.0,0.0,353.0,0.0,5.0,51.0,0.0,2476.0,0.0,0.0,1957.0,1789.0,0.0,0.0,796.0,536.0,8.0,8.0,69.0,69.0,3781423
NOUVELLE AQUITAINE,2020-04-05 01:30:00,2020,96,01:30:00,96.06,19.0,5112.0,411.0,0.0,224.0,191.0,0.0,-1687.0,0.0,0.0,571.0,571.0,6630.0,5428.0,1089.0,2643.0,1783.0,1678.0,340.0,340.0,6033952
BRETAGNE,2020-10-29 20:30:00,2020,303,20:30:00,303.85,1.0,0.0,458.0,1.0,13.0,54.0,-1.0,2232.0,0.0,0.0,980.0,980.0,0.0,0.0,1041.0,291.0,272.0,272.0,81.0,81.0,3373835
AUVERGNE RHONE ALPES,2019-04-26 10:00:00,2019,116,10:00:00,116.42,23.0,9741.0,171.0,362.0,4716.0,119.0,-4.0,-7149.0,0.0,0.0,1027.0,1027.0,13570.0,12656.0,607.0,1149.0,11247.0,11080.0,189.0,189.0,8042936
NOUVELLE AQUITAINE,2022-02-07 16:30:00,2022,38,16:30:00,38.69,237.0,3532.0,41.0,585.0,257.0,183.0,0.0,784.0,0.0,0.0,578.0,578.0,6630.0,5477.0,1397.0,3478.0,1784.0,1666.0,356.0,356.0,6098051
BRETAGNE,2018-02-15 08:30:00,2018,46,08:30:00,46.35,228.0,0.0,153.0,0.0,23.0,41.0,-50.0,3218.0,0.0,0.0,904.0,904.0,0.0,0.0,951.0,250.0,270.0,270.0,68.0,68.0,3335414
BRETAGNE,2018-05-12 19:00:00,2018,132,19:00:00,132.79,1.0,0.0,127.0,21.0,3.0,46.0,-44.0,1902.0,0.0,0.0,904.0,794.0,0.0,0.0,951.0,252.0,270.0,270.0,68.0,68.0,3335414
HAUTS DE FRANCE,2016-05-07 05:30:00,2016,128,05:30:00,128.23,198.0,3361.0,280.0,0.0,2.0,116.0,0.0,201.0,0.0,0.0,2864.0,2452.0,5460.0,4550.0,2929.0,213.0,5.0,5.0,160.0,160.0,6006870
BOURGOGNE FRANCHE COMTE,2016-05-01 13:00:00,2016,122,13:00:00,122.54,31.0,0.0,249.0,28.0,114.0,18.0,0.0,2082.0,0.0,0.0,329.0,329.0,0.0,0.0,426.0,264.0,513.0,513.0,30.0,30.0,2818338
BRETAGNE,2017-02-15 23:00:00,2017,46,23:00:00,46.96,198.0,0.0,4.0,0.0,7.0,39.0,-47.0,3068.0,0.0,0.0,848.0,848.0,0.0,0.0,877.0,233.0,275.0,275.0,58.0,58.0,3318904
CENTRE VAL DE LOIRE,2017-07-18 15:00:00,2017,199,15:00:00,199.62,0.0,6185.0,101.0,162.0,0.0,55.0,0.0,-4276.0,0.0,0.0,198.0,198.0,11630.0,10656.0,947.0,270.0,91.0,91.0,76.0,76.0,2576252
OCCITANIE,2014-02-27 09:00:00,2014,58,09:00:00,58.38,67.0,2604.0,13.0,119.0,3308.0,96.0,0.0,-399.0,0.0,0.0,251.0,251.0,2620.0,2620.0,889.0,1214.0,5398.0,5398.0,127.0,127.0,5730753
NOUVELLE AQUITAINE,2015-03-11 06:30:00,2015,70,06:30:00,70.27,140.0,4684.0,49.0,0.0,776.0,159.0,0.0,-468.0,0.0,0.0,427.0,427.0,6630.0,5720.0,479.0,1438.0,1774.0,1774.0,234.0,234.0,5911482
GRAND EST,2022-02-27 05:30:00,2022,58,05:30:00,58.23,289.0,6422.0,2017.0,0.0,657.0,169.0,-516.0,-3569.0,0.0,0.0,3590.0,3590.0,10820.0,9823.0,4206.0,998.0,2306.0,2104.0,212.0,212.0,5563889
PROVENCE ALPES COTE D AZUR,2017-01-02 10:00:00,2017,2,10:00:00,2.42,2302.0,0.0,0.0,123.0,1890.0,97.0,0.0,1560.0,0.0,0.0,2628.0,2383.0,0.0,0.0,48.0,1056.0,3192.0,3192.0,354.0,354.0,5030890
GRAND EST,2017-06-02 02:30:00,2017,153,02:30:00,153.1,1113.0,7159.0,124.0,0.0,1068.0,81.0,-21.0,-5083.0,0.0,0.0,3453.0,2858.0,10820.0,9575.0,2914.0,537.0,2298.0,2000.0,140.0,140.0,5549586
PROVENCE ALPES COTE D AZUR,2016-08-24 02:00:00,2016,237,02:00:00,237.08,982.0,0.0,0.0,0.0,346.0,124.0,0.0,2164.0,0.0,0.0,2614.0,2271.0,0.0,0.0,48.0,1046.0,3191.0,3065.0,354.0,354.0,5021928
PAYS DE LA LOIRE,2017-10-24 03:30:00,2017,297,03:30:00,297.15,1482.0,0.0,104.0,0.0,0.0,41.0,0.0,628.0,0.0,0.0,1937.0,1353.0,0.0,0.0,747.0,507.0,8.0,8.0,66.0,66.0,3757600
BOURGOGNE FRANCHE COMTE,2018-09-27 07:00:00,2018,270,07:00:00,270.29,66.0,0.0,36.0,0.0,171.0,20.0,0.0,2012.0,0.0,0.0,386.0,386.0,0.0,0.0,708.0,310.0,520.0,443.0,57.0,57.0,2807807
OCCITANIE,2021-12-05 12:00:00,2021,339,12:00:00,339.5,73.0,1237.0,791.0,449.0,758.0,87.0,-698.0,3378.0,0.0,0.0,326.0,326.0,2620.0,2620.0,1593.0,2765.0,5500.0,5465.0,173.0,173.0,6022176
CENTRE VAL DE LOIRE,2021-08-31 14:30:00,2021,243,14:30:00,243.6,11.0,8665.0,204.0,266.0,0.0,52.0,0.0,-7360.0,0.0,0.0,229.0,229.0,11630.0,10740.0,1360.0,593.0,92.0,92.0,89.0,89.0,2573303
PAYS DE LA LOIRE,2014-08-25 00:30:00,2014,237,00:30:00,237.02,-22.0,0.0,42.0,0.0,1.0,30.0,0.0,2276.0,0.0,0.0,1864.0,1429.0,0.0,0.0,518.0,420.0,7.0,7.0,58.0,58.0,3690833
NORMANDIE,2013-08-29 20:00:00,2013,241,20:00:00,241.83,692.0,8985.0,17.0,4.0,12.0,42.0,0.0,-6952.0,0.0,0.0,761.0,761.0,10640.0,10640.0,444.0,209.0,23.0,23.0,88.0,88.0,3328364
PROVENCE ALPES COTE D AZUR,2022-01-08 10:30:00,2022,8,10:30:00,8.44,271.0,0.0,43.0,499.0,710.0,80.0,0.0,4610.0,0.0,0.0,2724.0,2460.0,0.0,0.0,96.0,1750.0,3266.0,3222.0,357.0,357.0,5150362
NOUVELLE AQUITAINE,2018-10-18 04:30:00,2018,291,04:30:00,291.19,58.0,4589.0,233.0,-1.0,84.0,169.0,0.0,-1837.0,0.0,0.0,485.0,485.0,6630.0,5375.0,947.0,2402.0,1781.0,1781.0,318.0,318.0,5979778
BRETAGNE,2017-04-15 04:00:00,2017,105,04:00:00,105.17,1.0,0.0,44.0,0.0,186.0,33.0,-1.0,1651.0,0.0,0.0,848.0,848.0,0.0,0.0,887.0,234.0,275.0,275.0,61.0,61.0,3318904
OCCITANIE,2019-11-08 06:00:00,2019,312,06:00:00,312.25,65.0,1271.0,272.0,0.0,1591.0,99.0,-258.0,1312.0,0.0,0.0,307.0,307.0,2620.0,1310.0,1570.0,2148.0,5489.0,5312.0,146.0,146.0,5933185
BOURGOGNE FRANCHE COMTE,2016-10-14 09:00:00,2016,288,09:00:00,288.38,89.0,0.0,96.0,10.0,13.0,14.0,0.0,2770.0,0.0,0.0,329.0,329.0,0.0,0.0,464.0,265.0,516.0,516.0,31.0,31.0,2818338
CENTRE VAL DE LOIRE,2021-01-05 15:30:00,2021,5,15:30:00,5.65,125.0,9777.0,75.0,7.0,55.0,63.0,0.0,-6974.0,0.0,0.0,229.0,229.0,11630.0,10587.0,1278.0,417.0,92.0,92.0,88.0,88.0,2573303
PROVENCE ALPES COTE D AZUR,2013-01-14 04:00:00,2013,14,04:00:00,14.17,465.0,0.0,22.0,0.0,1069.0,69.0,0.0,3806.0,0.0,0.0,2590.0,2528.0,0.0,0.0,45.0,668.0,3158.0,3158.0,149.0,149.0,4953675
PROVENCE ALPES COTE D AZUR,2019-11-30 02:30:00,2019,334,02:30:00,334.1,1193.0,0.0,8.0,0.0,1462.0,101.0,0.0,2046.0,0.0,0.0,2678.0,2284.0,0.0,0.0,48.0,1420.0,3247.0,3123.0,357.0,207.0,5081101
PROVENCE ALPES COTE D AZUR,2019-08-19 22:30:00,2019,231,22:30:00,231.94,54.0,0.0,6.0,0.0,761.0,244.0,0.0,3259.0,0.0,0.0,2674.0,2303.0,0.0,0.0,48.0,1386.0,3242.0,3101.0,357.0,357.0,5081101
BRETAGNE,2020-03-15 20:00:00,2020,75,20:00:00,75.83,255.0,0.0,35.0,0.0,78.0,53.0,-1.0,2461.0,0.0,0.0,978.0,978.0,0.0,0.0,1028.0,279.0,272.0,272.0,78.0,78.0,3373835
NORMANDIE,2014-08-16 23:30:00,2014,228,23:30:00,228.98,224.0,7600.0,107.0,0.0,14.0,52.0,0.0,-5444.0,0.0,0.0,761.0,181.0,10640.0,10640.0,489.0,213.0,24.0,24.0,91.0,91.0,3335645
HAUTS DE FRANCE,2017-06-20 08:00:00,2017,171,08:00:00,171.33,1078.0,3526.0,45.0,20.0,1.0,103.0,0.0,637.0,0.0,0.0,2900.0,2743.0,5460.0,4550.0,3488.0,215.0,5.0,5.0,165.0,165.0,6003815
ILE DE FRANCE,2019-04-28 14:30:00,2019,118,14:30:00,118.6,-1.0,0.0,15.0,23.0,10.0,110.0,0.0,7269.0,0.0,0.0,2170.0,2047.0,0.0,0.0,88.0,126.0,20.0,20.0,306.0,306.0,12262544
BRETAGNE,2019-12-28 05:30:00,2019,362,05:30:00,362.23,235.0,0.0,81.0,0.0,21.0,50.0,-4.0,2070.0,0.0,0.0,978.0,978.0,0.0,0.0,1021.0,276.0,272.0,272.0,77.0,77.0,3354854
BRETAGNE,2014-02-04 02:30:00,2014,35,02:30:00,35.1,78.0,0.0,163.0,0.0,179.0,31.0,-1.0,2951.0,0.0,0.0,684.0,684.0,0.0,0.0,747.0,209.0,251.0,251.0,50.0,50.0,3276543
BRETAGNE,2019-04-27 22:30:00,2019,117,22:30:00,117.94,1.0,0.0,283.0,0.0,5.0,52.0,-1.0,2038.0,0.0,0.0,956.0,871.0,0.0,0.0,1004.0,264.0,270.0,270.0,72.0,72.0,3354854
BOURGOGNE FRANCHE COMTE,2022-01-16 18:30:00,2022,16,18:30:00,16.77,159.0,0.0,38.0,0.0,203.0,53.0,0.0,2960.0,0.0,0.0,401.0,401.0,0.0,0.0,992.0,495.0,524.0,524.0,74.0,74.0,2797366
GRAND EST,2022-03-24 04:30:00,2022,83,04:30:00,83.19,2410.0,5127.0,235.0,0.0,387.0,163.0,-512.0,-2759.0,0.0,0.0,3590.0,3590.0,10820.0,9791.0,4235.0,1001.0,2306.0,2104.0,212.0,212.0,5563889
NOUVELLE AQUITAINE,2018-10-05 16:30:00,2018,278,16:30:00,278.69,59.0,4227.0,45.0,1263.0,63.0,162.0,0.0,-1354.0,0.0,0.0,485.0,485.0,6630.0,5428.0,947.0,2400.0,1781.0,1781.0,318.0,318.0,5979778
GRAND EST,2019-01-12 04:00:00,2019,12,04:00:00,12.17,2023.0,12256.0,547.0,0.0,606.0,109.0,-355.0,-9297.0,0.0,0.0,3531.0,3531.0,10820.0,9916.0,3355.0,562.0,2301.0,1983.0,163.0,163.0,5556219
CENTRE VAL DE LOIRE,2015-03-29 01:00:00,2015,88,01:00:00,88.04,75.0,9570.0,567.0,0.0,7.0,50.0,0.0,-8173.0,0.0,0.0,166.0,166.0,11630.0,11048.0,818.0,227.0,91.0,91.0,71.0,71.0,2578592
GRAND EST,2022-01-29 14:30:00,2022,29,14:30:00,29.6,2243.0,7442.0,2501.0,76.0,425.0,163.0,-342.0,-6202.0,0.0,0.0,3590.0,3590.0,10820.0,10078.0,4189.0,970.0,2306.0,2104.0,212.0,212.0,5563889
ILE DE FRANCE,2021-02-27 19:30:00,2021,58,19:30:00,58.81,299.0,0.0,61.0,0.0,6.0,145.0,0.0,8564.0,0.0,0.0,2171.0,2171.0,0.0,0.0,125.0,171.0,20.0,20.0,314.0,314.0,12317279
HAUTS DE FRANCE,2022-02-05 11:30:00,2022,36,11:30:00,36.48,1240.0,2617.0,778.0,158.0,3.0,112.0,0.0,1541.0,0.0,0.0,2990.0,2759.0,5460.0,4550.0,5693.0,438.0,5.0,5.0,190.0,190.0,5990765
NOUVELLE AQUITAINE,2019-08-10 21:30:00,2019,222,21:30:00,222.9,20.0,3968.0,137.0,0.0,174.0,150.0,0.0,-752.0,0.0,0.0,538.0,538.0,6630.0,5453.0,1017.0,2536.0,1782.0,1673.0,319.0,319.0,6010289
HAUTS DE FRANCE,2015-04-25 10:30:00,2015,115,10:30:00,115.44,234.0,3153.0,291.0,20.0,2.0,106.0,0.0,1526.0,0.0,0.0,2301.0,2077.0,5460.0,4723.0,2713.0,213.0,5.0,5.0,159.0,159.0,6009976
PROVENCE ALPES COTE D AZUR,2017-08-17 21:30:00,2017,229,21:30:00,229.9,355.0,0.0,0.0,0.0,919.0,103.0,0.0,3136.0,0.0,0.0,2630.0,2276.0,0.0,0.0,48.0,1152.0,3220.0,3220.0,354.0,354.0,5030890
ILE DE FRANCE,2020-06-13 22:00:00,2020,165,22:00:00,165.92,0.0,0.0,24.0,0.0,5.0,159.0,0.0,5432.0,0.0,0.0,2170.0,2079.0,0.0,0.0,108.0,144.0,20.0,20.0,314.0,314.0,12271794
OCCITANIE,2017-11-08 18:00:00,2017,312,18:00:00,312.75,64.0,2597.0,556.0,0.0,2022.0,98.0,0.0,411.0,0.0,0.0,282.0,282.0,2620.0,2620.0,1273.0,1768.0,5477.0,5220.0,140.0,140.0,5845102
OCCITANIE,2020-03-08 18:00:00,2020,68,18:00:00,68.75,85.0,2475.0,292.0,72.0,1845.0,99.0,-52.0,-625.0,0.0,0.0,314.0,314.0,2620.0,2620.0,1579.0,2189.0,5491.0,5336.0,171.0,171.0,5973969
NORMANDIE,2022-10-20 18:30:00,2022,293,18:30:00,293.77,218.0,2875.0,81.0,7.0,7.0,67.0,0.0,-790.0,0.0,0.0,852.0,852.0,10640.0,9571.0,957.0,319.0,31.0,31.0,149.0,149.0,3327604
CENTRE VAL DE LOIRE,2017-03-16 09:30:00,2017,75,09:30:00,75.4,101.0,11598.0,63.0,86.0,18.0,43.0,0.0,-9338.0,0.0,0.0,198.0,198.0,11630.0,11630.0,937.0,265.0,91.0,91.0,76.0,76.0,2576252
NOUVELLE AQUITAINE,2020-02-28 18:00:00,2020,59,18:00:00,59.75,218.0,6578.0,442.0,90.0,1136.0,204.0,0.0,-3109.0,0.0,0.0,571.0,571.0,6630.0,5822.0,1089.0,2634.0,1783.0,1678.0,340.0,340.0,6033952
PAYS DE LA LOIRE,2022-12-29 01:00:00,2022,363,01:00:00,363.04,117.0,0.0,1342.0,0.0,6.0,58.0,0.0,1607.0,0.0,0.0,2068.0,1850.0,0.0,0.0,1707.0,941.0,10.0,10.0,80.0,80.0,3878839
HAUTS DE FRANCE,2018-09-13 14:30:00,2018,256,14:30:00,256.6,1049.0,2619.0,246.0,46.0,0.0,109.0,0.0,1567.0,0.0,0.0,2922.0,2718.0,5460.0,4550.0,4014.0,229.0,5.0,5.0,171.0,171.0,6004108
AUVERGNE RHONE ALPES,2021-05-20 21:00:00,2021,140,21:00:00,140.88,48.0,9261.0,67.0,7.0,4650.0,114.0,-4.0,-7512.0,0.0,0.0,1047.0,1047.0,13570.0,12690.0,723.0,1465.0,11769.0,11622.0,208.0,208.0,8114361
BOURGOGNE FRANCHE COMTE,2013-11-21 11:00:00,2013,325,11:00:00,325.46,122.0,0.0,3.0,5.0,208.0,16.0,0.0,3164.0,0.0,0.0,313.0,68.0,0.0,0.0,204.0,240.0,490.0,490.0,25.0,25.0,2819783
BRETAGNE,2022-08-09 13:00:00,2022,221,13:00:00,221.54,321.0,0.0,370.0,256.0,91.0,53.0,-1.0,1237.0,0.0,0.0,1432.0,1432.0,0.0,0.0,1197.0,378.0,272.0,272.0,83.0,83.0,3414637
NORMANDIE,2017-07-19 00:00:00,2017,200,00:00:00,200.0,725.0,5830.0,192.0,0.0,6.0,55.0,0.0,-3904.0,0.0,0.0,785.0,785.0,10640.0,9518.0,637.0,222.0,31.0,31.0,99.0,99.0,3330478
BOURGOGNE FRANCHE COMTE,2022-02-22 09:30:00,2022,53,09:30:00,53.4,161.0,0.0,229.0,47.0,298.0,53.0,0.0,2364.0,0.0,0.0,401.0,401.0,0.0,0.0,1034.0,501.0,524.0,524.0,74.0,74.0,2797366
AUVERGNE RHONE ALPES,2014-06-26 05:30:00,2014,177,05:30:00,177.23,19.0,9219.0,62.0,0.0,1842.0,74.0,-499.0,-4938.0,0.0,0.0,938.0,938.0,13570.0,13570.0,347.0,818.0,11141.0,10936.0,140.0,140.0,7820966
BRETAGNE,2015-11-22 13:00:00,2015,326,13:00:00,326.54,95.0,0.0,1.0,84.0,6.0,34.0,-1.0,2589.0,0.0,0.0,737.0,737.0,0.0,0.0,813.0,223.0,275.0,275.0,56.0,56.0,3293850
PROVENCE ALPES COTE D AZUR,2014-08-24 10:30:00,2014,236,10:30:00,236.44,103.0,0.0,21.0,348.0,825.0,72.0,0.0,2497.0,0.0,0.0,2592.0,2268.0,0.0,0.0,45.0,872.0,3165.0,3165.0,170.0,170.0,4983438
GRAND EST,2022-06-14 15:00:00,2022,165,15:00:00,165.62,1221.0,2460.0,127.0,746.0,780.0,142.0,0.0,-658.0,0.0,0.0,3590.0,3163.0,10820.0,9708.0,4290.0,1054.0,2306.0,2017.0,235.0,235.0,5563889
PAYS DE LA LOIRE,2014-05-30 04:00:00,2014,150,04:00:00,150.17,12.0,0.0,8.0,0.0,4.0,42.0,0.0,1714.0,0.0,0.0,1864.0,1429.0,0.0,0.0,518.0,413.0,7.0,7.0,58.0,58.0,3690833
NORMANDIE,2020-08-13 23:00:00,2020,226,23:00:00,226.96,192.0,3775.0,12.0,0.0,10.0,56.0,0.0,-1412.0,0.0,0.0,838.0,258.0,10640.0,9421.0,819.0,266.0,31.0,31.0,112.0,112.0,3325522
NORMANDIE,2020-12-08 15:00:00,2020,343,15:00:00,343.62,1076.0,4998.0,39.0,37.0,15.0,58.0,0.0,-2101.0,0.0,0.0,852.0,852.0,10640.0,9310.0,831.0,272.0,31.0,31.0,116.0,116.0,3325522
BOURGOGNE FRANCHE COMTE,2018-07-08 06:30:00,2018,189,06:30:00,189.27,25.0,0.0,169.0,2.0,18.0,32.0,0.0,1117.0,0.0,0.0,386.0,386.0,0.0,0.0,688.0,307.0,520.0,339.0,37.0,37.0,2807807
NOUVELLE AQUITAINE,2014-09-10 13:00:00,2014,253,13:00:00,253.54,21.0,4181.0,46.0,760.0,206.0,142.0,0.0,-172.0,0.0,0.0,421.0,421.0,6630.0,5720.0,447.0,1238.0,1772.0,1772.0,220.0,220.0,5879144
CENTRE VAL DE LOIRE,2016-07-05 10:00:00,2016,187,10:00:00,187.42,0.0,6711.0,16.0,61.0,1.0,51.0,0.0,-4924.0,0.0,0.0,170.0,170.0,11630.0,10752.0,874.0,256.0,91.0,91.0,71.0,71.0,2577866
NOUVELLE AQUITAINE,2022-01-26 22:30:00,2022,26,22:30:00,26.94,338.0,3748.0,45.0,1.0,601.0,185.0,0.0,2418.0,0.0,0.0,578.0,578.0,6630.0,5135.0,1397.0,3474.0,1784.0,1666.0,356.0,356.0,6098051
BOURGOGNE FRANCHE COMTE,2022-07-05 23:00:00,2022,186,23:00:00,186.96,0.0,0.0,293.0,0.0,14.0,53.0,0.0,1621.0,0.0,0.0,401.0,401.0,0.0,0.0,1049.0,564.0,524.0,393.0,75.0,75.0,2797366
NOUVELLE AQUITAINE,2021-03-14 05:30:00,2021,73,05:30:00,73.23,191.0,5047.0,394.0,0.0,289.0,173.0,0.0,-1346.0,0.0,0.0,578.0,578.0,6630.0,6630.0,1212.0,2998.0,1783.0,1783.0,353.0,353.0,6069352
OCCITANIE,2020-06-27 12:30:00,2020,179,12:30:00,179.52,0.0,2336.0,99.0,1247.0,1019.0,61.0,-463.0,-413.0,0.0,0.0,314.0,314.0,2620.0,1310.0,1579.0,2242.0,5493.0,5297.0,171.0,171.0,5973969
AUVERGNE RHONE ALPES,2017-01-20 04:00:00,2017,20,04:00:00,20.17,755.0,11505.0,23.0,0.0,2515.0,99.0,-82.0,-3637.0,0.0,0.0,984.0,984.0,13570.0,12729.0,425.0,937.0,11233.0,11011.0,177.0,177.0,7948287
BOURGOGNE FRANCHE COMTE,2020-07-24 16:30:00,2020,206,16:30:00,206.69,22.0,0.0,152.0,130.0,8.0,48.0,0.0,1835.0,0.0,0.0,401.0,401.0,0.0,0.0,877.0,354.0,521.0,367.0,70.0,70.0,2801695
NOUVELLE AQUITAINE,2021-02-25 09:00:00,2021,56,09:00:00,56.38,217.0,5124.0,619.0,283.0,931.0,179.0,0.0,-1593.0,0.0,0.0,578.0,578.0,6630.0,6630.0,1206.0,2982.0,1783.0,1783.0,353.0,353.0,6069352
HAUTS DE FRANCE,2016-09-22 05:00:00,2016,266,05:00:00,266.21,1206.0,2521.0,230.0,0.0,1.0,124.0,0.0,386.0,0.0,0.0,2870.0,2870.0,5460.0,4649.0,3122.0,213.0,5.0,5.0,164.0,164.0,6006870
BOURGOGNE FRANCHE COMTE,2013-05-22 09:30:00,2013,142,09:30:00,142.4,28.0,0.0,36.0,10.0,108.0,14.0,0.0,2815.0,0.0,0.0,301.0,301.0,0.0,0.0,204.0,228.0,480.0,480.0,24.0,24.0,2819783
OCCITANIE,2022-10-08 15:30:00,2022,281,15:30:00,281.65,0.0,1246.0,65.0,924.0,144.0,105.0,-839.0,1660.0,0.0,0.0,326.0,326.0,2620.0,1310.0,1621.0,3051.0,5504.0,5368.0,175.0,175.0,6067101
NOUVELLE AQUITAINE,2016-04-15 08:00:00,2016,106,08:00:00,106.33,80.0,4301.0,79.0,31.0,962.0,170.0,0.0,-566.0,0.0,0.0,429.0,429.0,6630.0,5525.0,559.0,1846.0,1778.0,1672.0,279.0,279.0,5935603
CENTRE VAL DE LOIRE,2016-11-09 17:00:00,2016,314,17:00:00,314.71,107.0,8764.0,763.0,4.0,8.0,49.0,0.0,-6880.0,0.0,0.0,178.0,178.0,11630.0,10763.0,896.0,261.0,91.0,91.0,71.0,71.0,2577866
OCCITANIE,2021-04-06 14:00:00,2021,96,14:00:00,96.58,0.0,2575.0,1081.0,1514.0,1189.0,82.0,-14.0,-1867.0,0.0,0.0,318.0,318.0,2620.0,2620.0,1593.0,2520.0,5499.0,5266.0,172.0,172.0,6022176
BRETAGNE,2015-03-31 21:30:00,2015,90,21:30:00,90.9,107.0,0.0,326.0,0.0,4.0,38.0,0.0,2277.0,0.0,0.0,724.0,724.0,0.0,0.0,801.0,220.0,272.0,272.0,55.0,55.0,3293850
PROVENCE ALPES COTE D AZUR,2020-04-07 07:00:00,2020,98,07:00:00,98.29,83.0,0.0,2.0,0.0,1315.0,108.0,0.0,2202.0,0.0,0.0,2710.0,2336.0,0.0,0.0,48.0,1455.0,3256.0,3130.0,357.0,207.0,5098666
ILE DE FRANCE,2020-05-05 14:30:00,2020,126,14:30:00,126.6,0.0,0.0,13.0,23.0,7.0,98.0,0.0,6999.0,0.0,0.0,2170.0,2070.0,0.0,0.0,108.0,144.0,20.0,20.0,314.0,314.0,12271794
NOUVELLE AQUITAINE,2018-06-20 15:30:00,2018,171,15:30:00,171.65,21.0,4000.0,26.0,1662.0,425.0,190.0,0.0,-1284.0,0.0,0.0,482.0,482.0,6630.0,5767.0,924.0,2355.0,1781.0,1670.0,315.0,315.0,5979778
GRAND EST,2013-05-05 05:30:00,2013,125,05:30:00,125.23,92.0,9040.0,28.0,0.0,1214.0,46.0,-182.0,-6483.0,0.0,0.0,3398.0,3398.0,10820.0,10820.0,1877.0,502.0,2280.0,2078.0,86.0,86.0,5552388
ILE DE FRANCE,2017-08-19 16:00:00,2017,231,16:00:00,231.67,1.0,0.0,19.0,31.0,5.0,150.0,0.0,5463.0,0.0,0.0,2149.0,1846.0,0.0,0.0,88.0,117.0,19.0,19.0,301.0,301.0,12174880
PROVENCE ALPES COTE D AZUR,2021-11-24 15:30:00,2021,328,15:30:00,328.65,1527.0,0.0,10.0,82.0,1471.0,71.0,0.0,2161.0,0.0,0.0,2724.0,2460.0,0.0,0.0,96.0,1708.0,3266.0,3222.0,357.0,357.0,5127840
CENTRE VAL DE LOIRE,2022-03-01 13:30:00,2022,60,13:30:00,60.56,88.0,9765.0,10.0,255.0,7.0,53.0,0.0,-7522.0,0.0,0.0,229.0,229.0,11630.0,10660.0,1381.0,701.0,92.0,92.0,90.0,90.0,2572916
BOURGOGNE FRANCHE COMTE,2023-01-30 02:30:00,2023,30,02:30:00,30.1,164.0,0.0,189.0,0.0,207.0,49.0,0.0,2241.0,0.0,0.0,401.0,401.0,0.0,0.0,1067.0,643.0,524.0,524.0,76.0,76.0,2786296
AUVERGNE RHONE ALPES,2013-05-19 18:00:00,2013,139,18:00:00,139.75,25.0,10498.0,120.0,106.0,4594.0,65.0,-1151.0,-8336.0,0.0,0.0,919.0,919.0,13570.0,13570.0,335.0,715.0,11116.0,10964.0,106.0,106.0,7757595
GRAND EST,2016-03-14 07:30:00,2016,74,07:30:00,74.31,727.0,10149.0,1917.0,2.0,899.0,99.0,0.0,-7031.0,0.0,0.0,3424.0,3424.0,10820.0,9772.0,2575.0,525.0,2286.0,1932.0,120.0,120.0,5555186
BRETAGNE,2019-11-20 07:30:00,2019,324,07:30:00,324.31,582.0,0.0,301.0,0.0,77.0,45.0,-1.0,2892.0,0.0,0.0,978.0,893.0,0.0,0.0,1021.0,271.0,272.0,272.0,76.0,76.0,3354854
CENTRE VAL DE LOIRE,2017-11-03 13:30:00,2017,307,13:30:00,307.56,87.0,6445.0,84.0,111.0,0.0,65.0,0.0,-4551.0,0.0,0.0,214.0,214.0,11630.0,10698.0,963.0,276.0,91.0,91.0,76.0,76.0,2576252
BOURGOGNE FRANCHE COMTE,2023-01-19 05:00:00,2023,19,05:00:00,19.21,159.0,0.0,49.0,0.0,115.0,47.0,0.0,2291.0,0.0,0.0,401.0,401.0,0.0,0.0,1067.0,643.0,524.0,524.0,76.0,76.0,2786296
GRAND EST,2021-11-21 01:00:00,2021,325,01:00:00,325.04,1407.0,9379.0,32.0,1.0,422.0,152.0,0.0,-6177.0,0.0,0.0,3589.0,3589.0,10820.0,10076.0,4062.0,953.0,2305.0,2103.0,209.0,209.0,5561287
NOUVELLE AQUITAINE,2022-11-21 13:30:00,2022,325,13:30:00,325.56,170.0,2808.0,1150.0,321.0,273.0,170.0,0.0,668.0,0.0,0.0,581.0,581.0,6630.0,5658.0,1602.0,3853.0,1786.0,1786.0,356.0,356.0,6098051
AUVERGNE RHONE ALPES,2021-11-12 23:30:00,2021,316,23:30:00,316.98,513.0,10765.0,39.0,0.0,1371.0,122.0,-818.0,-3817.0,0.0,0.0,1048.0,1048.0,13570.0,12669.0,723.0,1562.0,11776.0,11650.0,208.0,208.0,8114361
HAUTS DE FRANCE,2022-02-17 04:30:00,2022,48,04:30:00,48.19,533.0,3218.0,4644.0,0.0,2.0,124.0,0.0,-3464.0,0.0,0.0,2990.0,2990.0,5460.0,4641.0,5702.0,438.0,5.0,5.0,190.0,190.0,5990765
OCCITANIE,2021-01-17 16:30:00,2021,17,16:30:00,17.69,78.0,2501.0,1119.0,249.0,938.0,83.0,-431.0,390.0,0.0,0.0,318.0,318.0,2620.0,1310.0,1593.0,2388.0,5498.0,5264.0,172.0,172.0,6022176
PROVENCE ALPES COTE D AZUR,2013-08-24 09:30:00,2013,236,09:30:00,236.4,188.0,0.0,0.0,149.0,1127.0,56.0,0.0,2476.0,0.0,0.0,2590.0,2316.0,0.0,0.0,45.0,722.0,3158.0,3158.0,151.0,151.0,4953675
BOURGOGNE FRANCHE COMTE,2017-07-30 01:30:00,2017,211,01:30:00,211.06,25.0,0.0,190.0,0.0,26.0,23.0,0.0,1240.0,0.0,0.0,331.0,331.0,0.0,0.0,605.0,270.0,519.0,519.0,33.0,33.0,2811423
AUVERGNE RHONE ALPES,2019-12-02 01:30:00,2019,336,01:30:00,336.06,231.0,6504.0,121.0,0.0,2922.0,133.0,-1612.0,-950.0,0.0,0.0,1032.0,1032.0,13570.0,12609.0,635.0,1222.0,11740.0,11555.0,191.0,191.0,8042936
BRETAGNE,2019-10-09 07:00:00,2019,282,07:00:00,282.29,1.0,0.0,248.0,0.0,4.0,44.0,-19.0,2014.0,0.0,0.0,969.0,835.0,0.0,0.0,1021.0,269.0,272.0,272.0,74.0,74.0,3354854
NOUVELLE AQUITAINE,2021-05-03 09:30:00,2021,123,09:30:00,123.4,17.0,4233.0,52.0,1139.0,472.0,171.0,0.0,-734.0,0.0,0.0,578.0,578.0,6630.0,6630.0,1281.0,3048.0,1784.0,1784.0,353.0,353.0,6069352
AUVERGNE RHONE ALPES,2017-05-02 01:00:00,2017,122,01:00:00,122.04,50.0,7777.0,122.0,0.0,1684.0,90.0,-7.0,-3133.0,0.0,0.0,985.0,985.0,13570.0,12569.0,486.0,946.0,11239.0,11037.0,178.0,178.0,7948287
CENTRE VAL DE LOIRE,2016-09-26 21:00:00,2016,270,21:00:00,270.88,0.0,6531.0,121.0,0.0,0.0,52.0,0.0,-4864.0,0.0,0.0,170.0,170.0,11630.0,10690.0,896.0,260.0,91.0,91.0,71.0,71.0,2577866
GRAND EST,2018-07-04 04:30:00,2018,185,04:30:00,185.19,1412.0,6478.0,93.0,0.0,659.0,88.0,-357.0,-4238.0,0.0,0.0,3471.0,3013.0,10820.0,9501.0,3124.0,556.0,2300.0,1996.0,158.0,158.0,5550389
OCCITANIE,2014-08-19 12:30:00,2014,231,12:30:00,231.52,-3.0,1221.0,130.0,508.0,1891.0,76.0,0.0,310.0,0.0,0.0,251.0,251.0,2620.0,2620.0,943.0,1289.0,5411.0,5411.0,132.0,132.0,5730753
OCCITANIE,2014-09-02 03:30:00,2014,245,03:30:00,245.15,-3.0,2539.0,237.0,0.0,441.0,64.0,-10.0,-374.0,0.0,0.0,251.0,251.0,2620.0,2620.0,943.0,1297.0,5414.0,5187.0,132.0,132.0,5730753
BRETAGNE,2014-11-09 23:00:00,2014,313,23:00:00,313.96,80.0,0.0,91.0,0.0,9.0,40.0,0.0,2463.0,0.0,0.0,711.0,711.0,0.0,0.0,781.0,217.0,272.0,272.0,52.0,52.0,3276543
NOUVELLE AQUITAINE,2016-09-30 15:00:00,2016,274,15:00:00,274.62,70.0,4136.0,36.0,795.0,132.0,131.0,0.0,-656.0,0.0,0.0,429.0,429.0,6630.0,5281.0,625.0,1902.0,1779.0,1673.0,280.0,280.0,5935603
BRETAGNE,2014-07-03 07:30:00,2014,184,07:30:00,184.31,1.0,0.0,8.0,6.0,77.0,32.0,-1.0,1938.0,0.0,0.0,688.0,688.0,0.0,0.0,763.0,213.0,272.0,272.0,51.0,51.0,3276543
OCCITANIE,2022-09-17 09:30:00,2022,260,09:30:00,260.4,4.0,455.0,411.0,775.0,263.0,78.0,-206.0,1511.0,0.0,0.0,326.0,326.0,2620.0,1310.0,1593.0,3024.0,5504.0,5328.0,175.0,175.0,6067101
AUVERGNE RHONE ALPES,2020-09-02 15:30:00,2020,246,15:30:00,246.65,357.0,7586.0,70.0,661.0,2314.0,111.0,-17.0,-4098.0,0.0,0.0,1034.0,1034.0,13570.0,12635.0,647.0,1298.0,11749.0,11560.0,193.0,193.0,8078652
AUVERGNE RHONE ALPES,2022-02-04 15:00:00,2022,35,15:00:00,35.62,495.0,12245.0,136.0,335.0,1680.0,125.0,-1775.0,-3799.0,0.0,0.0,1048.0,1048.0,13570.0,12758.0,723.0,1634.0,11780.0,11659.0,208.0,208.0,8155762
BOURGOGNE FRANCHE COMTE,2016-05-11 20:30:00,2016,132,20:30:00,132.85,29.0,0.0,3.0,3.0,202.0,15.0,0.0,2039.0,0.0,0.0,329.0,329.0,0.0,0.0,426.0,264.0,513.0,513.0,30.0,30.0,2818338
NOUVELLE AQUITAINE,2022-08-18 10:00:00,2022,230,10:00:00,230.42,52.0,1302.0,95.0,1035.0,214.0,185.0,0.0,1512.0,0.0,0.0,579.0,579.0,6630.0,5667.0,1565.0,3747.0,1786.0,1677.0,356.0,356.0,6098051
BRETAGNE,2013-02-11 05:30:00,2013,42,05:30:00,42.23,62.0,0.0,152.0,0.0,23.0,17.0,0.0,2782.0,0.0,0.0,658.0,658.0,0.0,0.0,716.0,202.0,11.0,11.0,36.0,36.0,3258707
HAUTS DE FRANCE,2017-02-01 22:00:00,2017,32,22:00:00,32.92,1740.0,4333.0,1061.0,0.0,2.0,116.0,0.0,-401.0,0.0,0.0,2900.0,2900.0,5460.0,4795.0,3317.0,214.0,5.0,5.0,164.0,164.0,6003815
ILE DE FRANCE,2017-12-30 02:00:00,2017,364,02:00:00,364.08,287.0,0.0,29.0,0.0,6.0,163.0,0.0,7489.0,0.0,0.0,2157.0,2057.0,0.0,0.0,88.0,119.0,19.0,19.0,306.0,306.0,12174880
NORMANDIE,2020-11-18 08:30:00,2020,323,08:30:00,323.35,371.0,5936.0,501.0,1.0,13.0,65.0,0.0,-3283.0,0.0,0.0,852.0,852.0,10640.0,9367.0,831.0,271.0,31.0,31.0,115.0,115.0,3325522
HAUTS DE FRANCE,2021-07-15 10:30:00,2021,196,10:30:00,196.44,785.0,2518.0,2399.0,85.0,1.0,100.0,0.0,-661.0,0.0,0.0,2990.0,2990.0,5460.0,5460.0,5477.0,406.0,5.0,5.0,183.0,183.0,5995292
BRETAGNE,2020-06-06 00:30:00,2020,158,00:30:00,158.02,1.0,0.0,171.0,0.0,217.0,46.0,-1.0,1735.0,0.0,0.0,978.0,844.0,0.0,0.0,1028.0,283.0,272.0,272.0,79.0,79.0,3373835
NOUVELLE AQUITAINE,2014-12-03 15:00:00,2014,337,15:00:00,337.62,119.0,5806.0,65.0,76.0,839.0,157.0,0.0,-512.0,0.0,0.0,427.0,427.0,6630.0,5720.0,469.0,1329.0,1774.0,1669.0,225.0,225.0,5879144
NORMANDIE,2015-01-29 08:00:00,2015,29,08:00:00,29.33,435.0,10112.0,250.0,0.0,18.0,63.0,0.0,-6172.0,0.0,0.0,761.0,181.0,10640.0,10640.0,510.0,214.0,24.0,24.0,91.0,91.0,3339131
NORMANDIE,2013-04-02 14:00:00,2013,92,14:00:00,92.58,731.0,8917.0,230.0,66.0,21.0,43.0,0.0,-5651.0,0.0,0.0,761.0,761.0,10640.0,10640.0,423.0,207.0,23.0,23.0,88.0,88.0,3328364
NOUVELLE AQUITAINE,2016-09-28 21:30:00,2016,272,21:30:00,272.9,32.0,4164.0,15.0,-1.0,208.0,113.0,0.0,-355.0,0.0,0.0,429.0,429.0,6630.0,5281.0,625.0,1902.0,1779.0,1673.0,280.0,280.0,5935603
AUVERGNE RHONE ALPES,2015-06-04 00:30:00,2015,155,00:30:00,155.02,40.0,9983.0,31.0,0.0,4360.0,86.0,-7.0,-8054.0,0.0,0.0,944.0,944.0,13570.0,12887.0,372.0,877.0,11183.0,10936.0,141.0,141.0,7877698
NOUVELLE AQUITAINE,2022-08-22 04:00:00,2022,234,04:00:00,234.17,41.0,1045.0,81.0,0.0,21.0,183.0,0.0,1701.0,0.0,0.0,579.0,579.0,6630.0,5659.0,1565.0,3748.0,1786.0,1677.0,356.0,356.0,6098051
AUVERGNE RHONE ALPES,2013-06-04 09:00:00,2013,155,09:00:00,155.38,50.0,10646.0,30.0,99.0,5631.0,48.0,-7.0,-8696.0,0.0,0.0,919.0,919.0,13570.0,12655.0,335.0,717.0,11116.0,11116.0,106.0,106.0,7757595
AUVERGNE RHONE ALPES,2016-04-05 18:30:00,2016,96,18:30:00,96.77,32.0,9739.0,15.0,31.0,3483.0,103.0,-4.0,-4791.0,0.0,0.0,959.0,558.0,13570.0,12706.0,384.0,910.0,11205.0,11026.0,170.0,170.0,7916889
BOURGOGNE FRANCHE COMTE,2017-07-31 16:00:00,2017,212,16:00:00,212.67,15.0,0.0,8.0,129.0,27.0,21.0,-65.0,1973.0,0.0,0.0,331.0,331.0,0.0,0.0,605.0,270.0,519.0,519.0,33.0,33.0,2811423
OCCITANIE,2017-08-16 18:30:00,2017,228,18:30:00,228.77,0.0,1247.0,182.0,314.0,949.0,71.0,0.0,1278.0,0.0,0.0,282.0,282.0,2620.0,1310.0,1249.0,1742.0,5475.0,5273.0,140.0,140.0,5845102
OCCITANIE,2017-03-18 02:30:00,2017,77,02:30:00,77.1,64.0,1284.0,594.0,0.0,1229.0,93.0,-891.0,1170.0,0.0,0.0,282.0,282.0,2620.0,1310.0,1194.0,1701.0,5474.0,4906.0,140.0,140.0,5845102
GRAND EST,2018-07-16 03:30:00,2018,197,03:30:00,197.15,411.0,8101.0,239.0,0.0,469.0,116.0,-333.0,-5426.0,0.0,0.0,3471.0,2980.0,10820.0,9501.0,3134.0,556.0,2300.0,2006.0,158.0,158.0,5550389
HAUTS DE FRANCE,2017-11-07 16:00:00,2017,311,16:00:00,311.67,1881.0,3085.0,56.0,23.0,1.0,121.0,0.0,1370.0,0.0,0.0,2913.0,2798.0,5460.0,4633.0,3655.0,216.0,5.0,5.0,165.0,165.0,6003815
NORMANDIE,2015-04-17 11:00:00,2015,107,11:00:00,107.46,685.0,7762.0,80.0,30.0,16.0,40.0,0.0,-5489.0,0.0,0.0,761.0,761.0,10640.0,9310.0,510.0,214.0,24.0,24.0,94.0,94.0,3339131
BOURGOGNE FRANCHE COMTE,2019-03-12 03:00:00,2019,71,03:00:00,71.12,124.0,0.0,133.0,0.0,176.0,50.0,-5.0,2296.0,0.0,0.0,401.0,401.0,0.0,0.0,800.0,332.0,520.0,520.0,66.0,66.0,2805580
BOURGOGNE FRANCHE COMTE,2018-04-21 05:30:00,2018,111,05:30:00,111.23,20.0,0.0,30.0,0.0,52.0,31.0,-68.0,1547.0,0.0,0.0,386.0,386.0,0.0,0.0,676.0,306.0,520.0,443.0,36.0,36.0,2807807
BRETAGNE,2016-08-28 13:00:00,2016,241,13:00:00,241.54,1.0,0.0,497.0,85.0,24.0,39.0,-1.0,1273.0,0.0,0.0,771.0,686.0,0.0,0.0,877.0,229.0,275.0,275.0,56.0,56.0,3306529
NOUVELLE AQUITAINE,2020-07-09 19:30:00,2020,191,19:30:00,191.81,42.0,2176.0,199.0,609.0,236.0,177.0,0.0,1388.0,0.0,0.0,571.0,571.0,6630.0,5549.0,1166.0,2692.0,1783.0,1678.0,341.0,341.0,6033952
NOUVELLE AQUITAINE,2022-04-19 23:30:00,2022,109,23:30:00,109.98,71.0,2738.0,283.0,0.0,440.0,169.0,0.0,908.0,0.0,0.0,578.0,578.0,6630.0,5386.0,1441.0,3584.0,1784.0,1672.0,356.0,356.0,6098051
ILE DE FRANCE,2018-10-18 23:30:00,2018,291,23:30:00,291.98,-1.0,0.0,19.0,0.0,7.0,146.0,0.0,6849.0,0.0,0.0,2157.0,2102.0,0.0,0.0,88.0,123.0,20.0,20.0,306.0,306.0,12213447
BOURGOGNE FRANCHE COMTE,2022-02-25 15:00:00,2022,56,15:00:00,56.62,162.0,0.0,145.0,161.0,114.0,52.0,0.0,2240.0,0.0,0.0,401.0,401.0,0.0,0.0,1034.0,501.0,524.0,524.0,74.0,74.0,2797366
PAYS DE LA LOIRE,2020-06-29 01:30:00,2020,181,01:30:00,181.06,361.0,0.0,178.0,0.0,1.0,46.0,0.0,1507.0,0.0,0.0,2050.0,1731.0,0.0,0.0,1000.0,642.0,10.0,10.0,77.0,77.0,3832120
PAYS DE LA LOIRE,2019-08-11 14:00:00,2019,223,14:00:00,223.58,0.0,0.0,84.0,243.0,0.0,52.0,0.0,1608.0,0.0,0.0,2037.0,1783.0,0.0,0.0,926.0,593.0,10.0,10.0,71.0,71.0,3806461
PAYS DE LA LOIRE,2020-09-07 09:30:00,2020,251,09:30:00,251.4,0.0,0.0,10.0,137.0,0.0,61.0,0.0,2741.0,0.0,0.0,2050.0,1777.0,0.0,0.0,1012.0,658.0,10.0,10.0,77.0,77.0,3832120
CENTRE VAL DE LOIRE,2015-12-29 06:30:00,2015,363,06:30:00,363.27,72.0,11294.0,287.0,0.0,1.0,48.0,0.0,-9577.0,0.0,0.0,168.0,168.0,11630.0,11630.0,842.0,242.0,91.0,91.0,71.0,71.0,2578592
BRETAGNE,2020-03-05 20:00:00,2020,65,20:00:00,65.83,255.0,0.0,623.0,0.0,72.0,47.0,-1.0,2725.0,0.0,0.0,978.0,978.0,0.0,0.0,1028.0,279.0,272.0,272.0,78.0,78.0,3373835
AUVERGNE RHONE ALPES,2017-02-08 21:30:00,2017,39,21:30:00,39.9,650.0,10601.0,267.0,0.0,3125.0,117.0,-39.0,-4861.0,0.0,0.0,984.0,984.0,13570.0,12664.0,425.0,938.0,11238.0,11032.0,177.0,177.0,7948287
ILE DE FRANCE,2015-01-12 16:30:00,2015,12,16:30:00,12.69,685.0,0.0,13.0,1.0,3.0,122.0,0.0,10421.0,0.0,0.0,2128.0,1743.0,0.0,0.0,37.0,112.0,19.0,19.0,286.0,286.0,12082144
GRAND EST,2019-09-26 11:30:00,2019,269,11:30:00,269.48,1617.0,7577.0,1507.0,138.0,835.0,110.0,0.0,-6247.0,0.0,0.0,3531.0,3531.0,10820.0,9715.0,3477.0,602.0,2303.0,2085.0,173.0,173.0,5556219
OCCITANIE,2018-09-28 10:00:00,2018,271,10:00:00,271.42,2.0,2553.0,192.0,606.0,1756.0,56.0,0.0,-1210.0,0.0,0.0,295.0,295.0,2620.0,2620.0,1440.0,1965.0,5485.0,5253.0,146.0,146.0,5885496
ILE DE FRANCE,2020-11-30 16:30:00,2020,335,16:30:00,335.69,500.0,0.0,4.0,3.0,6.0,116.0,0.0,10302.0,0.0,0.0,2171.0,2171.0,0.0,0.0,125.0,169.0,20.0,20.0,314.0,314.0,12271794
NOUVELLE AQUITAINE,2014-11-23 12:30:00,2014,327,12:30:00,327.52,112.0,4067.0,136.0,187.0,327.0,154.0,0.0,-336.0,0.0,0.0,427.0,427.0,6630.0,5428.0,459.0,1326.0,1774.0,1774.0,225.0,225.0,5879144
NOUVELLE AQUITAINE,2015-11-06 02:30:00,2015,310,02:30:00,310.1,133.0,6496.0,146.0,-1.0,130.0,161.0,0.0,-2783.0,0.0,0.0,427.0,427.0,6630.0,6630.0,534.0,1772.0,1777.0,1672.0,258.0,258.0,5911482
GRAND EST,2014-11-17 20:30:00,2014,321,20:30:00,321.85,2336.0,12119.0,112.0,0.0,1410.0,80.0,0.0,-9866.0,0.0,0.0,3400.0,3200.0,10820.0,10820.0,2269.0,517.0,2283.0,2283.0,107.0,107.0,5554645
CENTRE VAL DE LOIRE,2018-05-20 22:00:00,2018,140,22:00:00,140.92,0.0,9010.0,259.0,0.0,13.0,61.0,0.0,-7698.0,0.0,0.0,216.0,216.0,11630.0,10806.0,1014.0,287.0,91.0,91.0,76.0,76.0,2572853
GRAND EST,2021-04-28 15:00:00,2021,118,15:00:00,118.62,1171.0,6434.0,566.0,207.0,642.0,128.0,0.0,-3992.0,0.0,0.0,3585.0,3172.0,10820.0,9940.0,3900.0,884.0,2305.0,2103.0,207.0,207.0,5561287
PAYS DE LA LOIRE,2014-05-14 11:00:00,2014,134,11:00:00,134.46,508.0,0.0,6.0,175.0,3.0,31.0,0.0,2584.0,0.0,0.0,1864.0,1429.0,0.0,0.0,518.0,412.0,7.0,7.0,58.0,58.0,3690833
PROVENCE ALPES COTE D AZUR,2018-05-29 10:30:00,2018,149,10:30:00,149.44,22.0,0.0,5.0,599.0,1825.0,71.0,0.0,1649.0,0.0,0.0,2666.0,2247.0,0.0,0.0,48.0,1250.0,3233.0,3107.0,357.0,207.0,5052832
PROVENCE ALPES COTE D AZUR,2013-02-20 20:30:00,2013,51,20:30:00,51.85,379.0,0.0,28.0,0.0,2028.0,68.0,0.0,3999.0,0.0,0.0,2590.0,2326.0,0.0,0.0,45.0,670.0,3158.0,3158.0,149.0,149.0,4953675
BRETAGNE,2015-12-15 13:00:00,2015,349,13:00:00,349.54,136.0,0.0,510.0,4.0,113.0,33.0,-1.0,2638.0,0.0,0.0,762.0,762.0,0.0,0.0,813.0,223.0,275.0,275.0,56.0,56.0,3293850
PAYS DE LA LOIRE,2016-07-14 09:00:00,2016,196,09:00:00,196.38,14.0,0.0,38.0,80.0,1.0,38.0,0.0,1897.0,0.0,0.0,1880.0,1337.0,0.0,0.0,649.0,477.0,8.0,8.0,63.0,63.0,3737632
BRETAGNE,2018-01-27 02:30:00,2018,27,02:30:00,27.1,233.0,0.0,25.0,0.0,21.0,44.0,-25.0,2765.0,0.0,0.0,904.0,904.0,0.0,0.0,951.0,250.0,270.0,270.0,67.0,67.0,3335414
BOURGOGNE FRANCHE COMTE,2019-09-21 13:30:00,2019,264,13:30:00,264.56,57.0,0.0,152.0,222.0,7.0,24.0,-5.0,1571.0,0.0,0.0,401.0,401.0,0.0,0.0,831.0,341.0,521.0,521.0,68.0,68.0,2805580
CENTRE VAL DE LOIRE,2018-01-26 22:30:00,2018,26,22:30:00,26.94,113.0,10245.0,79.0,0.0,67.0,60.0,0.0,-7917.0,0.0,0.0,216.0,216.0,11630.0,10320.0,996.0,284.0,91.0,91.0,76.0,76.0,2572853
BRETAGNE,2013-02-28 01:30:00,2013,59,01:30:00,59.06,65.0,0.0,133.0,0.0,174.0,18.0,-1.0,3163.0,0.0,0.0,658.0,658.0,0.0,0.0,716.0,202.0,11.0,11.0,36.0,36.0,3258707
BRETAGNE,2018-07-20 23:30:00,2018,201,23:30:00,201.98,1.0,0.0,79.0,0.0,0.0,48.0,-1.0,2073.0,0.0,0.0,904.0,770.0,0.0,0.0,975.0,253.0,270.0,270.0,69.0,69.0,3335414
CENTRE VAL DE LOIRE,2016-09-24 03:00:00,2016,268,03:00:00,268.12,0.0,6486.0,164.0,0.0,0.0,45.0,0.0,-5319.0,0.0,0.0,170.0,170.0,11630.0,10690.0,896.0,259.0,91.0,91.0,71.0,71.0,2577866
PAYS DE LA LOIRE,2021-06-18 19:00:00,2021,169,19:00:00,169.79,0.0,0.0,48.0,88.0,2.0,61.0,0.0,2381.0,0.0,0.0,2056.0,2056.0,0.0,0.0,1097.0,746.0,10.0,10.0,78.0,78.0,3853999
AUVERGNE RHONE ALPES,2016-03-08 17:30:00,2016,68,17:30:00,68.73,637.0,11815.0,127.0,54.0,4412.0,111.0,-3.0,-6975.0,0.0,0.0,959.0,959.0,13570.0,12785.0,384.0,897.0,11205.0,11037.0,170.0,170.0,7916889
PAYS DE LA LOIRE,2016-12-03 20:30:00,2016,338,20:30:00,338.85,565.0,0.0,428.0,0.0,0.0,47.0,0.0,2992.0,0.0,0.0,1905.0,1290.0,0.0,0.0,687.0,490.0,8.0,8.0,63.0,63.0,3737632
OCCITANIE,2019-06-09 02:30:00,2019,160,02:30:00,160.1,0.0,514.0,389.0,0.0,808.0,94.0,-628.0,1674.0,0.0,0.0,307.0,307.0,2620.0,1310.0,1559.0,2051.0,5489.0,5312.0,146.0,146.0,5933185
PROVENCE ALPES COTE D AZUR,2020-11-03 07:30:00,2020,308,07:30:00,308.31,1444.0,0.0,0.0,0.0,1503.0,108.0,0.0,1003.0,0.0,0.0,2714.0,2472.0,0.0,0.0,48.0,1536.0,3262.0,3231.0,357.0,357.0,5098666
BOURGOGNE FRANCHE COMTE,2020-04-02 11:30:00,2020,93,11:30:00,93.48,61.0,0.0,5.0,187.0,38.0,45.0,0.0,2065.0,0.0,0.0,401.0,401.0,0.0,0.0,877.0,347.0,521.0,521.0,69.0,69.0,2801695
PROVENCE ALPES COTE D AZUR,2013-01-05 07:00:00,2013,5,07:00:00,5.29,317.0,0.0,38.0,0.0,1143.0,64.0,0.0,3709.0,0.0,0.0,2590.0,2528.0,0.0,0.0,45.0,667.0,3158.0,3158.0,149.0,149.0,4953675
BOURGOGNE FRANCHE COMTE,2021-04-19 23:30:00,2021,109,23:30:00,109.98,61.0,0.0,43.0,0.0,73.0,49.0,0.0,2175.0,0.0,0.0,401.0,401.0,0.0,0.0,955.0,416.0,523.0,523.0,71.0,71.0,2800194
NOUVELLE AQUITAINE,2015-03-01 20:30:00,2015,60,20:30:00,60.85,134.0,4654.0,327.0,0.0,805.0,174.0,0.0,-803.0,0.0,0.0,427.0,427.0,6630.0,5720.0,479.0,1428.0,1774.0,1774.0,234.0,234.0,5911482
CENTRE VAL DE LOIRE,2014-01-01 09:30:00,2014,1,09:30:00,1.4,73.0,8549.0,514.0,2.0,7.0,53.0,0.0,-7110.0,0.0,0.0,162.0,162.0,11630.0,11630.0,739.0,214.0,91.0,91.0,56.0,56.0,2577435
BOURGOGNE FRANCHE COMTE,2017-12-27 23:30:00,2017,361,23:30:00,361.98,163.0,0.0,494.0,0.0,280.0,25.0,0.0,1856.0,0.0,0.0,356.0,356.0,0.0,0.0,676.0,304.0,520.0,520.0,35.0,35.0,2811423
BRETAGNE,2022-01-05 07:00:00,2022,5,07:00:00,5.29,252.0,0.0,173.0,0.0,42.0,55.0,-1.0,3096.0,0.0,0.0,1429.0,983.0,0.0,0.0,1149.0,356.0,272.0,272.0,82.0,82.0,3414637
HAUTS DE FRANCE,2021-03-18 15:30:00,2021,77,15:30:00,77.65,1313.0,4572.0,1001.0,46.0,2.0,135.0,0.0,-328.0,0.0,0.0,2990.0,2990.0,5460.0,5460.0,5430.0,315.0,5.0,5.0,182.0,182.0,5995292
NOUVELLE AQUITAINE,2017-11-29 09:00:00,2017,333,09:00:00,333.38,217.0,6734.0,15.0,59.0,475.0,154.0,0.0,-239.0,0.0,0.0,478.0,478.0,6630.0,6630.0,882.0,2199.0,1780.0,1780.0,307.0,307.0,5956978
NORMANDIE,2017-06-11 22:30:00,2017,162,22:30:00,162.94,326.0,3662.0,151.0,0.0,14.0,46.0,0.0,-1552.0,0.0,0.0,785.0,205.0,10640.0,9310.0,622.0,222.0,31.0,31.0,98.0,98.0,3330478
BRETAGNE,2019-01-08 19:00:00,2019,8,19:00:00,8.79,265.0,0.0,182.0,0.0,13.0,35.0,-1.0,3358.0,0.0,0.0,956.0,822.0,0.0,0.0,995.0,261.0,270.0,270.0,70.0,70.0,3354854
BRETAGNE,2016-05-12 10:00:00,2016,133,10:00:00,133.42,1.0,0.0,9.0,17.0,5.0,35.0,-1.0,2540.0,0.0,0.0,771.0,686.0,0.0,0.0,853.0,226.0,275.0,275.0,56.0,56.0,3306529
PAYS DE LA LOIRE,2018-01-25 19:00:00,2018,25,19:00:00,25.79,185.0,0.0,134.0,0.0,3.0,49.0,0.0,4073.0,0.0,0.0,1954.0,1954.0,0.0,0.0,786.0,534.0,8.0,8.0,69.0,69.0,3781423
BRETAGNE,2013-10-21 10:00:00,2013,294,10:00:00,294.42,1.0,0.0,402.0,8.0,2.0,24.0,-1.0,2139.0,0.0,0.0,669.0,669.0,0.0,0.0,730.0,206.0,251.0,251.0,48.0,48.0,3258707
PROVENCE ALPES COTE D AZUR,2014-04-25 11:30:00,2014,115,11:30:00,115.48,150.0,0.0,10.0,289.0,1672.0,62.0,0.0,2475.0,0.0,0.0,2592.0,2318.0,0.0,0.0,45.0,820.0,3160.0,3160.0,170.0,170.0,4983438
NORMANDIE,2013-07-23 14:30:00,2013,204,14:30:00,204.6,776.0,7699.0,54.0,39.0,14.0,46.0,0.0,-5485.0,0.0,0.0,761.0,761.0,10640.0,10640.0,444.0,209.0,23.0,23.0,88.0,88.0,3328364
NORMANDIE,2016-05-26 01:30:00,2016,147,01:30:00,147.06,227.0,5922.0,71.0,0.0,11.0,28.0,0.0,-3639.0,0.0,0.0,773.0,193.0,10640.0,9417.0,563.0,218.0,31.0,31.0,95.0,95.0,3335929
PAYS DE LA LOIRE,2013-04-09 04:00:00,2013,99,04:00:00,99.17,654.0,0.0,417.0,0.0,2.0,26.0,0.0,2117.0,0.0,0.0,1837.0,1152.0,0.0,0.0,466.0,389.0,5.0,5.0,57.0,57.0,3660852
BRETAGNE,2017-08-06 13:30:00,2017,218,13:30:00,218.56,1.0,0.0,8.0,117.0,211.0,49.0,-1.0,1362.0,0.0,0.0,848.0,848.0,0.0,0.0,916.0,239.0,270.0,270.0,66.0,66.0,3318904
BOURGOGNE FRANCHE COMTE,2014-12-28 15:30:00,2014,362,15:30:00,362.65,103.0,0.0,207.0,1.0,50.0,23.0,0.0,2077.0,0.0,0.0,325.0,80.0,0.0,0.0,344.0,253.0,510.0,510.0,28.0,28.0,2820623
OCCITANIE,2022-07-07 11:00:00,2022,188,11:00:00,188.46,0.0,1247.0,631.0,1743.0,613.0,106.0,0.0,-49.0,0.0,0.0,326.0,326.0,2620.0,1310.0,1593.0,2971.0,5503.0,5348.0,174.0,174.0,6067101
PROVENCE ALPES COTE D AZUR,2014-11-05 13:30:00,2014,309,13:30:00,309.56,1587.0,0.0,28.0,95.0,1050.0,66.0,0.0,2398.0,0.0,0.0,2595.0,2321.0,0.0,0.0,45.0,877.0,3168.0,3168.0,170.0,170.0,4983438
HAUTS DE FRANCE,2022-09-13 12:00:00,2022,256,12:00:00,256.5,1345.0,3382.0,580.0,103.0,0.0,87.0,0.0,224.0,0.0,0.0,2996.0,2852.0,5460.0,4596.0,5912.0,458.0,6.0,6.0,197.0,197.0,5990765
NOUVELLE AQUITAINE,2019-12-29 12:00:00,2019,363,12:00:00,363.5,160.0,5814.0,75.0,502.0,799.0,178.0,0.0,-1078.0,0.0,0.0,571.0,571.0,6630.0,5720.0,1075.0,2615.0,1783.0,1678.0,340.0,340.0,6010289
PAYS DE LA LOIRE,2021-11-18 22:00:00,2021,322,22:00:00,322.92,700.0,0.0,113.0,0.0,1.0,59.0,0.0,2683.0,0.0,0.0,2065.0,2065.0,0.0,0.0,1124.0,779.0,10.0,10.0,79.0,79.0,3853999
AUVERGNE RHONE ALPES,2017-09-17 01:30:00,2017,260,01:30:00,260.06,30.0,12338.0,65.0,0.0,905.0,91.0,-996.0,-6832.0,0.0,0.0,985.0,985.0,13570.0,12655.0,486.0,962.0,11246.0,11050.0,178.0,178.0,7948287
BOURGOGNE FRANCHE COMTE,2013-06-15 23:30:00,2013,166,23:30:00,166.98,28.0,0.0,15.0,0.0,177.0,9.0,0.0,1593.0,0.0,0.0,301.0,301.0,0.0,0.0,204.0,229.0,480.0,480.0,24.0,24.0,2819783
PROVENCE ALPES COTE D AZUR,2016-03-23 11:00:00,2016,83,11:00:00,83.46,1363.0,0.0,47.0,584.0,1518.0,108.0,0.0,1476.0,0.0,0.0,2614.0,2350.0,0.0,0.0,48.0,999.0,3178.0,3054.0,204.0,204.0,5021928
BRETAGNE,2017-11-25 07:00:00,2017,329,07:00:00,329.29,171.0,0.0,348.0,0.0,11.0,40.0,-1.0,2123.0,0.0,0.0,891.0,891.0,0.0,0.0,934.0,248.0,270.0,270.0,67.0,67.0,3318904
NORMANDIE,2015-10-08 13:00:00,2015,281,13:00:00,281.54,225.0,7394.0,2.0,44.0,9.0,48.0,0.0,-4473.0,0.0,0.0,773.0,486.0,10640.0,9310.0,538.0,216.0,24.0,24.0,95.0,95.0,3339131
ILE DE FRANCE,2013-12-19 16:00:00,2013,353,16:00:00,353.67,391.0,0.0,3.0,3.0,7.0,129.0,0.0,10179.0,0.0,0.0,2122.0,1872.0,0.0,0.0,37.0,110.0,19.0,19.0,282.0,282.0,11959807
PROVENCE ALPES COTE D AZUR,2020-09-15 23:00:00,2020,259,23:00:00,259.96,362.0,0.0,0.0,0.0,1154.0,49.0,0.0,2451.0,0.0,0.0,2710.0,2289.0,0.0,0.0,48.0,1507.0,3262.0,3161.0,357.0,207.0,5098666
AUVERGNE RHONE ALPES,2020-07-02 09:30:00,2020,184,09:30:00,184.4,350.0,7022.0,49.0,291.0,4885.0,97.0,-25.0,-5542.0,0.0,0.0,1034.0,1034.0,13570.0,12676.0,647.0,1279.0,11746.0,11549.0,192.0,192.0,8078652
HAUTS DE FRANCE,2013-03-22 05:30:00,2013,81,05:30:00,81.23,787.0,3664.0,608.0,0.0,1.0,72.0,0.0,1444.0,0.0,0.0,2268.0,2268.0,5460.0,5460.0,2114.0,210.0,4.0,4.0,122.0,122.0,5987883
AUVERGNE RHONE ALPES,2015-01-01 06:30:00,2015,1,06:30:00,1.27,205.0,12486.0,36.0,0.0,2207.0,93.0,-896.0,-5401.0,0.0,0.0,940.0,940.0,13570.0,13060.0,357.0,855.0,11165.0,10901.0,141.0,141.0,7877698
HAUTS DE FRANCE,2019-08-10 15:00:00,2019,222,15:00:00,222.62,303.0,2904.0,3410.0,84.0,0.0,122.0,0.0,-2558.0,0.0,0.0,2969.0,2557.0,5460.0,4666.0,4531.0,238.0,5.0,5.0,178.0,178.0,6004947
CENTRE VAL DE LOIRE,2013-08-15 01:00:00,2013,227,01:00:00,227.04,6.0,6122.0,36.0,0.0,0.0,37.0,0.0,-4636.0,0.0,0.0,162.0,162.0,11630.0,11630.0,707.0,211.0,91.0,91.0,56.0,56.0,2570548
PAYS DE LA LOIRE,2016-12-12 00:00:00,2016,347,00:00:00,347.0,1093.0,0.0,45.0,0.0,1.0,47.0,0.0,2485.0,0.0,0.0,1905.0,1325.0,0.0,0.0,697.0,491.0,8.0,8.0,63.0,63.0,3737632
HAUTS DE FRANCE,2015-01-07 10:00:00,2015,7,10:00:00,7.42,1319.0,5509.0,432.0,8.0,2.0,88.0,0.0,1120.0,0.0,0.0,2301.0,2301.0,5460.0,5460.0,2595.0,212.0,5.0,5.0,155.0,155.0,6009976
GRAND EST,2020-02-19 03:30:00,2020,50,03:30:00,50.15,272.0,9762.0,2973.0,0.0,999.0,121.0,-513.0,-8167.0,0.0,0.0,3535.0,3535.0,10820.0,9727.0,3606.0,611.0,2303.0,2090.0,179.0,179.0,5562651
AUVERGNE RHONE ALPES,2021-03-23 03:30:00,2021,82,03:30:00,82.15,534.0,10248.0,232.0,0.0,2162.0,117.0,-3.0,-4952.0,0.0,0.0,1047.0,1047.0,13570.0,12690.0,723.0,1429.0,11767.0,11619.0,208.0,208.0,8114361
NOUVELLE AQUITAINE,2018-07-02 16:30:00,2018,183,16:30:00,183.69,26.0,3963.0,84.0,1388.0,440.0,170.0,0.0,-1287.0,0.0,0.0,482.0,482.0,6630.0,5695.0,924.0,2356.0,1781.0,1669.0,315.0,315.0,5979778
OCCITANIE,2016-12-19 01:30:00,2016,354,01:30:00,354.06,65.0,2602.0,48.0,0.0,707.0,89.0,-443.0,2256.0,0.0,0.0,273.0,273.0,2620.0,2620.0,1182.0,1670.0,5463.0,5233.0,140.0,140.0,5808435
GRAND EST,2021-01-24 09:00:00,2021,24,09:00:00,24.38,269.0,9039.0,699.0,13.0,968.0,129.0,-340.0,-5057.0,0.0,0.0,3585.0,3172.0,10820.0,9785.0,3849.0,695.0,2305.0,2103.0,199.0,199.0,5561287
CENTRE VAL DE LOIRE,2021-11-11 13:30:00,2021,315,13:30:00,315.56,71.0,7934.0,10.0,288.0,4.0,61.0,0.0,-6035.0,0.0,0.0,229.0,229.0,11630.0,10735.0,1360.0,663.0,92.0,92.0,90.0,90.0,2573303
BOURGOGNE FRANCHE COMTE,2020-10-22 21:30:00,2020,296,21:30:00,296.9,60.0,0.0,193.0,0.0,33.0,42.0,0.0,2119.0,0.0,0.0,401.0,401.0,0.0,0.0,889.0,386.0,522.0,522.0,71.0,71.0,2801695
AUVERGNE RHONE ALPES,2017-07-10 16:30:00,2017,191,16:30:00,191.69,31.0,8672.0,111.0,144.0,2864.0,106.0,-16.0,-4323.0,0.0,0.0,985.0,584.0,13570.0,12632.0,486.0,953.0,11246.0,11062.0,178.0,178.0,7948287
BRETAGNE,2015-09-24 11:00:00,2015,267,11:00:00,267.46,0.0,0.0,85.0,28.0,70.0,30.0,-1.0,2340.0,0.0,0.0,724.0,639.0,0.0,0.0,801.0,222.0,275.0,275.0,55.0,55.0,3293850
NORMANDIE,2018-01-26 04:00:00,2018,26,04:00:00,26.17,411.0,9065.0,170.0,0.0,16.0,56.0,0.0,-6241.0,0.0,0.0,813.0,813.0,10640.0,9310.0,705.0,233.0,31.0,31.0,102.0,102.0,3327477
HAUTS DE FRANCE,2018-03-30 04:30:00,2018,89,04:30:00,89.19,795.0,4463.0,818.0,0.0,2.0,111.0,0.0,-422.0,0.0,0.0,2922.0,2922.0,5460.0,4550.0,3829.0,218.0,5.0,5.0,170.0,170.0,6004108
GRAND EST,2015-06-01 02:30:00,2015,152,02:30:00,152.1,39.0,9004.0,760.0,0.0,1117.0,57.0,-351.0,-6780.0,0.0,0.0,3420.0,3132.0,10820.0,9877.0,2386.0,524.0,2284.0,2284.0,115.0,115.0,5559051
OCCITANIE,2015-03-04 10:00:00,2015,63,10:00:00,63.42,58.0,2600.0,538.0,125.0,2499.0,77.0,-8.0,-462.0,0.0,0.0,266.0,266.0,2620.0,2620.0,943.0,1378.0,5441.0,5194.0,133.0,133.0,5774185
PROVENCE ALPES COTE D AZUR,2017-12-04 07:30:00,2017,338,07:30:00,338.31,2492.0,0.0,37.0,0.0,1531.0,108.0,0.0,2720.0,0.0,0.0,2651.0,2345.0,0.0,0.0,48.0,1181.0,3227.0,3227.0,357.0,357.0,5030890
ILE DE FRANCE,2016-02-03 03:30:00,2016,34,03:30:00,34.15,417.0,0.0,6.0,0.0,6.0,153.0,0.0,7010.0,0.0,0.0,2149.0,2149.0,0.0,0.0,61.0,114.0,19.0,19.0,300.0,300.0,12117132
PAYS DE LA LOIRE,2014-02-05 12:00:00,2014,36,12:00:00,36.5,142.0,0.0,465.0,116.0,3.0,38.0,0.0,3818.0,0.0,0.0,1864.0,1864.0,0.0,0.0,518.0,401.0,6.0,6.0,58.0,58.0,3690833
AUVERGNE RHONE ALPES,2015-08-07 05:30:00,2015,219,05:30:00,219.23,44.0,11182.0,40.0,0.0,1661.0,90.0,-1065.0,-6478.0,0.0,0.0,944.0,543.0,13570.0,12655.0,372.0,887.0,11183.0,10920.0,141.0,141.0,7877698
GRAND EST,2015-08-20 18:00:00,2015,232,18:00:00,232.75,23.0,11995.0,27.0,102.0,814.0,56.0,0.0,-8583.0,0.0,0.0,3420.0,3199.0,10820.0,10690.0,2450.0,525.0,2284.0,2284.0,119.0,119.0,5559051
NOUVELLE AQUITAINE,2018-03-29 11:30:00,2018,88,11:30:00,88.48,165.0,4284.0,277.0,1169.0,842.0,181.0,0.0,-618.0,0.0,0.0,482.0,482.0,6630.0,5330.0,903.0,2294.0,1781.0,1663.0,314.0,314.0,5979778
GRAND EST,2019-04-26 22:30:00,2019,116,22:30:00,116.94,647.0,8165.0,838.0,0.0,896.0,108.0,0.0,-5749.0,0.0,0.0,3531.0,3531.0,10820.0,9506.0,3355.0,565.0,2302.0,2040.0,169.0,169.0,5556219
AUVERGNE RHONE ALPES,2021-04-04 04:00:00,2021,94,04:00:00,94.17,12.0,6670.0,242.0,0.0,3086.0,97.0,-328.0,-3791.0,0.0,0.0,1047.0,1047.0,13570.0,12690.0,723.0,1439.0,11767.0,11619.0,208.0,208.0,8114361
PROVENCE ALPES COTE D AZUR,2020-04-03 18:30:00,2020,94,18:30:00,94.77,246.0,0.0,10.0,302.0,1909.0,101.0,0.0,1468.0,0.0,0.0,2710.0,2382.0,0.0,0.0,48.0,1455.0,3256.0,3256.0,357.0,207.0,5098666
OCCITANIE,2018-04-16 18:00:00,2018,106,18:00:00,106.75,0.0,2575.0,545.0,492.0,1878.0,66.0,0.0,-1664.0,0.0,0.0,291.0,291.0,2620.0,2620.0,1386.0,1873.0,5482.0,5280.0,146.0,146.0,5885496
OCCITANIE,2013-12-10 07:30:00,2013,344,07:30:00,344.31,58.0,2619.0,50.0,0.0,3029.0,73.0,0.0,1030.0,0.0,0.0,251.0,251.0,2620.0,2620.0,889.0,1191.0,5395.0,5395.0,127.0,127.0,5683878
PAYS DE LA LOIRE,2022-05-19 05:00:00,2022,139,05:00:00,139.21,13.0,0.0,111.0,0.0,1.0,58.0,0.0,1908.0,0.0,0.0,2068.0,1668.0,0.0,0.0,1617.0,844.0,10.0,10.0,80.0,80.0,3878839
NORMANDIE,2015-11-07 07:30:00,2015,311,07:30:00,311.31,833.0,6277.0,228.0,0.0,8.0,57.0,0.0,-4749.0,0.0,0.0,773.0,773.0,10640.0,9310.0,538.0,216.0,24.0,24.0,95.0,95.0,3339131
BRETAGNE,2019-10-08 07:00:00,2019,281,07:00:00,281.29,1.0,0.0,66.0,0.0,4.0,42.0,0.0,2179.0,0.0,0.0,969.0,835.0,0.0,0.0,1021.0,269.0,272.0,272.0,74.0,74.0,3354854
BRETAGNE,2017-03-09 16:00:00,2017,68,16:00:00,68.67,197.0,0.0,45.0,31.0,7.0,39.0,-1.0,2474.0,0.0,0.0,848.0,763.0,0.0,0.0,887.0,233.0,275.0,275.0,60.0,60.0,3318904
NOUVELLE AQUITAINE,2019-02-17 02:30:00,2019,48,02:30:00,48.1,240.0,6569.0,740.0,-1.0,287.0,201.0,0.0,-2496.0,0.0,0.0,538.0,538.0,6630.0,6630.0,975.0,2445.0,1781.0,1676.0,319.0,319.0,6010289
OCCITANIE,2020-12-09 09:00:00,2020,344,09:00:00,344.38,87.0,1242.0,900.0,82.0,2745.0,88.0,0.0,1928.0,0.0,0.0,318.0,318.0,2620.0,1310.0,1593.0,2355.0,5498.0,5268.0,172.0,172.0,5973969
OCCITANIE,2015-09-14 00:00:00,2015,257,00:00:00,257.0,-5.0,1047.0,166.0,0.0,788.0,85.0,-4.0,1419.0,0.0,0.0,266.0,0.0,2620.0,1310.0,1039.0,1449.0,5455.0,5228.0,137.0,137.0,5774185
BOURGOGNE FRANCHE COMTE,2015-09-25 21:30:00,2015,268,21:30:00,268.9,22.0,0.0,78.0,0.0,171.0,24.0,0.0,2168.0,0.0,0.0,325.0,80.0,0.0,0.0,396.0,262.0,513.0,513.0,29.0,29.0,2820940
BOURGOGNE FRANCHE COMTE,2015-04-02 20:00:00,2015,92,20:00:00,92.83,61.0,0.0,31.0,0.0,203.0,18.0,0.0,2671.0,0.0,0.0,325.0,80.0,0.0,0.0,344.0,254.0,510.0,510.0,29.0,29.0,2820940
NOUVELLE AQUITAINE,2022-02-15 20:30:00,2022,46,20:30:00,46.85,209.0,3702.0,787.0,1.0,1295.0,190.0,0.0,146.0,0.0,0.0,578.0,578.0,6630.0,5135.0,1397.0,3499.0,1784.0,1672.0,356.0,356.0,6098051
HAUTS DE FRANCE,2015-12-22 01:30:00,2015,356,01:30:00,356.06,501.0,5297.0,1559.0,0.0,2.0,131.0,0.0,-1717.0,0.0,0.0,2301.0,2051.0,5460.0,5460.0,2878.0,213.0,5.0,5.0,160.0,160.0,6009976
NORMANDIE,2020-09-14 15:00:00,2020,258,15:00:00,258.62,602.0,3726.0,46.0,116.0,8.0,52.0,0.0,-1816.0,0.0,0.0,838.0,503.0,10640.0,9310.0,819.0,267.0,31.0,31.0,113.0,113.0,3325522
CENTRE VAL DE LOIRE,2013-10-28 17:00:00,2013,301,17:00:00,301.71,11.0,6392.0,510.0,5.0,32.0,30.0,0.0,-4977.0,0.0,0.0,162.0,162.0,11630.0,11630.0,739.0,213.0,91.0,91.0,56.0,56.0,2570548
HAUTS DE FRANCE,2019-04-05 10:00:00,2019,95,10:00:00,95.42,1532.0,3535.0,316.0,65.0,1.0,108.0,0.0,1250.0,0.0,0.0,2969.0,2969.0,5460.0,4550.0,4427.0,235.0,5.0,5.0,178.0,178.0,6004947
PROVENCE ALPES COTE D AZUR,2014-11-11 21:30:00,2014,315,21:30:00,315.9,777.0,0.0,23.0,0.0,1163.0,63.0,-50.0,2631.0,0.0,0.0,2595.0,2321.0,0.0,0.0,45.0,877.0,3168.0,3168.0,170.0,170.0,4983438
CENTRE VAL DE LOIRE,2013-10-29 21:00:00,2013,302,21:00:00,302.88,9.0,6344.0,211.0,0.0,3.0,37.0,0.0,-4480.0,0.0,0.0,162.0,162.0,11630.0,11630.0,739.0,213.0,91.0,91.0,56.0,56.0,2570548
AUVERGNE RHONE ALPES,2017-06-11 04:00:00,2017,162,04:00:00,162.17,35.0,6064.0,31.0,0.0,2806.0,92.0,-821.0,-3302.0,0.0,0.0,985.0,584.0,13570.0,12582.0,486.0,951.0,11246.0,11043.0,178.0,178.0,7948287
GRAND EST,2013-06-10 08:30:00,2013,161,08:30:00,161.35,80.0,8744.0,49.0,30.0,1299.0,45.0,0.0,-5371.0,0.0,0.0,3398.0,3163.0,10820.0,9520.0,1896.0,503.0,2280.0,2280.0,86.0,86.0,5552388
HAUTS DE FRANCE,2016-04-17 11:00:00,2016,108,11:00:00,108.46,254.0,3413.0,251.0,56.0,3.0,106.0,0.0,1328.0,0.0,0.0,2864.0,2864.0,5460.0,4683.0,2919.0,213.0,5.0,5.0,160.0,160.0,6006870
NORMANDIE,2014-03-31 15:30:00,2014,90,15:30:00,90.65,309.0,6424.0,47.0,47.0,19.0,60.0,0.0,-3858.0,0.0,0.0,761.0,181.0,10640.0,10640.0,453.0,211.0,24.0,24.0,89.0,89.0,3335645
BOURGOGNE FRANCHE COMTE,2013-06-01 06:30:00,2013,152,06:30:00,152.27,28.0,0.0,84.0,0.0,106.0,10.0,0.0,1685.0,0.0,0.0,301.0,301.0,0.0,0.0,204.0,228.0,480.0,480.0,24.0,24.0,2819783
BRETAGNE,2021-05-20 01:00:00,2021,140,01:00:00,140.04,1.0,0.0,29.0,0.0,1.0,54.0,-27.0,2206.0,0.0,0.0,982.0,982.0,0.0,0.0,1086.0,321.0,272.0,272.0,81.0,81.0,3394567
NORMANDIE,2018-05-14 10:00:00,2018,134,10:00:00,134.42,831.0,5402.0,340.0,45.0,23.0,47.0,0.0,-3707.0,0.0,0.0,813.0,491.0,10640.0,9402.0,712.0,234.0,31.0,31.0,103.0,103.0,3327477
CENTRE VAL DE LOIRE,2022-12-01 13:30:00,2022,335,13:30:00,335.56,119.0,8749.0,290.0,71.0,2.0,51.0,0.0,-6733.0,0.0,0.0,229.0,229.0,11630.0,10739.0,1566.0,798.0,93.0,93.0,91.0,91.0,2572916
AUVERGNE RHONE ALPES,2021-06-02 02:00:00,2021,153,02:00:00,153.08,11.0,9592.0,165.0,0.0,2955.0,111.0,-500.0,-6758.0,0.0,0.0,1047.0,1047.0,13570.0,12690.0,723.0,1475.0,11770.0,11623.0,208.0,208.0,8114361
PROVENCE ALPES COTE D AZUR,2018-06-21 02:30:00,2018,172,02:30:00,172.1,27.0,0.0,0.0,0.0,1754.0,65.0,0.0,1956.0,0.0,0.0,2666.0,2267.0,0.0,0.0,48.0,1269.0,3233.0,3074.0,357.0,207.0,5052832
BRETAGNE,2018-03-26 11:00:00,2018,85,11:00:00,85.46,233.0,0.0,56.0,89.0,49.0,41.0,-1.0,2978.0,0.0,0.0,904.0,904.0,0.0,0.0,951.0,252.0,270.0,270.0,68.0,68.0,3335414
ILE DE FRANCE,2017-03-23 21:30:00,2017,82,21:30:00,82.9,391.0,0.0,5.0,0.0,10.0,131.0,0.0,8801.0,0.0,0.0,2149.0,1621.0,0.0,0.0,73.0,116.0,19.0,19.0,301.0,301.0,12174880
BOURGOGNE FRANCHE COMTE,2022-04-05 18:00:00,2022,95,18:00:00,95.75,26.0,0.0,170.0,58.0,46.0,47.0,0.0,2300.0,0.0,0.0,401.0,401.0,0.0,0.0,1049.0,522.0,524.0,524.0,74.0,74.0,2797366
NORMANDIE,2022-02-03 23:00:00,2022,34,23:00:00,34.96,317.0,8916.0,180.0,0.0,12.0,97.0,0.0,-5450.0,0.0,0.0,852.0,852.0,10640.0,9501.0,920.0,306.0,31.0,31.0,148.0,148.0,3327604
NOUVELLE AQUITAINE,2015-04-24 01:00:00,2015,114,01:00:00,114.04,57.0,4427.0,30.0,0.0,544.0,129.0,0.0,-968.0,0.0,0.0,427.0,427.0,6630.0,6022.0,479.0,1487.0,1774.0,1669.0,239.0,239.0,5911482
NORMANDIE,2017-10-24 08:00:00,2017,297,08:00:00,297.33,346.0,5599.0,162.0,0.0,12.0,41.0,0.0,-2937.0,0.0,0.0,802.0,222.0,10640.0,9682.0,701.0,223.0,31.0,31.0,100.0,100.0,3330478
HAUTS DE FRANCE,2015-09-05 05:30:00,2015,248,05:30:00,248.23,317.0,3479.0,99.0,0.0,1.0,114.0,0.0,201.0,0.0,0.0,2301.0,2051.0,5460.0,4550.0,2765.0,213.0,5.0,5.0,160.0,160.0,6009976
HAUTS DE FRANCE,2013-04-01 12:30:00,2013,91,12:30:00,91.52,716.0,3651.0,964.0,65.0,1.0,73.0,0.0,1286.0,0.0,0.0,2268.0,2268.0,5460.0,5460.0,2114.0,210.0,4.0,4.0,138.0,138.0,5987883
HAUTS DE FRANCE,2022-03-26 07:30:00,2022,85,07:30:00,85.31,1237.0,2582.0,1846.0,19.0,3.0,125.0,0.0,-631.0,0.0,0.0,2990.0,2853.0,5460.0,4550.0,5729.0,440.0,6.0,6.0,190.0,190.0,5990765
NORMANDIE,2019-08-08 04:30:00,2019,220,04:30:00,220.19,235.0,4349.0,33.0,0.0,10.0,53.0,0.0,-2714.0,0.0,0.0,833.0,253.0,10640.0,9310.0,806.0,257.0,31.0,31.0,106.0,106.0,3325032
BOURGOGNE FRANCHE COMTE,2018-07-30 14:30:00,2018,211,14:30:00,211.6,51.0,0.0,29.0,180.0,46.0,28.0,0.0,1923.0,0.0,0.0,386.0,386.0,0.0,0.0,692.0,308.0,520.0,443.0,37.0,37.0,2807807
AUVERGNE RHONE ALPES,2022-07-03 06:00:00,2022,184,06:00:00,184.25,11.0,8930.0,2.0,0.0,1406.0,115.0,-1359.0,-4366.0,0.0,0.0,1048.0,628.0,13570.0,12744.0,723.0,1721.0,11787.0,11633.0,208.0,208.0,8155762
AUVERGNE RHONE ALPES,2016-06-08 15:00:00,2016,160,15:00:00,160.62,30.0,7180.0,51.0,435.0,4025.0,89.0,-8.0,-4586.0,0.0,0.0,959.0,959.0,13570.0,12649.0,398.0,917.0,11211.0,11020.0,170.0,170.0,7916889
BOURGOGNE FRANCHE COMTE,2019-09-20 19:00:00,2019,263,19:00:00,263.79,59.0,0.0,230.0,20.0,194.0,24.0,0.0,1692.0,0.0,0.0,401.0,401.0,0.0,0.0,831.0,341.0,521.0,521.0,68.0,68.0,2805580
BOURGOGNE FRANCHE COMTE,2013-12-16 06:00:00,2013,350,06:00:00,350.25,102.0,0.0,92.0,0.0,93.0,17.0,0.0,2881.0,0.0,0.0,313.0,313.0,0.0,0.0,216.0,241.0,490.0,490.0,25.0,25.0,2819783
NORMANDIE,2019-09-30 20:00:00,2019,273,20:00:00,273.83,106.0,2496.0,359.0,2.0,9.0,49.0,0.0,-53.0,0.0,0.0,833.0,253.0,10640.0,9310.0,806.0,258.0,31.0,31.0,108.0,108.0,3325032
NOUVELLE AQUITAINE,2017-10-04 05:00:00,2017,277,05:00:00,277.21,80.0,6552.0,47.0,-1.0,87.0,177.0,0.0,-3387.0,0.0,0.0,465.0,465.0,6630.0,6036.0,842.0,2042.0,1780.0,1670.0,307.0,307.0,5956978
NORMANDIE,2022-01-08 09:00:00,2022,8,09:00:00,8.38,274.0,6317.0,549.0,0.0,12.0,90.0,0.0,-3402.0,0.0,0.0,852.0,852.0,10640.0,9443.0,911.0,305.0,31.0,31.0,148.0,148.0,3327604
AUVERGNE RHONE ALPES,2018-03-19 22:00:00,2018,78,22:00:00,78.92,186.0,10318.0,115.0,0.0,3601.0,124.0,-3.0,-5294.0,0.0,0.0,1000.0,1000.0,13570.0,12538.0,578.0,1026.0,11254.0,11075.0,179.0,179.0,7994459
BRETAGNE,2013-01-08 07:30:00,2013,8,07:30:00,8.31,63.0,0.0,76.0,0.0,81.0,18.0,-1.0,3363.0,0.0,0.0,658.0,658.0,0.0,0.0,716.0,201.0,11.0,11.0,36.0,36.0,3258707
NORMANDIE,2014-05-04 11:30:00,2014,124,11:30:00,124.48,230.0,8720.0,0.0,63.0,30.0,52.0,0.0,-6401.0,0.0,0.0,761.0,181.0,10640.0,10640.0,473.0,212.0,24.0,24.0,89.0,89.0,3335645
NOUVELLE AQUITAINE,2015-08-19 15:30:00,2015,231,15:30:00,231.65,12.0,4694.0,13.0,917.0,57.0,129.0,0.0,-1446.0,0.0,0.0,427.0,427.0,6630.0,5720.0,534.0,1535.0,1775.0,1775.0,239.0,239.0,5911482
OCCITANIE,2017-12-22 12:00:00,2017,356,12:00:00,356.5,84.0,2479.0,884.0,249.0,1263.0,91.0,0.0,1072.0,0.0,0.0,291.0,291.0,2620.0,1570.0,1365.0,1807.0,5481.0,5481.0,145.0,145.0,5845102
NOUVELLE AQUITAINE,2021-08-27 13:30:00,2021,239,13:30:00,239.56,26.0,4001.0,321.0,2001.0,90.0,192.0,0.0,-1689.0,0.0,0.0,578.0,578.0,6630.0,5135.0,1311.0,3245.0,1784.0,1784.0,354.0,354.0,6069352
CENTRE VAL DE LOIRE,2014-09-23 02:30:00,2014,266,02:30:00,266.1,1.0,6418.0,400.0,0.0,4.0,40.0,0.0,-5332.0,0.0,0.0,162.0,162.0,11630.0,11630.0,801.0,220.0,91.0,91.0,69.0,69.0,2577435
ILE DE FRANCE,2021-03-04 13:00:00,2021,63,13:00:00,63.54,402.0,0.0,17.0,43.0,8.0,136.0,0.0,8634.0,0.0,0.0,2171.0,2171.0,0.0,0.0,125.0,171.0,20.0,20.0,314.0,314.0,12317279
BRETAGNE,2016-02-26 11:00:00,2016,57,11:00:00,57.46,150.0,0.0,325.0,56.0,18.0,32.0,-1.0,3190.0,0.0,0.0,771.0,771.0,0.0,0.0,829.0,225.0,275.0,275.0,56.0,56.0,3306529
CENTRE VAL DE LOIRE,2021-10-09 23:00:00,2021,282,23:00:00,282.96,14.0,6895.0,206.0,0.0,1.0,63.0,0.0,-5548.0,0.0,0.0,229.0,229.0,11630.0,10732.0,1360.0,604.0,92.0,92.0,90.0,90.0,2573303
BOURGOGNE FRANCHE COMTE,2017-09-18 18:30:00,2017,261,18:30:00,261.77,25.0,0.0,18.0,23.0,33.0,26.0,0.0,2329.0,0.0,0.0,331.0,331.0,0.0,0.0,647.0,271.0,519.0,519.0,34.0,34.0,2811423
BRETAGNE,2016-09-15 14:30:00,2016,259,14:30:00,259.6,1.0,0.0,17.0,51.0,149.0,38.0,-1.0,2177.0,0.0,0.0,773.0,688.0,0.0,0.0,877.0,230.0,275.0,275.0,57.0,57.0,3306529
NORMANDIE,2016-08-23 04:00:00,2016,236,04:00:00,236.17,223.0,5722.0,96.0,0.0,14.0,54.0,0.0,-3891.0,0.0,0.0,773.0,193.0,10640.0,9401.0,598.0,219.0,31.0,31.0,96.0,96.0,3335929
PROVENCE ALPES COTE D AZUR,2020-02-12 03:30:00,2020,43,03:30:00,43.15,280.0,0.0,18.0,0.0,1288.0,111.0,-50.0,3083.0,0.0,0.0,2705.0,2376.0,0.0,0.0,48.0,1449.0,3249.0,3249.0,357.0,207.0,5098666
PROVENCE ALPES COTE D AZUR,2019-02-05 12:00:00,2019,36,12:00:00,36.5,1930.0,0.0,21.0,776.0,1486.0,97.0,0.0,1933.0,0.0,0.0,2674.0,2296.0,0.0,0.0,48.0,1330.0,3239.0,3076.0,357.0,207.0,5081101
NORMANDIE,2015-11-29 06:00:00,2015,333,06:00:00,333.25,781.0,6249.0,487.0,0.0,7.0,55.0,0.0,-4609.0,0.0,0.0,773.0,623.0,10640.0,9310.0,538.0,216.0,24.0,24.0,95.0,95.0,3339131
ILE DE FRANCE,2014-08-04 11:00:00,2014,216,11:00:00,216.46,-3.0,0.0,0.0,18.0,6.0,122.0,0.0,6641.0,0.0,0.0,2122.0,2122.0,0.0,0.0,37.0,111.0,19.0,19.0,282.0,282.0,12027565
HAUTS DE FRANCE,2022-03-22 05:30:00,2022,81,05:30:00,81.23,1340.0,2576.0,1031.0,0.0,3.0,122.0,0.0,292.0,0.0,0.0,2990.0,2990.0,5460.0,4550.0,5729.0,440.0,6.0,6.0,190.0,190.0,5990765
PAYS DE LA LOIRE,2013-11-11 21:30:00,2013,315,21:30:00,315.9,1004.0,0.0,57.0,0.0,2.0,37.0,0.0,1773.0,0.0,0.0,1854.0,1854.0,0.0,0.0,502.0,397.0,6.0,6.0,58.0,58.0,3660852
BRETAGNE,2013-07-03 19:30:00,2013,184,19:30:00,184.81,0.0,0.0,90.0,31.0,0.0,27.0,0.0,2127.0,0.0,0.0,665.0,665.0,0.0,0.0,722.0,205.0,11.0,11.0,47.0,47.0,3258707
PAYS DE LA LOIRE,2021-05-20 06:00:00,2021,140,06:00:00,140.25,404.0,0.0,38.0,0.0,4.0,54.0,0.0,2073.0,0.0,0.0,2056.0,2056.0,0.0,0.0,1097.0,740.0,10.0,10.0,78.0,78.0,3853999
PROVENCE ALPES COTE D AZUR,2013-03-19 12:30:00,2013,78,12:30:00,78.52,1017.0,0.0,0.0,385.0,1322.0,42.0,0.0,3110.0,0.0,0.0,2590.0,2528.0,0.0,0.0,45.0,672.0,3158.0,3158.0,149.0,149.0,4953675
OCCITANIE,2019-02-09 00:00:00,2019,40,00:00:00,40.0,94.0,2543.0,88.0,0.0,1117.0,96.0,-476.0,2579.0,0.0,0.0,307.0,307.0,2620.0,2620.0,1499.0,1989.0,5485.0,5308.0,146.0,146.0,5933185
ILE DE FRANCE,2021-02-07 10:30:00,2021,38,10:30:00,38.44,386.0,0.0,71.0,4.0,0.0,141.0,0.0,8734.0,0.0,0.0,2171.0,2171.0,0.0,0.0,125.0,171.0,20.0,20.0,314.0,314.0,12317279
CENTRE VAL DE LOIRE,2017-03-24 18:30:00,2017,83,18:30:00,83.77,96.0,11369.0,369.0,2.0,33.0,62.0,0.0,-9436.0,0.0,0.0,198.0,198.0,11630.0,11630.0,937.0,266.0,91.0,91.0,76.0,76.0,2576252
PAYS DE LA LOIRE,2018-08-16 06:30:00,2018,228,06:30:00,228.27,12.0,0.0,14.0,0.0,0.0,38.0,0.0,1994.0,0.0,0.0,1976.0,1769.0,0.0,0.0,824.0,549.0,8.0,8.0,70.0,70.0,3781423
BOURGOGNE FRANCHE COMTE,2014-07-31 01:30:00,2014,212,01:30:00,212.06,15.0,0.0,7.0,0.0,164.0,16.0,0.0,1469.0,0.0,0.0,313.0,68.0,0.0,0.0,254.0,251.0,508.0,508.0,26.0,26.0,2820623
CENTRE VAL DE LOIRE,2015-10-06 19:30:00,2015,279,19:30:00,279.81,4.0,6811.0,525.0,0.0,18.0,39.0,0.0,-5202.0,0.0,0.0,166.0,166.0,11630.0,10756.0,842.0,240.0,91.0,91.0,71.0,71.0,2578592
HAUTS DE FRANCE,2014-10-25 15:30:00,2014,298,15:30:00,298.65,317.0,4523.0,112.0,30.0,1.0,67.0,0.0,63.0,0.0,0.0,2301.0,2301.0,5460.0,5460.0,2476.0,212.0,5.0,5.0,142.0,142.0,6006156
PAYS DE LA LOIRE,2021-07-09 07:30:00,2021,190,07:30:00,190.31,0.0,0.0,30.0,22.0,2.0,65.0,0.0,2505.0,0.0,0.0,2056.0,2056.0,0.0,0.0,1105.0,751.0,10.0,10.0,78.0,78.0,3853999
HAUTS DE FRANCE,2017-04-10 03:00:00,2017,100,03:00:00,100.12,554.0,3293.0,797.0,0.0,2.0,80.0,0.0,-173.0,0.0,0.0,2900.0,2900.0,5460.0,4550.0,3405.0,214.0,5.0,5.0,164.0,164.0,6003815
HAUTS DE FRANCE,2021-10-07 07:00:00,2021,280,07:00:00,280.29,1527.0,2650.0,51.0,0.0,1.0,87.0,0.0,1579.0,0.0,0.0,2990.0,2990.0,5460.0,4550.0,5579.0,420.0,5.0,5.0,183.0,183.0,5995292
CENTRE VAL DE LOIRE,2020-05-22 01:00:00,2020,143,01:00:00,143.04,2.0,7959.0,235.0,0.0,11.0,69.0,0.0,-6633.0,0.0,0.0,229.0,229.0,11630.0,10769.0,1256.0,364.0,92.0,92.0,86.0,86.0,2574863
PROVENCE ALPES COTE D AZUR,2022-09-10 06:30:00,2022,253,06:30:00,253.27,460.0,0.0,16.0,0.0,172.0,62.0,-51.0,2640.0,0.0,0.0,2724.0,2377.0,0.0,0.0,96.0,1870.0,3267.0,3216.0,357.0,357.0,5150362
GRAND EST,2016-10-05 02:30:00,2016,279,02:30:00,279.1,935.0,8629.0,1561.0,0.0,480.0,90.0,-176.0,-6888.0,0.0,0.0,3424.0,3424.0,10820.0,9625.0,2660.0,529.0,2295.0,2093.0,137.0,137.0,5555186
OCCITANIE,2014-02-07 20:00:00,2014,38,20:00:00,38.83,67.0,2570.0,58.0,0.0,3232.0,69.0,-16.0,-291.0,0.0,0.0,251.0,251.0,2620.0,2620.0,889.0,1209.0,5398.0,5398.0,127.0,127.0,5730753
HAUTS DE FRANCE,2013-07-12 23:00:00,2013,193,23:00:00,193.96,269.0,4375.0,290.0,0.0,1.0,76.0,0.0,263.0,0.0,0.0,2268.0,2034.0,5460.0,5460.0,2193.0,210.0,5.0,5.0,139.0,139.0,5987883
AUVERGNE RHONE ALPES,2019-08-01 18:00:00,2019,213,18:00:00,213.75,371.0,9201.0,32.0,242.0,2960.0,121.0,-19.0,-6022.0,0.0,0.0,1027.0,1027.0,13570.0,12710.0,635.0,1171.0,11631.0,11465.0,190.0,190.0,8042936
ILE DE FRANCE,2013-02-21 16:30:00,2013,52,16:30:00,52.69,1189.0,0.0,14.0,4.0,0.0,131.0,0.0,11504.0,0.0,0.0,2121.0,2121.0,0.0,0.0,37.0,108.0,19.0,19.0,262.0,262.0,11959807
AUVERGNE RHONE ALPES,2019-06-01 22:00:00,2019,152,22:00:00,152.92,37.0,7886.0,53.0,0.0,6171.0,112.0,-8.0,-8397.0,0.0,0.0,1027.0,1027.0,13570.0,12701.0,635.0,1154.0,11247.0,11071.0,189.0,189.0,8042936
BOURGOGNE FRANCHE COMTE,2014-09-26 15:30:00,2014,269,15:30:00,269.65,23.0,0.0,1.0,108.0,176.0,19.0,0.0,2021.0,0.0,0.0,313.0,68.0,0.0,0.0,254.0,252.0,508.0,508.0,28.0,28.0,2820623
AUVERGNE RHONE ALPES,2019-10-05 21:30:00,2019,278,21:30:00,278.9,391.0,9323.0,123.0,0.0,2125.0,100.0,-5.0,-6027.0,0.0,0.0,1027.0,1027.0,13570.0,12565.0,635.0,1197.0,11632.0,11437.0,191.0,191.0,8042936
CENTRE VAL DE LOIRE,2021-08-30 14:00:00,2021,242,14:00:00,242.58,11.0,8895.0,300.0,173.0,0.0,51.0,0.0,-7366.0,0.0,0.0,229.0,229.0,11630.0,10740.0,1360.0,593.0,92.0,92.0,89.0,89.0,2573303
HAUTS DE FRANCE,2015-11-19 22:30:00,2015,323,22:30:00,323.94,1002.0,4349.0,902.0,0.0,1.0,109.0,0.0,-376.0,0.0,0.0,2301.0,2051.0,5460.0,4550.0,2847.0,213.0,5.0,5.0,160.0,160.0,6009976
ILE DE FRANCE,2021-05-16 07:00:00,2021,136,07:00:00,136.29,0.0,0.0,32.0,3.0,11.0,133.0,0.0,5261.0,0.0,0.0,2171.0,2171.0,0.0,0.0,125.0,173.0,20.0,20.0,314.0,314.0,12317279
NORMANDIE,2019-05-24 18:30:00,2019,144,18:30:00,144.77,337.0,7727.0,55.0,52.0,14.0,56.0,0.0,-5591.0,0.0,0.0,833.0,833.0,10640.0,9310.0,801.0,255.0,31.0,31.0,106.0,106.0,3325032
HAUTS DE FRANCE,2020-08-23 15:30:00,2020,236,15:30:00,236.65,914.0,3495.0,2168.0,51.0,0.0,130.0,0.0,-2787.0,0.0,0.0,2983.0,2398.0,5460.0,4550.0,5127.0,250.0,5.0,5.0,181.0,181.0,5997734
NOUVELLE AQUITAINE,2017-07-21 09:30:00,2017,202,09:30:00,202.4,43.0,4503.0,24.0,260.0,287.0,190.0,0.0,-479.0,0.0,0.0,465.0,465.0,6630.0,5542.0,752.0,1975.0,1780.0,1669.0,306.0,306.0,5956978
HAUTS DE FRANCE,2015-09-20 18:30:00,2015,263,18:30:00,263.77,332.0,3517.0,37.0,16.0,1.0,105.0,0.0,542.0,0.0,0.0,2301.0,2051.0,5460.0,4550.0,2774.0,213.0,5.0,5.0,160.0,160.0,6009976
ILE DE FRANCE,2013-05-09 14:00:00,2013,129,14:00:00,129.58,1.0,0.0,4.0,35.0,0.0,123.0,0.0,6511.0,0.0,0.0,2121.0,2121.0,0.0,0.0,37.0,109.0,19.0,19.0,262.0,262.0,11959807
NOUVELLE AQUITAINE,2022-09-12 13:00:00,2022,255,13:00:00,255.54,78.0,2256.0,111.0,2173.0,70.0,171.0,0.0,-47.0,0.0,0.0,579.0,579.0,6630.0,5671.0,1592.0,3761.0,1786.0,1675.0,356.0,356.0,6098051
ILE DE FRANCE,2015-09-21 05:30:00,2015,264,05:30:00,264.23,-3.0,0.0,0.0,0.0,9.0,133.0,0.0,5119.0,0.0,0.0,2144.0,1719.0,0.0,0.0,49.0,113.0,19.0,19.0,300.0,300.0,12082144
ILE DE FRANCE,2021-06-18 21:30:00,2021,169,21:30:00,169.9,0.0,0.0,16.0,1.0,9.0,121.0,0.0,6326.0,0.0,0.0,2171.0,2171.0,0.0,0.0,125.0,174.0,20.0,20.0,314.0,314.0,12317279
CENTRE VAL DE LOIRE,2020-07-07 01:30:00,2020,189,01:30:00,189.06,12.0,4682.0,339.0,0.0,1.0,71.0,0.0,-3367.0,0.0,0.0,229.0,229.0,11630.0,10763.0,1256.0,375.0,92.0,92.0,88.0,88.0,2574863
BRETAGNE,2021-10-23 14:30:00,2021,296,14:30:00,296.6,43.0,0.0,94.0,83.0,219.0,53.0,-1.0,1743.0,0.0,0.0,1428.0,1428.0,0.0,0.0,1106.0,348.0,272.0,272.0,82.0,82.0,3394567
CENTRE VAL DE LOIRE,2016-06-25 13:00:00,2016,177,13:00:00,177.54,0.0,6685.0,89.0,99.0,19.0,48.0,0.0,-5274.0,0.0,0.0,170.0,170.0,11630.0,10791.0,874.0,250.0,91.0,91.0,71.0,71.0,2577866
ILE DE FRANCE,2015-02-11 09:00:00,2015,42,09:00:00,42.38,1101.0,0.0,6.0,4.0,1.0,126.0,0.0,11616.0,0.0,0.0,2144.0,1559.0,0.0,0.0,37.0,112.0,19.0,19.0,286.0,286.0,12082144
GRAND EST,2022-07-02 01:00:00,2022,183,01:00:00,183.04,1300.0,1204.0,45.0,2.0,1066.0,149.0,0.0,328.0,0.0,0.0,3590.0,3163.0,10820.0,9709.0,4290.0,1068.0,2308.0,1985.0,235.0,235.0,5563889
HAUTS DE FRANCE,2017-03-28 18:30:00,2017,87,18:30:00,87.77,1894.0,3646.0,638.0,21.0,2.0,107.0,0.0,-536.0,0.0,0.0,2900.0,2900.0,5460.0,4550.0,3375.0,214.0,5.0,5.0,164.0,164.0,6003815
CENTRE VAL DE LOIRE,2022-11-27 06:30:00,2022,331,06:30:00,331.27,32.0,7742.0,297.0,0.0,1.0,51.0,0.0,-6299.0,0.0,0.0,229.0,229.0,11630.0,10744.0,1551.0,797.0,93.0,93.0,91.0,91.0,2572916
BRETAGNE,2020-09-05 11:00:00,2020,249,11:00:00,249.46,1.0,0.0,86.0,81.0,3.0,56.0,-56.0,1803.0,0.0,0.0,978.0,978.0,0.0,0.0,1028.0,288.0,272.0,272.0,80.0,80.0,3373835
NORMANDIE,2013-02-23 10:30:00,2013,54,10:30:00,54.44,1751.0,9022.0,138.0,14.0,24.0,54.0,0.0,-5994.0,0.0,0.0,761.0,761.0,10640.0,10640.0,423.0,207.0,22.0,22.0,88.0,88.0,3328364
OCCITANIE,2013-03-30 01:00:00,2013,89,01:00:00,89.04,63.0,2496.0,118.0,0.0,2223.0,72.0,0.0,-707.0,0.0,0.0,245.0,245.0,2620.0,2620.0,861.0,1051.0,5375.0,5375.0,126.0,126.0,5683878
HAUTS DE FRANCE,2019-04-21 03:00:00,2019,111,03:00:00,111.12,354.0,2577.0,968.0,0.0,3.0,136.0,0.0,316.0,0.0,0.0,2969.0,2384.0,5460.0,4550.0,4467.0,235.0,5.0,5.0,178.0,178.0,6004947
NOUVELLE AQUITAINE,2018-02-23 10:00:00,2018,54,10:00:00,54.42,210.0,6621.0,214.0,429.0,1205.0,184.0,0.0,-595.0,0.0,0.0,482.0,482.0,6630.0,5720.0,882.0,2267.0,1781.0,1667.0,314.0,314.0,5979778
CENTRE VAL DE LOIRE,2021-10-04 01:00:00,2021,277,01:00:00,277.04,0.0,4596.0,388.0,0.0,1.0,58.0,0.0,-3568.0,0.0,0.0,229.0,229.0,11630.0,10732.0,1360.0,603.0,92.0,92.0,90.0,90.0,2573303
OCCITANIE,2019-10-30 13:00:00,2019,303,13:00:00,303.54,0.0,1270.0,13.0,843.0,1638.0,88.0,-9.0,410.0,0.0,0.0,307.0,307.0,2620.0,1310.0,1570.0,2145.0,5489.0,5181.0,146.0,146.0,5933185
BOURGOGNE FRANCHE COMTE,2021-05-23 11:30:00,2021,143,11:30:00,143.48,23.0,0.0,280.0,163.0,199.0,43.0,0.0,1310.0,0.0,0.0,401.0,401.0,0.0,0.0,955.0,425.0,523.0,523.0,71.0,71.0,2800194
HAUTS DE FRANCE,2013-08-29 16:30:00,2013,241,16:30:00,241.69,564.0,3551.0,67.0,53.0,0.0,51.0,0.0,1104.0,0.0,0.0,2268.0,2268.0,5460.0,5460.0,2205.0,210.0,5.0,5.0,139.0,139.0,5987883
PAYS DE LA LOIRE,2015-04-30 19:00:00,2015,120,19:00:00,120.79,18.0,0.0,107.0,14.0,3.0,36.0,0.0,3200.0,0.0,0.0,1867.0,1234.0,0.0,0.0,545.0,446.0,7.0,7.0,59.0,59.0,3718512
OCCITANIE,2021-01-29 01:30:00,2021,29,01:30:00,29.06,90.0,2458.0,315.0,0.0,1921.0,84.0,-474.0,184.0,0.0,0.0,318.0,318.0,2620.0,1310.0,1593.0,2397.0,5498.0,5264.0,172.0,172.0,6022176
BRETAGNE,2016-02-03 18:30:00,2016,34,18:30:00,34.77,154.0,0.0,173.0,0.0,20.0,33.0,-1.0,3011.0,0.0,0.0,770.0,770.0,0.0,0.0,829.0,224.0,275.0,275.0,56.0,56.0,3306529
BOURGOGNE FRANCHE COMTE,2018-07-28 17:30:00,2018,209,17:30:00,209.73,23.0,0.0,200.0,100.0,11.0,30.0,-1.0,1388.0,0.0,0.0,386.0,386.0,0.0,0.0,692.0,308.0,520.0,443.0,37.0,37.0,2807807
GRAND EST,2020-04-11 06:00:00,2020,102,06:00:00,102.25,58.0,5035.0,495.0,0.0,628.0,113.0,0.0,-3178.0,0.0,0.0,3535.0,3089.0,10820.0,9539.0,3606.0,618.0,2303.0,1928.0,183.0,183.0,5562651
NORMANDIE,2022-05-08 16:30:00,2022,128,16:30:00,128.69,172.0,2518.0,69.0,134.0,15.0,96.0,0.0,-890.0,0.0,0.0,852.0,852.0,10640.0,9425.0,933.0,310.0,31.0,31.0,148.0,148.0,3327604
ILE DE FRANCE,2017-03-07 17:00:00,2017,66,17:00:00,66.71,823.0,0.0,4.0,10.0,1.0,136.0,0.0,9164.0,0.0,0.0,2149.0,1619.0,0.0,0.0,73.0,116.0,19.0,19.0,301.0,301.0,12174880
BOURGOGNE FRANCHE COMTE,2015-07-26 08:00:00,2015,207,08:00:00,207.33,25.0,0.0,44.0,23.0,18.0,21.0,0.0,1334.0,0.0,0.0,325.0,80.0,0.0,0.0,362.0,255.0,513.0,513.0,29.0,29.0,2820940
OCCITANIE,2022-05-05 16:00:00,2022,125,16:00:00,125.67,4.0,1258.0,655.0,1339.0,1476.0,72.0,0.0,-1111.0,0.0,0.0,326.0,326.0,2620.0,1310.0,1593.0,2917.0,5503.0,5381.0,174.0,174.0,6067101
AUVERGNE RHONE ALPES,2020-02-21 14:00:00,2020,52,14:00:00,52.58,200.0,9672.0,132.0,689.0,3424.0,138.0,-96.0,-5274.0,0.0,0.0,1034.0,1034.0,13570.0,12699.0,647.0,1244.0,11741.0,11587.0,192.0,192.0,8078652
AUVERGNE RHONE ALPES,2014-11-02 12:30:00,2014,306,12:30:00,306.52,165.0,7645.0,96.0,228.0,1177.0,119.0,-1417.0,-1451.0,0.0,0.0,940.0,940.0,13570.0,12655.0,347.0,835.0,11153.0,11001.0,141.0,141.0,7820966
PAYS DE LA LOIRE,2017-07-09 12:00:00,2017,190,12:00:00,190.5,638.0,0.0,29.0,176.0,0.0,41.0,0.0,1413.0,0.0,0.0,1921.0,1322.0,0.0,0.0,727.0,501.0,8.0,8.0,66.0,66.0,3757600
AUVERGNE RHONE ALPES,2016-07-20 00:30:00,2016,202,00:30:00,202.02,50.0,5689.0,120.0,0.0,3336.0,101.0,-26.0,-2835.0,0.0,0.0,959.0,959.0,13570.0,12666.0,399.0,919.0,11219.0,11060.0,170.0,170.0,7916889
BRETAGNE,2019-07-28 19:30:00,2019,209,19:30:00,209.81,1.0,0.0,53.0,30.0,3.0,54.0,-1.0,1592.0,0.0,0.0,960.0,960.0,0.0,0.0,1021.0,267.0,270.0,270.0,73.0,73.0,3354854
NORMANDIE,2014-06-05 15:30:00,2014,156,15:30:00,156.65,222.0,9720.0,25.0,56.0,25.0,50.0,0.0,-7217.0,0.0,0.0,761.0,181.0,10640.0,10640.0,473.0,212.0,24.0,24.0,90.0,90.0,3335645
OCCITANIE,2019-09-17 17:30:00,2019,260,17:30:00,260.73,0.0,2417.0,26.0,660.0,273.0,69.0,-12.0,766.0,0.0,0.0,307.0,307.0,2620.0,2620.0,1559.0,2120.0,5489.0,5228.0,146.0,146.0,5933185
OCCITANIE,2017-11-19 18:30:00,2017,323,18:30:00,323.77,67.0,2517.0,521.0,0.0,1398.0,97.0,-8.0,812.0,0.0,0.0,282.0,282.0,2620.0,2620.0,1273.0,1775.0,5477.0,5250.0,144.0,144.0,5845102
GRAND EST,2021-07-22 18:30:00,2021,203,18:30:00,203.77,1039.0,6327.0,198.0,259.0,1257.0,141.0,0.0,-4352.0,0.0,0.0,3585.0,3585.0,10820.0,9940.0,3925.0,902.0,2305.0,2103.0,208.0,208.0,5561287
PROVENCE ALPES COTE D AZUR,2021-12-20 00:30:00,2021,354,00:30:00,354.02,1458.0,0.0,10.0,0.0,283.0,90.0,0.0,4183.0,0.0,0.0,2724.0,2460.0,0.0,0.0,96.0,1747.0,3266.0,3222.0,357.0,357.0,5127840
GRAND EST,2017-08-15 21:30:00,2017,227,21:30:00,227.9,50.0,7496.0,470.0,0.0,1387.0,83.0,0.0,-5692.0,0.0,0.0,3453.0,3004.0,10820.0,9740.0,2996.0,548.0,2298.0,1947.0,141.0,141.0,5549586
OCCITANIE,2022-07-28 05:00:00,2022,209,05:00:00,209.21,0.0,1256.0,145.0,0.0,359.0,105.0,-841.0,2144.0,0.0,0.0,326.0,326.0,2620.0,1310.0,1593.0,2999.0,5503.0,5348.0,174.0,174.0,6067101
OCCITANIE,2023-01-20 02:30:00,2023,20,02:30:00,20.1,80.0,1291.0,315.0,0.0,1378.0,79.0,-46.0,2497.0,0.0,0.0,326.0,326.0,2620.0,1310.0,1667.0,3139.0,5505.0,5470.0,175.0,175.0,6101005
CENTRE VAL DE LOIRE,2017-07-17 10:00:00,2017,198,10:00:00,198.42,0.0,6340.0,43.0,104.0,0.0,59.0,0.0,-4496.0,0.0,0.0,198.0,198.0,11630.0,10656.0,947.0,270.0,91.0,91.0,76.0,76.0,2576252
OCCITANIE,2018-01-12 18:00:00,2018,12,18:00:00,12.75,87.0,2602.0,350.0,0.0,2808.0,91.0,-17.0,252.0,0.0,0.0,291.0,291.0,2620.0,2620.0,1365.0,1811.0,5481.0,5293.0,145.0,145.0,5885496
CENTRE VAL DE LOIRE,2021-03-04 06:00:00,2021,63,06:00:00,63.25,87.0,8859.0,117.0,0.0,19.0,55.0,0.0,-7135.0,0.0,0.0,229.0,229.0,11630.0,10320.0,1278.0,482.0,92.0,92.0,88.0,88.0,2573303
OCCITANIE,2015-07-09 14:30:00,2015,190,14:30:00,190.6,-2.0,2299.0,542.0,953.0,1359.0,88.0,0.0,-784.0,0.0,0.0,266.0,0.0,2620.0,2620.0,1039.0,1410.0,5454.0,5255.0,133.0,133.0,5774185
PAYS DE LA LOIRE,2013-09-05 12:00:00,2013,248,12:00:00,248.5,1032.0,0.0,2.0,160.0,0.0,25.0,0.0,1995.0,0.0,0.0,1837.0,1837.0,0.0,0.0,490.0,395.0,5.0,5.0,58.0,58.0,3660852
BOURGOGNE FRANCHE COMTE,2016-02-14 05:30:00,2016,45,05:30:00,45.23,136.0,0.0,56.0,0.0,90.0,22.0,0.0,1893.0,0.0,0.0,329.0,329.0,0.0,0.0,414.0,264.0,513.0,513.0,29.0,29.0,2818338
ILE DE FRANCE,2013-05-28 03:30:00,2013,148,03:30:00,148.15,215.0,0.0,2.0,0.0,0.0,119.0,0.0,5326.0,0.0,0.0,2121.0,2121.0,0.0,0.0,37.0,109.0,19.0,19.0,265.0,265.0,11959807
AUVERGNE RHONE ALPES,2019-07-05 22:00:00,2019,186,22:00:00,186.92,39.0,11132.0,50.0,0.0,4321.0,106.0,-17.0,-8796.0,0.0,0.0,1027.0,1027.0,13570.0,12705.0,635.0,1157.0,11247.0,11083.0,190.0,190.0,8042936
NORMANDIE,2022-01-25 14:00:00,2022,25,14:00:00,25.58,539.0,8992.0,1.0,25.0,12.0,89.0,0.0,-4633.0,0.0,0.0,852.0,852.0,10640.0,9472.0,920.0,305.0,31.0,31.0,148.0,148.0,3327604
NORMANDIE,2017-12-06 12:30:00,2017,340,12:30:00,340.52,516.0,8985.0,100.0,10.0,18.0,48.0,0.0,-5414.0,0.0,0.0,813.0,233.0,10640.0,9694.0,705.0,233.0,31.0,31.0,100.0,100.0,3330478
GRAND EST,2021-12-25 03:30:00,2021,359,03:30:00,359.15,547.0,4964.0,798.0,1.0,470.0,150.0,-521.0,-1920.0,0.0,0.0,3590.0,3590.0,10820.0,9901.0,4189.0,966.0,2306.0,2104.0,210.0,210.0,5561287
ILE DE FRANCE,2018-02-13 19:00:00,2018,44,19:00:00,44.79,442.0,0.0,17.0,0.0,0.0,124.0,0.0,13695.0,0.0,0.0,2157.0,2157.0,0.0,0.0,88.0,122.0,20.0,20.0,306.0,306.0,12213447
NOUVELLE AQUITAINE,2014-12-12 02:00:00,2014,346,02:00:00,346.08,125.0,4708.0,242.0,0.0,332.0,155.0,0.0,134.0,0.0,0.0,427.0,427.0,6630.0,5720.0,469.0,1333.0,1774.0,1774.0,229.0,229.0,5879144
PAYS DE LA LOIRE,2021-06-19 00:00:00,2021,170,00:00:00,170.0,36.0,0.0,28.0,0.0,2.0,63.0,0.0,2388.0,0.0,0.0,2056.0,2056.0,0.0,0.0,1097.0,746.0,10.0,10.0,78.0,78.0,3853999
PROVENCE ALPES COTE D AZUR,2015-02-07 19:00:00,2015,38,19:00:00,38.79,1293.0,0.0,18.0,0.0,1955.0,75.0,0.0,3877.0,0.0,0.0,2600.0,2314.0,0.0,0.0,45.0,883.0,3168.0,3168.0,183.0,183.0,5007977
PROVENCE ALPES COTE D AZUR,2016-09-29 14:00:00,2016,273,14:00:00,273.58,2006.0,0.0,1.0,657.0,513.0,107.0,0.0,1233.0,0.0,0.0,2614.0,2369.0,0.0,0.0,48.0,1047.0,3192.0,3192.0,354.0,354.0,5021928
BRETAGNE,2017-09-02 10:30:00,2017,245,10:30:00,245.44,1.0,0.0,7.0,77.0,99.0,46.0,-1.0,1704.0,0.0,0.0,848.0,848.0,0.0,0.0,916.0,240.0,270.0,270.0,66.0,66.0,3318904
CENTRE VAL DE LOIRE,2015-04-17 02:30:00,2015,107,02:30:00,107.1,0.0,7949.0,153.0,0.0,3.0,51.0,0.0,-6591.0,0.0,0.0,166.0,166.0,11630.0,10820.0,818.0,235.0,91.0,91.0,71.0,71.0,2578592
HAUTS DE FRANCE,2021-01-07 15:00:00,2021,7,15:00:00,7.62,2033.0,4585.0,345.0,14.0,2.0,133.0,0.0,428.0,0.0,0.0,2987.0,2987.0,5460.0,4550.0,5338.0,287.0,5.0,5.0,181.0,181.0,5995292
NOUVELLE AQUITAINE,2017-06-13 20:30:00,2017,164,20:30:00,164.85,46.0,3235.0,103.0,127.0,463.0,175.0,0.0,168.0,0.0,0.0,465.0,465.0,6630.0,5428.0,742.0,1966.0,1780.0,1669.0,306.0,306.0,5956978
BOURGOGNE FRANCHE COMTE,2021-04-24 04:30:00,2021,114,04:30:00,114.19,64.0,0.0,277.0,0.0,23.0,50.0,-68.0,1583.0,0.0,0.0,401.0,401.0,0.0,0.0,955.0,417.0,523.0,523.0,71.0,71.0,2800194
AUVERGNE RHONE ALPES,2013-10-30 20:30:00,2013,303,20:30:00,303.85,50.0,9288.0,138.0,0.0,5272.0,65.0,-5.0,-6926.0,0.0,0.0,924.0,924.0,13570.0,13570.0,335.0,740.0,11124.0,11124.0,108.0,108.0,7757595
BRETAGNE,2017-11-28 17:30:00,2017,332,17:30:00,332.73,169.0,0.0,135.0,0.0,1.0,37.0,-1.0,3068.0,0.0,0.0,891.0,891.0,0.0,0.0,934.0,249.0,270.0,270.0,67.0,67.0,3318904
BRETAGNE,2013-05-09 14:30:00,2013,129,14:30:00,129.6,0.0,0.0,507.0,89.0,111.0,21.0,0.0,1287.0,0.0,0.0,658.0,658.0,0.0,0.0,716.0,204.0,11.0,11.0,37.0,37.0,3258707
BRETAGNE,2022-06-19 23:00:00,2022,170,23:00:00,170.96,427.0,0.0,119.0,0.0,3.0,53.0,-1.0,1285.0,0.0,0.0,1432.0,1331.0,0.0,0.0,1179.0,373.0,272.0,272.0,82.0,82.0,3414637
PROVENCE ALPES COTE D AZUR,2015-09-24 15:00:00,2015,267,15:00:00,267.62,829.0,0.0,45.0,599.0,369.0,70.0,0.0,2374.0,0.0,0.0,2610.0,2256.0,0.0,0.0,48.0,949.0,3168.0,3042.0,183.0,183.0,5007977
PROVENCE ALPES COTE D AZUR,2017-11-30 09:00:00,2017,334,09:00:00,334.38,1983.0,0.0,8.0,114.0,1764.0,102.0,0.0,2430.0,0.0,0.0,2651.0,2273.0,0.0,0.0,48.0,1181.0,3227.0,3227.0,357.0,357.0,5030890
CENTRE VAL DE LOIRE,2021-07-22 14:00:00,2021,203,14:00:00,203.58,10.0,6853.0,131.0,378.0,5.0,64.0,0.0,-5528.0,0.0,0.0,229.0,229.0,11630.0,10740.0,1333.0,570.0,92.0,92.0,89.0,89.0,2573303
AUVERGNE RHONE ALPES,2017-12-21 20:00:00,2017,355,20:00:00,355.83,554.0,8748.0,142.0,0.0,4714.0,141.0,-6.0,-4031.0,0.0,0.0,1000.0,1000.0,13570.0,12724.0,548.0,998.0,11253.0,11048.0,179.0,179.0,7948287
GRAND EST,2020-11-19 03:00:00,2020,324,03:00:00,324.12,235.0,9627.0,1906.0,0.0,544.0,109.0,-343.0,-7135.0,0.0,0.0,3585.0,3172.0,10820.0,9671.0,3833.0,672.0,2305.0,2103.0,192.0,192.0,5562651
HAUTS DE FRANCE,2022-05-09 10:30:00,2022,129,10:30:00,129.44,1595.0,2939.0,25.0,202.0,2.0,103.0,0.0,633.0,0.0,0.0,2993.0,2494.0,5460.0,4616.0,5748.0,441.0,6.0,6.0,191.0,191.0,5990765
OCCITANIE,2015-02-18 22:00:00,2015,49,22:00:00,49.92,62.0,2602.0,87.0,0.0,2145.0,90.0,0.0,399.0,0.0,0.0,266.0,266.0,2620.0,2620.0,943.0,1377.0,5441.0,5184.0,133.0,133.0,5774185
NORMANDIE,2022-06-15 14:00:00,2022,166,14:00:00,166.58,263.0,3765.0,16.0,174.0,10.0,80.0,0.0,-1494.0,0.0,0.0,852.0,852.0,10640.0,9310.0,933.0,313.0,31.0,31.0,149.0,149.0,3327604
NOUVELLE AQUITAINE,2018-08-30 04:30:00,2018,242,04:30:00,242.19,66.0,3933.0,30.0,-1.0,113.0,191.0,0.0,-1089.0,0.0,0.0,485.0,485.0,6630.0,5759.0,947.0,2396.0,1781.0,1671.0,316.0,316.0,5979778
PROVENCE ALPES COTE D AZUR,2016-07-06 12:30:00,2016,188,12:30:00,188.52,858.0,0.0,38.0,705.0,1201.0,101.0,0.0,2216.0,0.0,0.0,2614.0,2260.0,0.0,0.0,48.0,1036.0,3191.0,3065.0,354.0,354.0,5021928
OCCITANIE,2022-06-21 06:00:00,2022,172,06:00:00,172.25,0.0,1241.0,56.0,0.0,493.0,58.0,-232.0,2076.0,0.0,0.0,326.0,326.0,2620.0,1310.0,1593.0,2956.0,5503.0,5320.0,174.0,174.0,6067101
PAYS DE LA LOIRE,2020-11-18 19:30:00,2020,323,19:30:00,323.81,564.0,0.0,283.0,0.0,2.0,54.0,0.0,2664.0,0.0,0.0,2054.0,2054.0,0.0,0.0,1046.0,676.0,10.0,10.0,77.0,77.0,3832120
CENTRE VAL DE LOIRE,2016-03-01 04:00:00,2016,61,04:00:00,61.17,67.0,11440.0,38.0,0.0,33.0,43.0,0.0,-8907.0,0.0,0.0,170.0,170.0,11630.0,11080.0,844.0,244.0,91.0,91.0,71.0,71.0,2577866
CENTRE VAL DE LOIRE,2018-07-03 22:00:00,2018,184,22:00:00,184.92,0.0,7612.0,194.0,0.0,1.0,53.0,0.0,-6022.0,0.0,0.0,216.0,216.0,11630.0,10726.0,1036.0,290.0,91.0,91.0,76.0,76.0,2572853
GRAND EST,2018-03-25 16:30:00,2018,84,16:30:00,84.69,531.0,7043.0,173.0,489.0,539.0,104.0,-527.0,-3641.0,0.0,0.0,3471.0,3471.0,10820.0,9691.0,3068.0,553.0,2300.0,1975.0,146.0,146.0,5550389
AUVERGNE RHONE ALPES,2014-12-28 16:30:00,2014,362,16:30:00,362.69,193.0,11610.0,154.0,2.0,1761.0,102.0,-844.0,-3833.0,0.0,0.0,940.0,940.0,13570.0,12655.0,357.0,855.0,11165.0,10866.0,141.0,141.0,7820966
NORMANDIE,2018-07-03 01:00:00,2018,184,01:00:00,184.04,656.0,6268.0,98.0,0.0,14.0,35.0,0.0,-4546.0,0.0,0.0,813.0,813.0,10640.0,9420.0,712.0,241.0,31.0,31.0,103.0,103.0,3327477
AUVERGNE RHONE ALPES,2014-07-10 16:00:00,2014,191,16:00:00,191.67,34.0,8446.0,144.0,56.0,4224.0,76.0,-18.0,-5317.0,0.0,0.0,938.0,938.0,13570.0,13570.0,347.0,818.0,11145.0,10993.0,140.0,140.0,7820966
OCCITANIE,2013-09-23 16:30:00,2013,266,16:30:00,266.69,-9.0,2460.0,142.0,441.0,516.0,55.0,0.0,90.0,0.0,0.0,246.0,246.0,2620.0,2620.0,889.0,1154.0,5387.0,5387.0,126.0,126.0,5683878
PAYS DE LA LOIRE,2013-07-22 21:30:00,2013,203,21:30:00,203.9,0.0,0.0,33.0,2.0,0.0,29.0,0.0,2421.0,0.0,0.0,1837.0,1837.0,0.0,0.0,490.0,393.0,5.0,5.0,58.0,58.0,3660852
ILE DE FRANCE,2017-08-29 10:30:00,2017,241,10:30:00,241.44,0.0,0.0,1.0,30.0,5.0,98.0,0.0,7468.0,0.0,0.0,2149.0,1852.0,0.0,0.0,88.0,117.0,19.0,19.0,301.0,301.0,12174880
PAYS DE LA LOIRE,2021-07-29 13:00:00,2021,210,13:00:00,210.54,0.0,0.0,52.0,341.0,1.0,56.0,0.0,2549.0,0.0,0.0,2056.0,2056.0,0.0,0.0,1115.0,755.0,10.0,10.0,78.0,78.0,3853999
PAYS DE LA LOIRE,2020-08-09 21:30:00,2020,222,21:30:00,222.9,206.0,0.0,115.0,0.0,0.0,53.0,0.0,1832.0,0.0,0.0,2050.0,2050.0,0.0,0.0,1000.0,656.0,10.0,10.0,77.0,77.0,3832120
CENTRE VAL DE LOIRE,2015-03-07 14:30:00,2015,66,14:30:00,66.6,77.0,11336.0,11.0,81.0,21.0,46.0,0.0,-9451.0,0.0,0.0,166.0,166.0,11630.0,11370.0,818.0,227.0,91.0,91.0,71.0,71.0,2578592
NORMANDIE,2016-02-12 00:30:00,2016,43,00:30:00,43.02,688.0,9029.0,126.0,0.0,19.0,54.0,0.0,-5790.0,0.0,0.0,773.0,773.0,10640.0,9518.0,538.0,217.0,31.0,31.0,95.0,95.0,3335929
OCCITANIE,2014-12-22 04:00:00,2014,356,04:00:00,356.17,66.0,1685.0,21.0,0.0,946.0,94.0,-658.0,2409.0,0.0,0.0,255.0,0.0,2620.0,2620.0,943.0,1347.0,5431.0,5204.0,132.0,132.0,5730753
OCCITANIE,2022-09-15 22:00:00,2022,258,22:00:00,258.92,13.0,1236.0,229.0,0.0,484.0,80.0,-4.0,1438.0,0.0,0.0,326.0,326.0,2620.0,1310.0,1593.0,3023.0,5504.0,5336.0,175.0,175.0,6067101
BRETAGNE,2016-06-28 12:00:00,2016,180,12:00:00,180.5,1.0,0.0,82.0,80.0,0.0,38.0,-1.0,2261.0,0.0,0.0,771.0,686.0,0.0,0.0,865.0,227.0,275.0,275.0,56.0,56.0,3306529
NORMANDIE,2015-11-14 13:00:00,2015,318,13:00:00,318.54,695.0,7614.0,295.0,17.0,6.0,51.0,0.0,-5183.0,0.0,0.0,773.0,533.0,10640.0,9310.0,538.0,216.0,24.0,24.0,95.0,95.0,3339131
CENTRE VAL DE LOIRE,2014-08-15 11:30:00,2014,227,11:30:00,227.48,1.0,7120.0,180.0,78.0,33.0,41.0,0.0,-5976.0,0.0,0.0,162.0,162.0,11630.0,11630.0,801.0,220.0,91.0,91.0,57.0,57.0,2577435
CENTRE VAL DE LOIRE,2013-02-03 18:00:00,2013,34,18:00:00,34.75,89.0,10576.0,379.0,0.0,33.0,24.0,0.0,-8276.0,0.0,0.0,157.0,157.0,11630.0,11630.0,662.0,208.0,91.0,91.0,41.0,41.0,2570548
ILE DE FRANCE,2022-09-15 22:30:00,2022,258,22:30:00,258.94,0.0,0.0,34.0,0.0,7.0,189.0,0.0,6069.0,0.0,0.0,2171.0,2029.0,0.0,0.0,148.0,235.0,20.0,20.0,314.0,314.0,12354286
BRETAGNE,2014-08-26 14:00:00,2014,238,14:00:00,238.58,1.0,0.0,351.0,77.0,180.0,30.0,-1.0,1816.0,0.0,0.0,688.0,688.0,0.0,0.0,771.0,215.0,272.0,272.0,52.0,52.0,3276543
OCCITANIE,2019-01-14 14:00:00,2019,14,14:00:00,14.58,89.0,2593.0,1035.0,559.0,1201.0,84.0,0.0,386.0,0.0,0.0,307.0,307.0,2620.0,2620.0,1485.0,1985.0,5485.0,5161.0,146.0,146.0,5933185
NORMANDIE,2018-05-12 09:30:00,2018,132,09:30:00,132.4,255.0,4974.0,7.0,13.0,23.0,54.0,0.0,-2843.0,0.0,0.0,813.0,233.0,10640.0,9310.0,712.0,234.0,31.0,31.0,103.0,103.0,3327477
AUVERGNE RHONE ALPES,2020-09-13 22:30:00,2020,257,22:30:00,257.94,358.0,9531.0,31.0,0.0,1802.0,121.0,-16.0,-6127.0,0.0,0.0,1034.0,1034.0,13570.0,12631.0,647.0,1300.0,11750.0,11558.0,193.0,193.0,8078652
OCCITANIE,2019-12-20 06:30:00,2019,354,06:30:00,354.27,91.0,2559.0,1082.0,0.0,2265.0,83.0,-886.0,-1021.0,0.0,0.0,308.0,308.0,2620.0,2620.0,1570.0,2158.0,5490.0,5313.0,146.0,146.0,5933185
OCCITANIE,2016-12-07 21:00:00,2016,342,21:00:00,342.88,65.0,2571.0,418.0,0.0,1295.0,98.0,0.0,1142.0,0.0,0.0,273.0,273.0,2620.0,2620.0,1172.0,1668.0,5463.0,5236.0,140.0,140.0,5808435
CENTRE VAL DE LOIRE,2019-07-12 15:00:00,2019,193,15:00:00,193.62,0.0,5529.0,143.0,137.0,0.0,59.0,0.0,-3765.0,0.0,0.0,229.0,229.0,11630.0,10654.0,1168.0,316.0,91.0,91.0,85.0,85.0,2573180
NOUVELLE AQUITAINE,2018-07-03 00:00:00,2018,184,00:00:00,184.0,25.0,4080.0,28.0,-1.0,485.0,171.0,0.0,-422.0,0.0,0.0,482.0,482.0,6630.0,5695.0,924.0,2356.0,1781.0,1669.0,315.0,315.0,5979778
AUVERGNE RHONE ALPES,2022-03-10 18:00:00,2022,69,18:00:00,69.75,479.0,10806.0,208.0,46.0,2408.0,140.0,-3.0,-5799.0,0.0,0.0,1048.0,1048.0,13570.0,12659.0,723.0,1658.0,11780.0,11640.0,208.0,208.0,8155762
PAYS DE LA LOIRE,2018-10-26 16:00:00,2018,299,16:00:00,299.67,1024.0,0.0,70.0,66.0,0.0,49.0,0.0,1934.0,0.0,0.0,1980.0,1835.0,0.0,0.0,849.0,556.0,8.0,8.0,70.0,70.0,3781423
AUVERGNE RHONE ALPES,2020-01-02 12:30:00,2020,2,12:30:00,2.52,597.0,11736.0,147.0,262.0,4633.0,140.0,-3.0,-7452.0,0.0,0.0,1032.0,1032.0,13570.0,12744.0,635.0,1230.0,11741.0,11602.0,191.0,191.0,8078652
BOURGOGNE FRANCHE COMTE,2021-08-30 01:00:00,2021,242,01:00:00,242.04,25.0,0.0,129.0,0.0,75.0,29.0,0.0,1323.0,0.0,0.0,401.0,401.0,0.0,0.0,969.0,461.0,524.0,524.0,72.0,72.0,2800194
GRAND EST,2018-07-30 06:30:00,2018,211,06:30:00,211.27,1186.0,6824.0,194.0,1.0,420.0,111.0,-34.0,-4924.0,0.0,0.0,3471.0,2980.0,10820.0,9658.0,3143.0,557.0,2300.0,1955.0,158.0,158.0,5550389
PROVENCE ALPES COTE D AZUR,2021-03-29 03:00:00,2021,88,03:00:00,88.12,144.0,0.0,1.0,0.0,460.0,90.0,-51.0,3587.0,0.0,0.0,2715.0,2386.0,0.0,0.0,96.0,1578.0,3266.0,3235.0,357.0,357.0,5127840
HAUTS DE FRANCE,2023-01-16 18:30:00,2023,16,18:30:00,16.77,1486.0,3647.0,3414.0,0.0,2.0,120.0,0.0,-1311.0,0.0,0.0,3003.0,2881.0,5460.0,4550.0,6095.0,463.0,6.0,6.0,198.0,198.0,5980697
NOUVELLE AQUITAINE,2022-03-30 06:00:00,2022,89,06:00:00,89.25,107.0,2760.0,79.0,1.0,277.0,150.0,0.0,701.0,0.0,0.0,578.0,578.0,6630.0,5428.0,1429.0,3575.0,1784.0,1672.0,356.0,356.0,6098051
PROVENCE ALPES COTE D AZUR,2020-09-24 19:00:00,2020,268,19:00:00,268.79,973.0,0.0,2.0,14.0,751.0,69.0,0.0,2478.0,0.0,0.0,2710.0,2351.0,0.0,0.0,48.0,1512.0,3262.0,3169.0,357.0,207.0,5098666
GRAND EST,2017-11-29 20:00:00,2017,333,20:00:00,333.83,2042.0,9327.0,533.0,0.0,1308.0,122.0,-6.0,-6284.0,0.0,0.0,3471.0,2960.0,10820.0,9666.0,3040.0,550.0,2299.0,1995.0,141.0,141.0,5549586
BOURGOGNE FRANCHE COMTE,2016-04-17 21:00:00,2016,108,21:00:00,108.88,26.0,0.0,13.0,0.0,101.0,21.0,0.0,2205.0,0.0,0.0,329.0,329.0,0.0,0.0,414.0,264.0,513.0,228.0,30.0,30.0,2818338
HAUTS DE FRANCE,2017-08-21 20:30:00,2017,233,20:30:00,233.85,919.0,3539.0,55.0,1.0,0.0,116.0,0.0,191.0,0.0,0.0,2910.0,2910.0,5460.0,4550.0,3557.0,215.0,5.0,5.0,165.0,165.0,6003815
BOURGOGNE FRANCHE COMTE,2014-05-29 09:00:00,2014,149,09:00:00,149.38,29.0,0.0,2.0,42.0,74.0,19.0,0.0,1672.0,0.0,0.0,313.0,68.0,0.0,0.0,254.0,246.0,508.0,508.0,25.0,25.0,2820623
BOURGOGNE FRANCHE COMTE,2018-05-15 17:30:00,2018,135,17:30:00,135.73,22.0,0.0,64.0,59.0,65.0,22.0,0.0,2122.0,0.0,0.0,386.0,386.0,0.0,0.0,676.0,306.0,520.0,443.0,36.0,36.0,2807807
NOUVELLE AQUITAINE,2018-10-06 19:30:00,2018,279,19:30:00,279.81,59.0,4239.0,632.0,1.0,274.0,159.0,0.0,-1321.0,0.0,0.0,485.0,485.0,6630.0,5428.0,947.0,2400.0,1781.0,1781.0,318.0,318.0,5979778
PAYS DE LA LOIRE,2015-09-13 12:00:00,2015,256,12:00:00,256.5,341.0,0.0,19.0,134.0,0.0,38.0,0.0,1728.0,0.0,0.0,1867.0,1271.0,0.0,0.0,560.0,455.0,7.0,7.0,61.0,61.0,3718512
PROVENCE ALPES COTE D AZUR,2013-05-26 19:00:00,2013,146,19:00:00,146.79,187.0,0.0,15.0,127.0,2276.0,33.0,0.0,1358.0,0.0,0.0,2590.0,2528.0,0.0,0.0,45.0,694.0,3158.0,3158.0,151.0,151.0,4953675
HAUTS DE FRANCE,2019-01-21 00:30:00,2019,21,00:30:00,21.02,2100.0,5421.0,400.0,0.0,2.0,123.0,0.0,-651.0,0.0,0.0,2969.0,2969.0,5460.0,5460.0,4359.0,235.0,5.0,5.0,177.0,177.0,6004947
PROVENCE ALPES COTE D AZUR,2020-10-07 23:30:00,2020,281,23:30:00,281.98,730.0,0.0,20.0,0.0,1343.0,76.0,0.0,2201.0,0.0,0.0,2711.0,2378.0,0.0,0.0,48.0,1525.0,3262.0,3231.0,357.0,357.0,5098666
ILE DE FRANCE,2013-04-26 23:30:00,2013,116,23:30:00,116.98,182.0,0.0,0.0,0.0,10.0,124.0,0.0,7773.0,0.0,0.0,2121.0,2121.0,0.0,0.0,37.0,109.0,19.0,19.0,262.0,262.0,11959807
PROVENCE ALPES COTE D AZUR,2014-05-22 22:30:00,2014,142,22:30:00,142.94,144.0,0.0,23.0,0.0,1525.0,53.0,0.0,2291.0,0.0,0.0,2592.0,2268.0,0.0,0.0,45.0,833.0,3161.0,3161.0,170.0,170.0,4983438
NORMANDIE,2020-10-27 21:30:00,2020,301,21:30:00,301.9,195.0,5861.0,283.0,0.0,13.0,63.0,0.0,-2985.0,0.0,0.0,838.0,838.0,10640.0,9373.0,831.0,270.0,31.0,31.0,115.0,115.0,3325522
BOURGOGNE FRANCHE COMTE,2013-11-25 20:30:00,2013,329,20:30:00,329.85,356.0,0.0,26.0,0.0,180.0,17.0,0.0,2729.0,0.0,0.0,313.0,313.0,0.0,0.0,204.0,240.0,490.0,490.0,25.0,25.0,2819783
NORMANDIE,2020-12-02 00:30:00,2020,337,00:30:00,337.02,719.0,5092.0,272.0,0.0,13.0,62.0,0.0,-2446.0,0.0,0.0,852.0,652.0,10640.0,9310.0,831.0,271.0,31.0,31.0,116.0,116.0,3325522
NORMANDIE,2018-01-17 14:00:00,2018,17,14:00:00,17.58,480.0,9042.0,579.0,28.0,17.0,51.0,0.0,-5922.0,0.0,0.0,813.0,233.0,10640.0,9310.0,705.0,233.0,31.0,31.0,102.0,102.0,3327477
NOUVELLE AQUITAINE,2020-06-24 22:00:00,2020,176,22:00:00,176.92,10.0,1210.0,31.0,0.0,469.0,187.0,0.0,2020.0,0.0,0.0,571.0,571.0,6630.0,5568.0,1153.0,2689.0,1783.0,1678.0,341.0,341.0,6033952
NOUVELLE AQUITAINE,2017-04-13 14:00:00,2017,103,14:00:00,103.58,79.0,5732.0,7.0,1481.0,420.0,180.0,0.0,-2807.0,0.0,0.0,465.0,465.0,6630.0,5720.0,734.0,1951.0,1780.0,1668.0,306.0,306.0,5956978
HAUTS DE FRANCE,2019-12-02 16:30:00,2019,336,16:30:00,336.69,2130.0,4447.0,126.0,4.0,2.0,136.0,0.0,347.0,0.0,0.0,2970.0,2970.0,5460.0,4689.0,4742.0,239.0,5.0,5.0,180.0,180.0,6004947
AUVERGNE RHONE ALPES,2018-04-10 08:30:00,2018,100,08:30:00,100.35,20.0,9415.0,248.0,25.0,5303.0,97.0,-4.0,-6532.0,0.0,0.0,1000.0,1000.0,13570.0,12552.0,578.0,1040.0,11259.0,11074.0,179.0,179.0,7994459
BRETAGNE,2022-11-24 08:30:00,2022,328,08:30:00,328.35,136.0,0.0,603.0,0.0,8.0,49.0,-57.0,2336.0,0.0,0.0,1432.0,986.0,0.0,0.0,1226.0,410.0,272.0,272.0,83.0,83.0,3414637
AUVERGNE RHONE ALPES,2018-03-11 08:00:00,2018,70,08:00:00,70.33,153.0,8101.0,284.0,19.0,2516.0,129.0,-1654.0,-2870.0,0.0,0.0,1000.0,1000.0,13570.0,12554.0,568.0,1025.0,11254.0,11064.0,179.0,179.0,7994459
OCCITANIE,2015-08-08 11:30:00,2015,220,11:30:00,220.48,-5.0,1101.0,316.0,253.0,548.0,91.0,-422.0,1911.0,0.0,0.0,266.0,0.0,2620.0,1310.0,1039.0,1429.0,5455.0,5228.0,137.0,137.0,5774185
PROVENCE ALPES COTE D AZUR,2015-02-01 19:30:00,2015,32,19:30:00,32.81,943.0,0.0,22.0,0.0,1744.0,53.0,0.0,4283.0,0.0,0.0,2600.0,2355.0,0.0,0.0,45.0,882.0,3168.0,3168.0,183.0,183.0,5007977
PAYS DE LA LOIRE,2014-03-02 09:30:00,2014,61,09:30:00,61.4,593.0,0.0,146.0,50.0,3.0,39.0,0.0,2714.0,0.0,0.0,1864.0,1284.0,0.0,0.0,518.0,405.0,6.0,6.0,58.0,58.0,3690833
GRAND EST,2015-03-04 14:00:00,2015,63,14:00:00,63.58,1846.0,6583.0,436.0,161.0,1047.0,73.0,0.0,-3770.0,0.0,0.0,3420.0,3220.0,10820.0,9648.0,2352.0,523.0,2284.0,1476.0,108.0,108.0,5559051
NORMANDIE,2013-11-24 12:30:00,2013,328,12:30:00,328.52,782.0,9585.0,115.0,13.0,16.0,51.0,0.0,-6481.0,0.0,0.0,761.0,761.0,10640.0,10640.0,444.0,210.0,24.0,24.0,88.0,88.0,3328364
ILE DE FRANCE,2021-06-01 00:30:00,2021,152,00:30:00,152.02,0.0,0.0,71.0,0.0,11.0,131.0,0.0,5795.0,0.0,0.0,2171.0,2171.0,0.0,0.0,125.0,173.0,20.0,20.0,314.0,314.0,12317279
PROVENCE ALPES COTE D AZUR,2020-06-10 14:00:00,2020,162,14:00:00,162.58,1192.0,0.0,21.0,832.0,1967.0,92.0,0.0,44.0,0.0,0.0,2710.0,2284.0,0.0,0.0,48.0,1464.0,3260.0,3139.0,357.0,207.0,5098666
PROVENCE ALPES COTE D AZUR,2019-06-28 03:00:00,2019,179,03:00:00,179.12,322.0,0.0,0.0,0.0,1071.0,79.0,0.0,2456.0,0.0,0.0,2674.0,2266.0,0.0,0.0,48.0,1379.0,3241.0,3116.0,357.0,207.0,5081101
ILE DE FRANCE,2014-06-10 18:30:00,2014,161,18:30:00,161.77,199.0,0.0,0.0,14.0,7.0,107.0,0.0,7647.0,0.0,0.0,2122.0,2122.0,0.0,0.0,37.0,111.0,19.0,19.0,282.0,282.0,12027565
PROVENCE ALPES COTE D AZUR,2015-02-26 15:00:00,2015,57,15:00:00,57.62,1339.0,0.0,25.0,417.0,1135.0,69.0,0.0,2906.0,0.0,0.0,2600.0,2245.0,0.0,0.0,45.0,883.0,3168.0,3168.0,183.0,183.0,5007977
BOURGOGNE FRANCHE COMTE,2016-11-01 02:00:00,2016,306,02:00:00,306.08,116.0,0.0,65.0,0.0,28.0,14.0,0.0,2005.0,0.0,0.0,329.0,329.0,0.0,0.0,516.0,265.0,516.0,231.0,31.0,31.0,2818338
OCCITANIE,2016-07-15 03:30:00,2016,197,03:30:00,197.15,0.0,1717.0,474.0,0.0,494.0,94.0,-485.0,409.0,0.0,0.0,266.0,266.0,2620.0,2620.0,1132.0,1610.0,5462.0,5235.0,139.0,139.0,5808435
PAYS DE LA LOIRE,2021-01-29 05:00:00,2021,29,05:00:00,29.21,174.0,0.0,721.0,0.0,5.0,48.0,0.0,2171.0,0.0,0.0,2055.0,2055.0,0.0,0.0,1046.0,690.0,10.0,10.0,78.0,78.0,3853999
BOURGOGNE FRANCHE COMTE,2018-09-03 09:30:00,2018,246,09:30:00,246.4,64.0,0.0,15.0,59.0,58.0,27.0,0.0,2153.0,0.0,0.0,386.0,386.0,0.0,0.0,708.0,309.0,520.0,443.0,57.0,57.0,2807807
GRAND EST,2019-04-05 04:00:00,2019,95,04:00:00,95.17,1343.0,7405.0,291.0,0.0,851.0,123.0,-347.0,-4383.0,0.0,0.0,3531.0,3531.0,10820.0,9565.0,3355.0,565.0,2302.0,2040.0,168.0,168.0,5556219
NOUVELLE AQUITAINE,2013-12-21 21:00:00,2013,355,21:00:00,355.88,89.0,4281.0,259.0,0.0,497.0,121.0,0.0,1107.0,0.0,0.0,421.0,421.0,6630.0,6630.0,364.0,1023.0,1760.0,1760.0,214.0,214.0,5844177
ILE DE FRANCE,2021-04-12 10:30:00,2021,102,10:30:00,102.44,830.0,0.0,5.0,60.0,12.0,129.0,0.0,8917.0,0.0,0.0,2171.0,2171.0,0.0,0.0,125.0,172.0,20.0,20.0,314.0,314.0,12317279
OCCITANIE,2014-08-29 07:00:00,2014,241,07:00:00,241.29,-3.0,2520.0,26.0,0.0,428.0,55.0,-12.0,155.0,0.0,0.0,251.0,251.0,2620.0,2620.0,943.0,1296.0,5411.0,5184.0,132.0,132.0,5730753
ILE DE FRANCE,2013-04-14 05:30:00,2013,104,05:30:00,104.23,-1.0,0.0,4.0,0.0,0.0,115.0,0.0,6088.0,0.0,0.0,2121.0,1536.0,0.0,0.0,37.0,109.0,19.0,19.0,262.0,262.0,11959807
AUVERGNE RHONE ALPES,2021-09-24 10:30:00,2021,267,10:30:00,267.44,26.0,9522.0,5.0,576.0,2373.0,99.0,-13.0,-5415.0,0.0,0.0,1047.0,1047.0,13570.0,12690.0,723.0,1546.0,11772.0,11629.0,208.0,208.0,8114361
OCCITANIE,2022-02-16 18:00:00,2022,47,18:00:00,47.75,87.0,2329.0,1102.0,23.0,953.0,101.0,0.0,714.0,0.0,0.0,326.0,326.0,2620.0,1677.0,1593.0,2812.0,5502.0,5467.0,174.0,174.0,6067101
GRAND EST,2022-12-24 02:30:00,2022,358,02:30:00,358.1,167.0,3451.0,2350.0,0.0,1049.0,143.0,-518.0,-2566.0,0.0,0.0,3615.0,3615.0,10820.0,9670.0,4536.0,1133.0,2308.0,2106.0,237.0,237.0,5563889
HAUTS DE FRANCE,2015-11-23 17:30:00,2015,327,17:30:00,327.73,1457.0,3532.0,68.0,0.0,2.0,95.0,0.0,2355.0,0.0,0.0,2301.0,2051.0,5460.0,4550.0,2847.0,213.0,5.0,5.0,160.0,160.0,6009976
CENTRE VAL DE LOIRE,2015-05-13 14:00:00,2015,133,14:00:00,133.58,1.0,7185.0,66.0,137.0,11.0,41.0,0.0,-5441.0,0.0,0.0,166.0,166.0,11630.0,10625.0,818.0,236.0,91.0,91.0,71.0,71.0,2578592
OCCITANIE,2020-09-08 18:30:00,2020,252,18:30:00,252.77,0.0,0.0,54.0,420.0,482.0,76.0,0.0,2934.0,0.0,0.0,314.0,314.0,2620.0,1310.0,1593.0,2278.0,5494.0,5227.0,171.0,171.0,5973969
GRAND EST,2021-02-08 22:00:00,2021,39,22:00:00,39.92,1134.0,8718.0,71.0,0.0,1036.0,138.0,-6.0,-4709.0,0.0,0.0,3585.0,3172.0,10820.0,9785.0,3858.0,697.0,2305.0,2103.0,199.0,199.0,5561287
NOUVELLE AQUITAINE,2015-07-23 08:30:00,2015,204,08:30:00,204.35,51.0,3207.0,7.0,184.0,126.0,165.0,0.0,715.0,0.0,0.0,427.0,427.0,6630.0,5525.0,504.0,1520.0,1775.0,1661.0,239.0,239.0,5911482
PROVENCE ALPES COTE D AZUR,2016-09-28 07:30:00,2016,272,07:30:00,272.31,2074.0,0.0,2.0,0.0,1088.0,105.0,0.0,545.0,0.0,0.0,2614.0,2369.0,0.0,0.0,48.0,1047.0,3192.0,3192.0,354.0,354.0,5021928
BOURGOGNE FRANCHE COMTE,2018-02-27 04:00:00,2018,58,04:00:00,58.17,155.0,0.0,251.0,0.0,140.0,30.0,0.0,3034.0,0.0,0.0,386.0,386.0,0.0,0.0,676.0,305.0,520.0,443.0,36.0,36.0,2807807
GRAND EST,2017-11-10 11:00:00,2017,314,11:00:00,314.46,2088.0,8757.0,1185.0,20.0,1065.0,118.0,0.0,-6302.0,0.0,0.0,3471.0,2960.0,10820.0,9558.0,3040.0,549.0,2299.0,1995.0,141.0,141.0,5549586
BOURGOGNE FRANCHE COMTE,2020-03-12 15:00:00,2020,72,15:00:00,72.62,154.0,0.0,459.0,89.0,119.0,53.0,0.0,1931.0,0.0,0.0,401.0,401.0,0.0,0.0,877.0,347.0,521.0,521.0,69.0,69.0,2801695
BOURGOGNE FRANCHE COMTE,2016-10-24 18:30:00,2016,298,18:30:00,298.77,52.0,0.0,60.0,2.0,34.0,14.0,0.0,2532.0,0.0,0.0,329.0,329.0,0.0,0.0,516.0,265.0,516.0,231.0,31.0,31.0,2818338
BRETAGNE,2014-02-28 01:30:00,2014,59,01:30:00,59.06,80.0,0.0,490.0,0.0,176.0,34.0,-1.0,2199.0,0.0,0.0,684.0,684.0,0.0,0.0,747.0,209.0,251.0,251.0,50.0,50.0,3276543
ILE DE FRANCE,2018-08-22 21:00:00,2018,234,21:00:00,234.88,-1.0,0.0,5.0,0.0,6.0,139.0,0.0,6325.0,0.0,0.0,2157.0,2116.0,0.0,0.0,88.0,123.0,20.0,20.0,306.0,306.0,12213447
PROVENCE ALPES COTE D AZUR,2016-09-19 04:00:00,2016,263,04:00:00,263.17,101.0,0.0,19.0,0.0,483.0,92.0,0.0,2466.0,0.0,0.0,2614.0,2369.0,0.0,0.0,48.0,1046.0,3192.0,3068.0,354.0,354.0,5021928
AUVERGNE RHONE ALPES,2013-01-23 10:00:00,2013,23,10:00:00,23.42,687.0,13443.0,44.0,26.0,6024.0,72.0,-89.0,-9025.0,0.0,0.0,914.0,914.0,13570.0,13570.0,335.0,706.0,11114.0,10957.0,105.0,105.0,7757595
HAUTS DE FRANCE,2018-11-25 16:00:00,2018,329,16:00:00,329.67,2105.0,4487.0,979.0,3.0,1.0,107.0,0.0,-1517.0,0.0,0.0,2967.0,2967.0,5460.0,4550.0,4173.0,234.0,5.0,5.0,171.0,171.0,6004108
BOURGOGNE FRANCHE COMTE,2018-03-20 08:00:00,2018,79,08:00:00,79.33,169.0,0.0,317.0,14.0,301.0,26.0,0.0,2807.0,0.0,0.0,386.0,386.0,0.0,0.0,676.0,306.0,520.0,443.0,36.0,36.0,2807807
NOUVELLE AQUITAINE,2019-07-28 03:00:00,2019,209,03:00:00,209.12,13.0,3989.0,185.0,0.0,63.0,164.0,0.0,-1378.0,0.0,0.0,538.0,538.0,6630.0,5446.0,1017.0,2530.0,1782.0,1669.0,319.0,319.0,6010289
PAYS DE LA LOIRE,2016-10-22 00:30:00,2016,296,00:30:00,296.02,741.0,0.0,131.0,0.0,0.0,40.0,0.0,2309.0,0.0,0.0,1880.0,1313.0,0.0,0.0,687.0,481.0,8.0,8.0,63.0,63.0,3737632
HAUTS DE FRANCE,2015-06-12 17:00:00,2015,163,17:00:00,163.71,253.0,4244.0,848.0,45.0,1.0,100.0,0.0,-21.0,0.0,0.0,2301.0,1970.0,5460.0,4550.0,2734.0,213.0,5.0,5.0,159.0,159.0,6009976
NORMANDIE,2021-08-14 19:30:00,2021,226,19:30:00,226.81,272.0,5563.0,18.0,34.0,10.0,91.0,0.0,-3713.0,0.0,0.0,852.0,852.0,10640.0,9602.0,878.0,296.0,31.0,31.0,147.0,147.0,3327966
BOURGOGNE FRANCHE COMTE,2018-02-24 09:00:00,2018,55,09:00:00,55.38,157.0,0.0,285.0,22.0,275.0,29.0,0.0,2522.0,0.0,0.0,386.0,386.0,0.0,0.0,676.0,305.0,520.0,443.0,35.0,35.0,2807807
BOURGOGNE FRANCHE COMTE,2018-12-02 13:30:00,2018,336,13:30:00,336.56,177.0,0.0,526.0,11.0,37.0,50.0,-1.0,1761.0,0.0,0.0,401.0,401.0,0.0,0.0,746.0,318.0,520.0,443.0,64.0,64.0,2807807
NORMANDIE,2013-11-01 08:00:00,2013,305,08:00:00,305.33,322.0,8574.0,82.0,0.0,11.0,49.0,0.0,-6158.0,0.0,0.0,761.0,761.0,10640.0,10640.0,444.0,210.0,23.0,23.0,88.0,88.0,3328364
CENTRE VAL DE LOIRE,2021-12-27 07:30:00,2021,361,07:30:00,361.31,73.0,8188.0,623.0,0.0,4.0,62.0,0.0,-6811.0,0.0,0.0,229.0,229.0,11630.0,10735.0,1381.0,693.0,92.0,92.0,90.0,90.0,2573303
BOURGOGNE FRANCHE COMTE,2018-10-09 05:00:00,2018,282,05:00:00,282.21,62.0,0.0,28.0,0.0,1.0,40.0,-1.0,1774.0,0.0,0.0,386.0,386.0,0.0,0.0,708.0,310.0,520.0,443.0,57.0,57.0,2807807
BOURGOGNE FRANCHE COMTE,2014-12-29 14:00:00,2014,363,14:00:00,363.58,95.0,0.0,53.0,11.0,40.0,17.0,0.0,3029.0,0.0,0.0,325.0,80.0,0.0,0.0,344.0,253.0,510.0,510.0,28.0,28.0,2820623
PAYS DE LA LOIRE,2018-11-02 20:30:00,2018,306,20:30:00,306.85,130.0,0.0,55.0,0.0,0.0,46.0,0.0,3146.0,0.0,0.0,1985.0,1816.0,0.0,0.0,849.0,556.0,8.0,8.0,70.0,70.0,3781423
NORMANDIE,2014-04-08 13:30:00,2014,98,13:30:00,98.56,289.0,7451.0,263.0,50.0,23.0,21.0,0.0,-4737.0,0.0,0.0,761.0,181.0,10640.0,10640.0,453.0,211.0,24.0,24.0,89.0,89.0,3335645
GRAND EST,2018-03-08 11:00:00,2018,67,11:00:00,67.46,1861.0,10103.0,2284.0,531.0,982.0,95.0,0.0,-8847.0,0.0,0.0,3471.0,3471.0,10820.0,9758.0,3053.0,553.0,2300.0,2072.0,146.0,146.0,5550389
ILE DE FRANCE,2021-07-03 01:00:00,2021,184,01:00:00,184.04,0.0,0.0,7.0,0.0,9.0,171.0,0.0,5412.0,0.0,0.0,2171.0,2171.0,0.0,0.0,125.0,174.0,20.0,20.0,314.0,314.0,12317279
BRETAGNE,2021-10-27 12:00:00,2021,300,12:00:00,300.5,238.0,0.0,213.0,70.0,3.0,56.0,-33.0,2253.0,0.0,0.0,1428.0,1428.0,0.0,0.0,1106.0,348.0,272.0,272.0,82.0,82.0,3394567
PAYS DE LA LOIRE,2018-11-07 05:00:00,2018,311,05:00:00,311.21,454.0,0.0,734.0,0.0,0.0,43.0,0.0,1545.0,0.0,0.0,1988.0,1734.0,0.0,0.0,857.0,556.0,8.0,8.0,70.0,70.0,3781423
BRETAGNE,2014-12-27 09:30:00,2014,361,09:30:00,361.4,106.0,0.0,381.0,1.0,17.0,36.0,-1.0,2438.0,0.0,0.0,719.0,719.0,0.0,0.0,791.0,218.0,272.0,272.0,53.0,53.0,3276543
PAYS DE LA LOIRE,2017-10-07 02:00:00,2017,280,02:00:00,280.08,669.0,0.0,37.0,0.0,0.0,51.0,0.0,1807.0,0.0,0.0,1921.0,1286.0,0.0,0.0,735.0,506.0,8.0,8.0,66.0,66.0,3757600
NOUVELLE AQUITAINE,2017-09-09 08:30:00,2017,252,08:30:00,252.35,46.0,4192.0,117.0,50.0,95.0,193.0,0.0,-1179.0,0.0,0.0,465.0,465.0,6630.0,5512.0,814.0,2015.0,1780.0,1669.0,306.0,306.0,5956978
PROVENCE ALPES COTE D AZUR,2013-09-10 18:30:00,2013,253,18:30:00,253.77,806.0,0.0,10.0,95.0,1043.0,71.0,0.0,2121.0,0.0,0.0,2590.0,2316.0,0.0,0.0,45.0,722.0,3158.0,3158.0,151.0,151.0,4953675
BOURGOGNE FRANCHE COMTE,2014-11-16 15:30:00,2014,320,15:30:00,320.65,120.0,0.0,152.0,9.0,61.0,21.0,0.0,1691.0,0.0,0.0,325.0,80.0,0.0,0.0,316.0,252.0,509.0,509.0,28.0,28.0,2820623
CENTRE VAL DE LOIRE,2020-12-02 07:30:00,2020,337,07:30:00,337.31,75.0,9380.0,401.0,0.0,15.0,55.0,0.0,-7036.0,0.0,0.0,229.0,229.0,11630.0,10609.0,1278.0,404.0,92.0,92.0,88.0,88.0,2574863
PAYS DE LA LOIRE,2022-07-13 20:00:00,2022,194,20:00:00,194.83,32.0,0.0,94.0,114.0,0.0,56.0,0.0,2593.0,0.0,0.0,2068.0,1646.0,0.0,0.0,1662.0,862.0,10.0,10.0,80.0,80.0,3878839
PAYS DE LA LOIRE,2018-08-17 04:30:00,2018,229,04:30:00,229.19,11.0,0.0,148.0,0.0,0.0,32.0,0.0,1650.0,0.0,0.0,1976.0,1769.0,0.0,0.0,824.0,549.0,8.0,8.0,70.0,70.0,3781423
PAYS DE LA LOIRE,2016-07-10 15:30:00,2016,192,15:30:00,192.65,15.0,0.0,218.0,209.0,1.0,41.0,0.0,1522.0,0.0,0.0,1880.0,1337.0,0.0,0.0,649.0,477.0,8.0,8.0,62.0,62.0,3737632
PAYS DE LA LOIRE,2018-07-05 07:30:00,2018,186,07:30:00,186.31,1177.0,0.0,24.0,20.0,3.0,35.0,0.0,1524.0,0.0,0.0,1968.0,1739.0,0.0,0.0,804.0,545.0,8.0,8.0,69.0,69.0,3781423
OCCITANIE,2022-02-24 20:00:00,2022,55,20:00:00,55.83,87.0,2300.0,520.0,0.0,3091.0,99.0,0.0,-783.0,0.0,0.0,326.0,326.0,2620.0,1677.0,1593.0,2818.0,5502.0,5467.0,174.0,174.0,6067101
BOURGOGNE FRANCHE COMTE,2013-08-19 11:00:00,2013,231,11:00:00,231.46,25.0,0.0,48.0,53.0,26.0,11.0,0.0,1900.0,0.0,0.0,301.0,301.0,0.0,0.0,204.0,240.0,480.0,480.0,25.0,25.0,2819783
AUVERGNE RHONE ALPES,2021-08-19 03:00:00,2021,231,03:00:00,231.12,5.0,9469.0,123.0,0.0,2144.0,122.0,-489.0,-6582.0,0.0,0.0,1047.0,1047.0,13570.0,12690.0,723.0,1513.0,11771.0,11626.0,208.0,208.0,8114361
NOUVELLE AQUITAINE,2016-12-16 07:00:00,2016,351,07:00:00,351.29,235.0,5227.0,156.0,-1.0,158.0,194.0,0.0,579.0,0.0,0.0,450.0,450.0,6630.0,5135.0,696.0,1920.0,1780.0,1780.0,293.0,293.0,5935603
GRAND EST,2019-06-03 17:30:00,2019,154,17:30:00,154.73,1139.0,7202.0,175.0,297.0,1145.0,110.0,0.0,-5203.0,0.0,0.0,3531.0,3104.0,10820.0,9579.0,3407.0,581.0,2302.0,1982.0,170.0,170.0,5556219
NORMANDIE,2013-11-14 23:00:00,2013,318,23:00:00,318.96,378.0,9022.0,283.0,0.0,3.0,51.0,0.0,-5567.0,0.0,0.0,761.0,181.0,10640.0,10640.0,444.0,210.0,23.0,23.0,88.0,88.0,3328364
NORMANDIE,2015-04-08 07:30:00,2015,98,07:30:00,98.31,329.0,9072.0,23.0,0.0,19.0,55.0,0.0,-5549.0,0.0,0.0,761.0,761.0,10640.0,9310.0,510.0,214.0,24.0,24.0,94.0,94.0,3339131
NOUVELLE AQUITAINE,2017-08-13 11:00:00,2017,225,11:00:00,225.46,46.0,4174.0,8.0,874.0,50.0,194.0,0.0,-1472.0,0.0,0.0,465.0,465.0,6630.0,5574.0,780.0,1986.0,1780.0,1670.0,306.0,306.0,5956978
BRETAGNE,2015-11-12 20:30:00,2015,316,20:30:00,316.85,88.0,0.0,272.0,0.0,5.0,41.0,-35.0,2295.0,0.0,0.0,727.0,727.0,0.0,0.0,813.0,223.0,275.0,275.0,56.0,56.0,3293850
OCCITANIE,2014-01-03 01:30:00,2014,3,01:30:00,3.06,62.0,2376.0,236.0,0.0,964.0,81.0,-455.0,1375.0,0.0,0.0,251.0,251.0,2620.0,2620.0,889.0,1193.0,5397.0,5170.0,127.0,127.0,5730753
GRAND EST,2017-07-25 17:00:00,2017,206,17:00:00,206.71,1468.0,10183.0,1282.0,157.0,803.0,83.0,0.0,-9045.0,0.0,0.0,3453.0,2942.0,10820.0,10085.0,2975.0,548.0,2298.0,1987.0,141.0,141.0,5549586
AUVERGNE RHONE ALPES,2015-10-28 01:30:00,2015,301,01:30:00,301.06,76.0,8947.0,234.0,0.0,977.0,97.0,-661.0,-2974.0,0.0,0.0,944.0,944.0,13570.0,12559.0,372.0,890.0,11186.0,10951.0,144.0,144.0,7877698
ILE DE FRANCE,2017-12-11 20:00:00,2017,345,20:00:00,345.83,531.0,0.0,44.0,0.0,8.0,127.0,0.0,12255.0,0.0,0.0,2151.0,2051.0,0.0,0.0,88.0,119.0,19.0,19.0,306.0,306.0,12174880
NOUVELLE AQUITAINE,2020-04-16 15:00:00,2020,107,15:00:00,107.62,19.0,5118.0,66.0,1195.0,359.0,188.0,0.0,-2835.0,0.0,0.0,571.0,571.0,6630.0,5428.0,1089.0,2644.0,1783.0,1678.0,341.0,341.0,6033952
OCCITANIE,2017-12-01 02:30:00,2017,335,02:30:00,335.1,87.0,2511.0,295.0,0.0,449.0,95.0,-893.0,3113.0,0.0,0.0,291.0,291.0,2620.0,2620.0,1308.0,1785.0,5481.0,5254.0,145.0,145.0,5845102
BOURGOGNE FRANCHE COMTE,2020-12-25 06:30:00,2020,360,06:30:00,360.27,130.0,0.0,243.0,0.0,96.0,32.0,-65.0,1805.0,0.0,0.0,401.0,401.0,0.0,0.0,906.0,396.0,523.0,523.0,71.0,71.0,2801695
ILE DE FRANCE,2017-01-19 18:00:00,2017,19,18:00:00,19.75,2727.0,0.0,5.0,0.0,12.0,147.0,0.0,11626.0,0.0,0.0,2149.0,1564.0,0.0,0.0,61.0,116.0,19.0,19.0,301.0,301.0,12174880
NOUVELLE AQUITAINE,2015-04-11 09:00:00,2015,101,09:00:00,101.38,52.0,5175.0,81.0,86.0,645.0,127.0,0.0,-1843.0,0.0,0.0,427.0,427.0,6630.0,6183.0,479.0,1468.0,1774.0,1669.0,234.0,234.0,5911482
BOURGOGNE FRANCHE COMTE,2020-12-03 03:30:00,2020,338,03:30:00,338.15,130.0,0.0,69.0,0.0,22.0,50.0,-4.0,2565.0,0.0,0.0,401.0,401.0,0.0,0.0,897.0,394.0,523.0,523.0,71.0,71.0,2801695
PAYS DE LA LOIRE,2013-10-05 18:30:00,2013,278,18:30:00,278.77,520.0,0.0,21.0,31.0,0.0,24.0,0.0,1503.0,0.0,0.0,1837.0,1257.0,0.0,0.0,490.0,396.0,6.0,6.0,58.0,58.0,3660852
NOUVELLE AQUITAINE,2022-12-15 07:30:00,2022,349,07:30:00,349.31,295.0,2792.0,571.0,0.0,753.0,181.0,0.0,1405.0,0.0,0.0,581.0,581.0,6630.0,5677.0,1616.0,3932.0,1786.0,1786.0,356.0,356.0,6098051
ILE DE FRANCE,2018-07-12 16:30:00,2018,193,16:30:00,193.69,-2.0,0.0,1.0,39.0,8.0,160.0,0.0,7357.0,0.0,0.0,2157.0,2116.0,0.0,0.0,88.0,122.0,20.0,20.0,306.0,306.0,12213447
BOURGOGNE FRANCHE COMTE,2015-03-09 20:30:00,2015,68,20:30:00,68.85,135.0,0.0,9.0,0.0,267.0,24.0,0.0,2448.0,0.0,0.0,325.0,80.0,0.0,0.0,344.0,253.0,510.0,510.0,29.0,29.0,2820940
AUVERGNE RHONE ALPES,2017-01-16 00:30:00,2017,16,00:30:00,16.02,310.0,10173.0,63.0,0.0,1663.0,124.0,-1055.0,-1152.0,0.0,0.0,984.0,984.0,13570.0,12731.0,425.0,936.0,11233.0,11035.0,177.0,177.0,7948287
OCCITANIE,2015-09-01 10:00:00,2015,244,10:00:00,244.42,-5.0,1251.0,351.0,220.0,1347.0,85.0,0.0,566.0,0.0,0.0,266.0,0.0,2620.0,1310.0,1039.0,1445.0,5455.0,5228.0,137.0,137.0,5774185
OCCITANIE,2017-12-25 08:30:00,2017,359,08:30:00,359.35,83.0,2496.0,67.0,0.0,599.0,99.0,-904.0,2693.0,0.0,0.0,291.0,291.0,2620.0,2620.0,1365.0,1807.0,5481.0,5254.0,145.0,145.0,5845102
HAUTS DE FRANCE,2018-05-24 20:00:00,2018,144,20:00:00,144.83,717.0,3610.0,403.0,6.0,2.0,119.0,0.0,608.0,0.0,0.0,2922.0,2766.0,5460.0,4550.0,3865.0,220.0,5.0,5.0,170.0,170.0,6004108
BOURGOGNE FRANCHE COMTE,2015-06-29 14:00:00,2015,180,14:00:00,180.58,25.0,0.0,7.0,125.0,70.0,18.0,0.0,2268.0,0.0,0.0,325.0,80.0,0.0,0.0,362.0,254.0,512.0,512.0,29.0,29.0,2820940
OCCITANIE,2015-03-05 21:00:00,2015,64,21:00:00,64.88,59.0,2598.0,622.0,0.0,2824.0,84.0,-8.0,-498.0,0.0,0.0,266.0,266.0,2620.0,2620.0,943.0,1378.0,5441.0,5214.0,133.0,133.0,5774185
NORMANDIE,2016-10-28 15:00:00,2016,302,15:00:00,302.62,517.0,6330.0,7.0,41.0,14.0,60.0,0.0,-3617.0,0.0,0.0,779.0,779.0,10640.0,9310.0,616.0,219.0,31.0,31.0,96.0,96.0,3335929
AUVERGNE RHONE ALPES,2022-10-13 20:30:00,2022,286,20:30:00,286.85,93.0,6408.0,116.0,0.0,2543.0,107.0,-13.0,-2327.0,0.0,0.0,1050.0,630.0,13570.0,12658.0,723.0,1799.0,11789.0,11682.0,208.0,208.0,8155762
PAYS DE LA LOIRE,2016-08-16 12:00:00,2016,229,12:00:00,229.5,3.0,0.0,11.0,237.0,0.0,37.0,0.0,2553.0,0.0,0.0,1880.0,1337.0,0.0,0.0,678.0,478.0,8.0,8.0,63.0,63.0,3737632
HAUTS DE FRANCE,2020-09-09 17:00:00,2020,253,17:00:00,253.71,1645.0,3541.0,634.0,66.0,0.0,110.0,0.0,-1058.0,0.0,0.0,2983.0,2983.0,5460.0,4550.0,5127.0,251.0,5.0,5.0,181.0,181.0,5997734
NORMANDIE,2019-01-04 09:00:00,2019,4,09:00:00,4.38,949.0,7426.0,25.0,0.0,17.0,46.0,0.0,-3662.0,0.0,0.0,821.0,241.0,10640.0,9589.0,791.0,252.0,31.0,31.0,105.0,105.0,3325032
BOURGOGNE FRANCHE COMTE,2017-08-23 21:30:00,2017,235,21:30:00,235.9,27.0,0.0,77.0,0.0,11.0,18.0,0.0,2164.0,0.0,0.0,331.0,331.0,0.0,0.0,610.0,271.0,519.0,519.0,33.0,33.0,2811423
ILE DE FRANCE,2022-05-18 03:30:00,2022,138,03:30:00,138.15,0.0,0.0,37.0,0.0,6.0,129.0,0.0,4788.0,0.0,0.0,2171.0,2018.0,0.0,0.0,148.0,218.0,20.0,20.0,314.0,314.0,12354286
BOURGOGNE FRANCHE COMTE,2018-06-06 22:30:00,2018,157,22:30:00,157.94,23.0,0.0,16.0,0.0,90.0,29.0,0.0,2080.0,0.0,0.0,386.0,386.0,0.0,0.0,676.0,307.0,520.0,443.0,37.0,37.0,2807807
GRAND EST,2021-12-22 00:00:00,2021,356,00:00:00,356.0,2014.0,6377.0,569.0,1.0,579.0,148.0,0.0,-3159.0,0.0,0.0,3590.0,3590.0,10820.0,9901.0,4189.0,966.0,2306.0,2104.0,210.0,210.0,5561287
BRETAGNE,2016-08-12 12:30:00,2016,225,12:30:00,225.52,1.0,0.0,1.0,115.0,4.0,41.0,-1.0,2203.0,0.0,0.0,771.0,771.0,0.0,0.0,877.0,229.0,275.0,275.0,56.0,56.0,3306529
NOUVELLE AQUITAINE,2015-09-17 21:30:00,2015,260,21:30:00,260.9,17.0,4890.0,87.0,0.0,339.0,168.0,0.0,-1377.0,0.0,0.0,427.0,427.0,6630.0,5995.0,534.0,1537.0,1777.0,1671.0,239.0,239.0,5911482
NORMANDIE,2022-11-04 14:30:00,2022,308,14:30:00,308.6,261.0,5090.0,511.0,104.0,13.0,86.0,0.0,-3128.0,0.0,0.0,852.0,852.0,10640.0,9310.0,965.0,320.0,31.0,31.0,149.0,149.0,3327604
NORMANDIE,2015-01-19 18:30:00,2015,19,18:30:00,19.77,425.0,10340.0,4.0,0.0,14.0,66.0,0.0,-5894.0,0.0,0.0,761.0,181.0,10640.0,10640.0,496.0,214.0,24.0,24.0,91.0,91.0,3339131
CENTRE VAL DE LOIRE,2018-02-05 03:00:00,2018,36,03:00:00,36.12,98.0,10388.0,464.0,0.0,22.0,56.0,0.0,-8174.0,0.0,0.0,216.0,216.0,11630.0,10320.0,996.0,284.0,91.0,91.0,76.0,76.0,2572853
ILE DE FRANCE,2013-08-24 09:30:00,2013,236,09:30:00,236.4,-1.0,0.0,3.0,6.0,6.0,128.0,0.0,5459.0,0.0,0.0,2121.0,1871.0,0.0,0.0,37.0,109.0,19.0,19.0,282.0,282.0,11959807
NORMANDIE,2022-02-07 09:30:00,2022,38,09:30:00,38.4,367.0,7437.0,78.0,26.0,20.0,88.0,0.0,-3750.0,0.0,0.0,852.0,852.0,10640.0,9526.0,920.0,306.0,31.0,31.0,148.0,148.0,3327604
BOURGOGNE FRANCHE COMTE,2020-01-13 01:00:00,2020,13,01:00:00,13.04,178.0,0.0,61.0,0.0,117.0,45.0,0.0,1993.0,0.0,0.0,401.0,401.0,0.0,0.0,864.0,344.0,521.0,521.0,69.0,69.0,2801695
NORMANDIE,2017-10-27 00:00:00,2017,300,00:00:00,300.0,867.0,6141.0,6.0,0.0,13.0,51.0,0.0,-3872.0,0.0,0.0,804.0,716.0,10640.0,9602.0,701.0,223.0,31.0,31.0,100.0,100.0,3330478
OCCITANIE,2016-08-28 20:30:00,2016,241,20:30:00,241.85,0.0,2453.0,294.0,1.0,488.0,100.0,-609.0,1003.0,0.0,0.0,266.0,266.0,2620.0,2620.0,1142.0,1624.0,5463.0,5206.0,139.0,139.0,5808435
BOURGOGNE FRANCHE COMTE,2016-11-27 15:30:00,2016,332,15:30:00,332.65,122.0,0.0,103.0,15.0,52.0,18.0,0.0,2007.0,0.0,0.0,329.0,329.0,0.0,0.0,527.0,265.0,518.0,518.0,31.0,31.0,2818338
BRETAGNE,2013-06-12 10:30:00,2013,163,10:30:00,163.44,0.0,0.0,335.0,15.0,5.0,15.0,-24.0,2267.0,0.0,0.0,660.0,660.0,0.0,0.0,722.0,204.0,11.0,11.0,37.0,37.0,3258707
BOURGOGNE FRANCHE COMTE,2016-04-07 03:30:00,2016,98,03:30:00,98.15,32.0,0.0,106.0,0.0,104.0,22.0,0.0,1899.0,0.0,0.0,329.0,329.0,0.0,0.0,414.0,264.0,513.0,513.0,30.0,30.0,2818338
GRAND EST,2021-08-09 18:30:00,2021,221,18:30:00,221.77,28.0,7532.0,909.0,160.0,1279.0,145.0,0.0,-6173.0,0.0,0.0,3585.0,3585.0,10820.0,9940.0,3939.0,924.0,2305.0,2103.0,208.0,208.0,5561287
BRETAGNE,2016-11-18 13:00:00,2016,323,13:00:00,323.54,127.0,0.0,522.0,57.0,47.0,36.0,-2.0,2499.0,0.0,0.0,820.0,820.0,0.0,0.0,877.0,231.0,275.0,275.0,57.0,57.0,3306529
GRAND EST,2021-01-05 13:00:00,2021,5,13:00:00,5.54,1578.0,9194.0,246.0,18.0,816.0,128.0,-5.0,-4365.0,0.0,0.0,3585.0,3172.0,10820.0,9732.0,3849.0,693.0,2305.0,2103.0,193.0,193.0,5561287
ILE DE FRANCE,2018-12-02 02:00:00,2018,336,02:00:00,336.08,425.0,0.0,53.0,0.0,6.0,168.0,0.0,5824.0,0.0,0.0,2169.0,2169.0,0.0,0.0,88.0,124.0,20.0,20.0,306.0,306.0,12213447
CENTRE VAL DE LOIRE,2017-02-17 20:00:00,2017,48,20:00:00,48.83,106.0,11601.0,6.0,0.0,22.0,52.0,0.0,-9127.0,0.0,0.0,198.0,198.0,11630.0,11630.0,937.0,264.0,91.0,91.0,76.0,76.0,2576252
NOUVELLE AQUITAINE,2019-10-09 13:30:00,2019,282,13:30:00,282.56,69.0,5632.0,610.0,1250.0,41.0,167.0,0.0,-2977.0,0.0,0.0,538.0,538.0,6630.0,5720.0,1029.0,2589.0,1782.0,1673.0,330.0,330.0,6010289
BOURGOGNE FRANCHE COMTE,2021-06-09 04:30:00,2021,160,04:30:00,160.19,23.0,0.0,80.0,0.0,59.0,52.0,0.0,1492.0,0.0,0.0,401.0,401.0,0.0,0.0,955.0,427.0,523.0,523.0,71.0,71.0,2800194
HAUTS DE FRANCE,2019-11-25 00:30:00,2019,329,00:30:00,329.02,1586.0,4458.0,1035.0,0.0,2.0,127.0,0.0,-1139.0,0.0,0.0,2970.0,2970.0,5460.0,4689.0,4715.0,239.0,5.0,5.0,180.0,180.0,6004947
AUVERGNE RHONE ALPES,2022-06-07 16:30:00,2022,158,16:30:00,158.69,229.0,7587.0,129.0,874.0,2247.0,119.0,-6.0,-4319.0,0.0,0.0,1048.0,1048.0,13570.0,12792.0,723.0,1692.0,11782.0,11632.0,208.0,208.0,8155762
AUVERGNE RHONE ALPES,2018-12-26 06:00:00,2018,360,06:00:00,360.25,192.0,12189.0,47.0,0.0,2579.0,148.0,-1379.0,-5530.0,0.0,0.0,1025.0,624.0,13570.0,12778.0,607.0,1123.0,11271.0,11087.0,189.0,189.0,7994459
AUVERGNE RHONE ALPES,2017-03-27 00:30:00,2017,86,00:30:00,86.02,175.0,9214.0,24.0,0.0,2972.0,109.0,-261.0,-5182.0,0.0,0.0,985.0,985.0,13570.0,12594.0,486.0,942.0,11238.0,11059.0,178.0,178.0,7948287
PROVENCE ALPES COTE D AZUR,2022-07-28 09:00:00,2022,209,09:00:00,209.38,1307.0,0.0,3.0,495.0,852.0,62.0,0.0,1958.0,0.0,0.0,2724.0,2527.0,0.0,0.0,96.0,1866.0,3267.0,3181.0,357.0,357.0,5150362
CENTRE VAL DE LOIRE,2014-12-14 16:00:00,2014,348,16:00:00,348.67,80.0,10537.0,0.0,16.0,6.0,55.0,0.0,-8200.0,0.0,0.0,162.0,162.0,11630.0,10725.0,801.0,223.0,91.0,91.0,71.0,71.0,2577435
BOURGOGNE FRANCHE COMTE,2021-10-22 20:30:00,2021,295,20:30:00,295.85,62.0,0.0,22.0,0.0,142.0,44.0,0.0,2192.0,0.0,0.0,401.0,401.0,0.0,0.0,992.0,471.0,524.0,524.0,72.0,72.0,2800194
NOUVELLE AQUITAINE,2013-04-23 17:30:00,2013,113,17:30:00,113.73,33.0,3301.0,3.0,299.0,581.0,126.0,0.0,71.0,0.0,0.0,421.0,421.0,6630.0,6630.0,356.0,966.0,1759.0,1759.0,210.0,210.0,5844177
GRAND EST,2022-01-04 23:00:00,2022,4,23:00:00,4.96,571.0,5540.0,2768.0,0.0,1064.0,145.0,-518.0,-3831.0,0.0,0.0,3590.0,3590.0,10820.0,9971.0,4189.0,967.0,2306.0,2104.0,211.0,211.0,5563889
AUVERGNE RHONE ALPES,2020-09-30 14:30:00,2020,274,14:30:00,274.6,374.0,10543.0,14.0,701.0,2035.0,87.0,-503.0,-5803.0,0.0,0.0,1034.0,1034.0,13570.0,12631.0,682.0,1309.0,11750.0,11569.0,194.0,194.0,8078652
NOUVELLE AQUITAINE,2015-10-18 17:00:00,2015,291,17:00:00,291.71,62.0,6501.0,113.0,235.0,113.0,149.0,0.0,-3116.0,0.0,0.0,427.0,427.0,6630.0,6630.0,534.0,1770.0,1777.0,1777.0,239.0,239.0,5911482
BRETAGNE,2016-06-13 18:30:00,2016,165,18:30:00,165.77,1.0,0.0,352.0,36.0,6.0,18.0,-3.0,1808.0,0.0,0.0,771.0,686.0,0.0,0.0,853.0,227.0,275.0,275.0,56.0,56.0,3306529
NOUVELLE AQUITAINE,2013-07-13 01:00:00,2013,194,01:00:00,194.04,28.0,3955.0,163.0,0.0,421.0,133.0,0.0,-543.0,0.0,0.0,421.0,421.0,6630.0,6630.0,356.0,978.0,1760.0,1760.0,210.0,210.0,5844177
PAYS DE LA LOIRE,2022-12-08 19:00:00,2022,342,19:00:00,342.79,1510.0,0.0,687.0,0.0,2.0,50.0,0.0,2871.0,0.0,0.0,2068.0,1850.0,0.0,0.0,1702.0,938.0,10.0,10.0,80.0,80.0,3878839
NOUVELLE AQUITAINE,2019-11-08 10:30:00,2019,312,10:30:00,312.44,196.0,5825.0,151.0,288.0,985.0,162.0,0.0,-1148.0,0.0,0.0,562.0,562.0,6630.0,5720.0,1029.0,2604.0,1782.0,1677.0,340.0,340.0,6010289
NOUVELLE AQUITAINE,2020-03-07 02:00:00,2020,67,02:00:00,67.08,208.0,6429.0,328.0,0.0,989.0,179.0,0.0,-2164.0,0.0,0.0,571.0,571.0,6630.0,5822.0,1089.0,2636.0,1783.0,1678.0,340.0,340.0,6033952
HAUTS DE FRANCE,2015-06-19 12:00:00,2015,170,12:00:00,170.5,299.0,4388.0,264.0,54.0,1.0,111.0,0.0,758.0,0.0,0.0,2301.0,1970.0,5460.0,4550.0,2734.0,213.0,5.0,5.0,159.0,159.0,6009976
OCCITANIE,2017-11-06 16:00:00,2017,310,16:00:00,310.67,63.0,2597.0,967.0,299.0,371.0,91.0,-1.0,367.0,0.0,0.0,282.0,282.0,2620.0,2620.0,1273.0,1766.0,5476.0,5249.0,140.0,140.0,5845102
BRETAGNE,2015-07-13 01:30:00,2015,194,01:30:00,194.06,0.0,0.0,121.0,0.0,73.0,39.0,-1.0,1380.0,0.0,0.0,724.0,724.0,0.0,0.0,801.0,221.0,272.0,272.0,55.0,55.0,3293850
PAYS DE LA LOIRE,2016-01-11 20:00:00,2016,11,20:00:00,11.83,1162.0,0.0,506.0,0.0,4.0,27.0,0.0,2598.0,0.0,0.0,1880.0,1677.0,0.0,0.0,605.0,457.0,8.0,8.0,61.0,61.0,3737632
PROVENCE ALPES COTE D AZUR,2020-03-17 11:00:00,2020,77,11:00:00,77.46,1595.0,0.0,0.0,698.0,1837.0,105.0,0.0,129.0,0.0,0.0,2710.0,2293.0,0.0,0.0,48.0,1454.0,3256.0,3256.0,357.0,207.0,5098666
PAYS DE LA LOIRE,2021-01-27 18:00:00,2021,27,18:00:00,27.75,1124.0,0.0,228.0,0.0,6.0,47.0,0.0,2994.0,0.0,0.0,2055.0,2055.0,0.0,0.0,1046.0,690.0,10.0,10.0,78.0,78.0,3853999
CENTRE VAL DE LOIRE,2015-09-09 06:30:00,2015,252,06:30:00,252.27,1.0,9926.0,286.0,0.0,0.0,39.0,0.0,-8485.0,0.0,0.0,166.0,166.0,11630.0,11288.0,832.0,240.0,91.0,91.0,71.0,71.0,2578592
NOUVELLE AQUITAINE,2014-05-15 17:00:00,2014,135,17:00:00,135.71,29.0,5593.0,202.0,584.0,494.0,140.0,0.0,-2781.0,0.0,0.0,421.0,421.0,6630.0,6630.0,417.0,1100.0,1772.0,1772.0,220.0,220.0,5879144
GRAND EST,2019-02-16 16:00:00,2019,47,16:00:00,47.67,725.0,10135.0,8.0,310.0,630.0,116.0,0.0,-6843.0,0.0,0.0,3531.0,3531.0,10820.0,9819.0,3355.0,563.0,2302.0,1984.0,164.0,164.0,5556219
PROVENCE ALPES COTE D AZUR,2018-04-09 18:00:00,2018,99,18:00:00,99.75,34.0,0.0,22.0,219.0,1809.0,201.0,0.0,2243.0,0.0,0.0,2666.0,2304.0,0.0,0.0,48.0,1243.0,3233.0,3067.0,357.0,357.0,5052832
BOURGOGNE FRANCHE COMTE,2020-11-24 09:30:00,2020,329,09:30:00,329.4,113.0,0.0,68.0,52.0,168.0,47.0,0.0,2864.0,0.0,0.0,401.0,401.0,0.0,0.0,889.0,392.0,523.0,523.0,71.0,71.0,2801695
GRAND EST,2022-09-17 17:30:00,2022,260,17:30:00,260.73,577.0,3103.0,1663.0,242.0,785.0,138.0,-326.0,-2588.0,0.0,0.0,3590.0,3163.0,10820.0,9951.0,4348.0,1097.0,2308.0,1985.0,235.0,235.0,5563889
AUVERGNE RHONE ALPES,2018-06-23 04:00:00,2018,174,04:00:00,174.17,20.0,7329.0,235.0,0.0,3368.0,123.0,-993.0,-4921.0,0.0,0.0,1000.0,599.0,13570.0,12554.0,578.0,1059.0,11260.0,11097.0,179.0,179.0,7994459
ILE DE FRANCE,2022-06-25 19:30:00,2022,176,19:30:00,176.81,0.0,0.0,1.0,14.0,6.0,131.0,0.0,6141.0,0.0,0.0,2171.0,2009.0,0.0,0.0,148.0,226.0,20.0,20.0,314.0,314.0,12354286
NOUVELLE AQUITAINE,2021-02-22 10:00:00,2021,53,10:00:00,53.42,199.0,5225.0,196.0,201.0,1296.0,189.0,0.0,-1295.0,0.0,0.0,578.0,578.0,6630.0,6630.0,1206.0,2950.0,1783.0,1783.0,353.0,353.0,6069352
NORMANDIE,2015-07-26 17:30:00,2015,207,17:30:00,207.73,229.0,5311.0,393.0,24.0,14.0,44.0,0.0,-3932.0,0.0,0.0,761.0,181.0,10640.0,9584.0,522.0,215.0,24.0,24.0,94.0,94.0,3339131
NORMANDIE,2019-03-19 04:30:00,2019,78,04:30:00,78.19,370.0,7750.0,22.0,0.0,18.0,55.0,0.0,-4837.0,0.0,0.0,833.0,833.0,10640.0,9392.0,801.0,254.0,31.0,31.0,105.0,105.0,3325032
NORMANDIE,2022-01-14 00:30:00,2022,14,00:30:00,14.02,313.0,8514.0,111.0,0.0,11.0,83.0,0.0,-4831.0,0.0,0.0,852.0,852.0,10640.0,9507.0,911.0,305.0,31.0,31.0,148.0,148.0,3327604
BOURGOGNE FRANCHE COMTE,2016-04-15 14:30:00,2016,106,14:30:00,106.6,23.0,0.0,143.0,75.0,103.0,23.0,0.0,2178.0,0.0,0.0,329.0,329.0,0.0,0.0,414.0,264.0,513.0,513.0,30.0,30.0,2818338
GRAND EST,2018-11-02 06:00:00,2018,306,06:00:00,306.25,1761.0,11091.0,98.0,0.0,471.0,95.0,0.0,-8584.0,0.0,0.0,3527.0,2932.0,10820.0,9704.0,3165.0,560.0,2301.0,2006.0,161.0,161.0,5550389
HAUTS DE FRANCE,2016-08-03 13:00:00,2016,216,13:00:00,216.54,647.0,3406.0,892.0,21.0,2.0,116.0,0.0,112.0,0.0,0.0,2864.0,2681.0,5460.0,4676.0,3088.0,213.0,5.0,5.0,163.0,163.0,6006870
BRETAGNE,2016-11-27 20:30:00,2016,332,20:30:00,332.85,142.0,0.0,404.0,0.0,3.0,38.0,-1.0,2269.0,0.0,0.0,823.0,823.0,0.0,0.0,877.0,231.0,275.0,275.0,57.0,57.0,3306529
PAYS DE LA LOIRE,2018-09-03 19:00:00,2018,246,19:00:00,246.79,591.0,0.0,97.0,80.0,0.0,42.0,0.0,2059.0,0.0,0.0,1976.0,1769.0,0.0,0.0,824.0,550.0,8.0,8.0,70.0,70.0,3781423
NOUVELLE AQUITAINE,2017-01-13 13:00:00,2017,13,13:00:00,13.54,251.0,5157.0,470.0,560.0,480.0,190.0,0.0,132.0,0.0,0.0,452.0,452.0,6630.0,5135.0,721.0,1925.0,1780.0,1780.0,295.0,295.0,5956978
OCCITANIE,2014-01-30 10:00:00,2014,30,10:00:00,30.42,70.0,2500.0,139.0,40.0,2413.0,79.0,-16.0,884.0,0.0,0.0,251.0,251.0,2620.0,2620.0,889.0,1209.0,5397.0,5397.0,127.0,127.0,5730753
HAUTS DE FRANCE,2017-02-26 23:00:00,2017,57,23:00:00,57.96,1579.0,3651.0,1654.0,0.0,2.0,124.0,0.0,-1055.0,0.0,0.0,2900.0,2325.0,5460.0,4550.0,3330.0,214.0,5.0,5.0,164.0,164.0,6003815
GRAND EST,2018-02-11 19:00:00,2018,42,19:00:00,42.79,433.0,11580.0,1124.0,0.0,1244.0,99.0,0.0,-7942.0,0.0,0.0,3471.0,2876.0,10820.0,9800.0,3053.0,552.0,2300.0,2002.0,145.0,145.0,5550389
NOUVELLE AQUITAINE,2013-04-03 15:00:00,2013,93,15:00:00,93.62,77.0,4126.0,29.0,490.0,565.0,123.0,0.0,138.0,0.0,0.0,421.0,421.0,6630.0,6630.0,356.0,963.0,1759.0,1759.0,209.0,209.0,5844177
BRETAGNE,2014-08-31 10:00:00,2014,243,10:00:00,243.42,1.0,0.0,15.0,50.0,3.0,34.0,-1.0,1547.0,0.0,0.0,688.0,688.0,0.0,0.0,781.0,215.0,272.0,272.0,52.0,52.0,3276543
NORMANDIE,2013-02-09 04:30:00,2013,40,04:30:00,40.19,860.0,10004.0,54.0,0.0,16.0,57.0,0.0,-7097.0,0.0,0.0,761.0,181.0,10640.0,10640.0,423.0,206.0,22.0,22.0,88.0,88.0,3328364
OCCITANIE,2013-05-13 04:30:00,2013,133,04:30:00,133.19,-1.0,1392.0,322.0,0.0,1643.0,61.0,-864.0,192.0,0.0,0.0,245.0,245.0,2620.0,2620.0,861.0,1055.0,5379.0,5379.0,126.0,126.0,5683878
HAUTS DE FRANCE,2015-06-01 12:30:00,2015,152,12:30:00,152.52,252.0,4522.0,187.0,59.0,2.0,106.0,0.0,784.0,0.0,0.0,2301.0,2036.0,5460.0,4550.0,2734.0,213.0,5.0,5.0,159.0,159.0,6009976
AUVERGNE RHONE ALPES,2014-12-17 18:30:00,2014,351,18:30:00,351.77,589.0,11121.0,196.0,0.0,4447.0,120.0,-7.0,-6118.0,0.0,0.0,940.0,940.0,13570.0,12655.0,357.0,854.0,11165.0,10903.0,141.0,141.0,7820966
NOUVELLE AQUITAINE,2018-02-22 20:00:00,2018,53,20:00:00,53.83,221.0,6606.0,436.0,-1.0,1249.0,191.0,0.0,-1223.0,0.0,0.0,482.0,482.0,6630.0,5720.0,882.0,2267.0,1781.0,1781.0,314.0,314.0,5979778
OCCITANIE,2018-01-25 15:30:00,2018,25,15:30:00,25.65,83.0,2480.0,600.0,107.0,2430.0,94.0,-17.0,-490.0,0.0,0.0,291.0,291.0,2620.0,2620.0,1365.0,1815.0,5481.0,5311.0,145.0,145.0,5885496
OCCITANIE,2017-07-29 11:30:00,2017,210,11:30:00,210.48,0.0,1256.0,11.0,869.0,406.0,97.0,-626.0,1878.0,0.0,0.0,282.0,282.0,2620.0,1678.0,1249.0,1739.0,5475.0,5267.0,140.0,140.0,5845102
CENTRE VAL DE LOIRE,2021-03-21 04:00:00,2021,80,04:00:00,80.17,86.0,8294.0,222.0,0.0,3.0,65.0,0.0,-6529.0,0.0,0.0,229.0,229.0,11630.0,11630.0,1288.0,485.0,92.0,92.0,88.0,88.0,2573303
NOUVELLE AQUITAINE,2013-02-28 19:30:00,2013,59,19:30:00,59.81,234.0,6542.0,87.0,0.0,1149.0,148.0,0.0,-951.0,0.0,0.0,418.0,418.0,6630.0,6630.0,356.0,948.0,1759.0,1759.0,208.0,208.0,5844177
PAYS DE LA LOIRE,2016-09-05 13:00:00,2016,249,13:00:00,249.54,400.0,0.0,84.0,88.0,0.0,36.0,0.0,2572.0,0.0,0.0,1880.0,1319.0,0.0,0.0,678.0,479.0,8.0,8.0,63.0,63.0,3737632
CENTRE VAL DE LOIRE,2017-07-23 03:30:00,2017,204,03:30:00,204.15,0.0,6198.0,464.0,0.0,0.0,69.0,0.0,-5335.0,0.0,0.0,198.0,198.0,11630.0,10656.0,963.0,270.0,91.0,91.0,76.0,76.0,2576252
PAYS DE LA LOIRE,2020-08-17 14:30:00,2020,230,14:30:00,230.6,29.0,0.0,204.0,302.0,0.0,58.0,0.0,1981.0,0.0,0.0,2050.0,1905.0,0.0,0.0,1000.0,656.0,10.0,10.0,77.0,77.0,3832120
PROVENCE ALPES COTE D AZUR,2013-06-05 22:30:00,2013,156,22:30:00,156.94,1012.0,0.0,0.0,0.0,2127.0,30.0,0.0,950.0,0.0,0.0,2590.0,2528.0,0.0,0.0,45.0,694.0,3158.0,3158.0,151.0,151.0,4953675
PAYS DE LA LOIRE,2018-04-10 10:00:00,2018,100,10:00:00,100.42,1070.0,0.0,42.0,54.0,4.0,33.0,0.0,2675.0,0.0,0.0,1968.0,1788.0,0.0,0.0,796.0,540.0,8.0,8.0,69.0,69.0,3781423
GRAND EST,2020-03-12 12:00:00,2020,72,12:00:00,72.5,1693.0,5992.0,1198.0,107.0,1066.0,128.0,0.0,-3971.0,0.0,0.0,3535.0,3535.0,10820.0,9598.0,3606.0,617.0,2303.0,2089.0,182.0,182.0,5562651
PROVENCE ALPES COTE D AZUR,2015-04-21 17:00:00,2015,111,17:00:00,111.71,692.0,0.0,1.0,433.0,618.0,60.0,0.0,2236.0,0.0,0.0,2605.0,2250.0,0.0,0.0,45.0,912.0,3168.0,3168.0,183.0,183.0,5007977
BOURGOGNE FRANCHE COMTE,2017-12-08 03:00:00,2017,342,03:00:00,342.12,171.0,0.0,300.0,0.0,51.0,20.0,0.0,2336.0,0.0,0.0,356.0,356.0,0.0,0.0,676.0,304.0,520.0,520.0,35.0,35.0,2811423
AUVERGNE RHONE ALPES,2021-04-09 11:00:00,2021,99,11:00:00,99.46,425.0,7454.0,374.0,592.0,3331.0,84.0,-82.0,-4008.0,0.0,0.0,1047.0,1047.0,13570.0,12690.0,723.0,1441.0,11767.0,11619.0,208.0,208.0,8114361
GRAND EST,2013-07-26 14:00:00,2013,207,14:00:00,207.58,991.0,9672.0,160.0,175.0,988.0,45.0,0.0,-6854.0,0.0,0.0,3398.0,3398.0,10820.0,9520.0,1917.0,505.0,2280.0,2078.0,93.0,93.0,5552388
BRETAGNE,2016-02-16 15:00:00,2016,47,15:00:00,47.62,154.0,0.0,18.0,86.0,23.0,32.0,-1.0,2926.0,0.0,0.0,771.0,771.0,0.0,0.0,829.0,224.0,275.0,275.0,56.0,56.0,3306529
NOUVELLE AQUITAINE,2015-05-23 22:30:00,2015,143,22:30:00,143.94,16.0,2801.0,45.0,0.0,483.0,165.0,0.0,414.0,0.0,0.0,427.0,427.0,6630.0,5766.0,488.0,1503.0,1775.0,1670.0,239.0,239.0,5911482
OCCITANIE,2019-01-30 09:30:00,2019,30,09:30:00,30.4,85.0,2613.0,655.0,169.0,2303.0,80.0,0.0,1047.0,0.0,0.0,307.0,307.0,2620.0,2620.0,1485.0,1988.0,5485.0,5308.0,146.0,146.0,5933185
ILE DE FRANCE,2017-03-22 02:30:00,2017,81,02:30:00,81.1,301.0,0.0,13.0,0.0,7.0,121.0,0.0,7094.0,0.0,0.0,2149.0,1621.0,0.0,0.0,73.0,116.0,19.0,19.0,301.0,301.0,12174880
HAUTS DE FRANCE,2014-03-06 11:30:00,2014,65,11:30:00,65.48,658.0,4440.0,132.0,60.0,2.0,87.0,0.0,1780.0,0.0,0.0,2278.0,2278.0,5460.0,5460.0,2275.0,211.0,5.0,5.0,139.0,139.0,6006156
BOURGOGNE FRANCHE COMTE,2023-01-30 08:00:00,2023,30,08:00:00,30.33,169.0,0.0,228.0,0.0,235.0,47.0,0.0,2865.0,0.0,0.0,401.0,401.0,0.0,0.0,1067.0,643.0,524.0,524.0,76.0,76.0,2786296
GRAND EST,2023-01-17 12:30:00,2023,17,12:30:00,17.52,1849.0,5061.0,495.0,154.0,1151.0,140.0,0.0,-2481.0,0.0,0.0,3615.0,3615.0,10820.0,9726.0,4536.0,1133.0,2308.0,2106.0,237.0,237.0,5562262
HAUTS DE FRANCE,2018-11-08 00:00:00,2018,312,00:00:00,312.0,1985.0,4325.0,1344.0,0.0,0.0,119.0,0.0,-1358.0,0.0,0.0,2954.0,2954.0,5460.0,4550.0,4126.0,234.0,5.0,5.0,171.0,171.0,6004108
PROVENCE ALPES COTE D AZUR,2022-11-16 18:00:00,2022,320,18:00:00,320.75,663.0,0.0,1.0,0.0,1010.0,62.0,0.0,2826.0,0.0,0.0,2724.0,2379.0,0.0,0.0,96.0,1962.0,3270.0,3226.0,357.0,357.0,5150362
NOUVELLE AQUITAINE,2022-03-17 13:30:00,2022,76,13:30:00,76.56,106.0,2757.0,723.0,548.0,439.0,196.0,0.0,1167.0,0.0,0.0,578.0,578.0,6630.0,5486.0,1429.0,3518.0,1784.0,1666.0,356.0,356.0,6098051
PAYS DE LA LOIRE,2019-09-15 07:00:00,2019,258,07:00:00,258.29,3.0,0.0,91.0,0.0,0.0,44.0,0.0,1556.0,0.0,0.0,2037.0,1783.0,0.0,0.0,926.0,597.0,10.0,10.0,75.0,75.0,3806461
PAYS DE LA LOIRE,2016-01-08 19:00:00,2016,8,19:00:00,8.79,1068.0,0.0,93.0,0.0,4.0,35.0,0.0,3089.0,0.0,0.0,1880.0,1488.0,0.0,0.0,605.0,457.0,8.0,8.0,61.0,61.0,3737632
CENTRE VAL DE LOIRE,2015-10-13 06:30:00,2015,286,06:30:00,286.27,4.0,6448.0,80.0,0.0,1.0,37.0,0.0,-4469.0,0.0,0.0,166.0,166.0,11630.0,10842.0,842.0,240.0,91.0,91.0,71.0,71.0,2578592
BOURGOGNE FRANCHE COMTE,2017-12-22 15:30:00,2017,356,15:30:00,356.65,166.0,0.0,24.0,7.0,100.0,26.0,0.0,2630.0,0.0,0.0,356.0,356.0,0.0,0.0,676.0,304.0,520.0,520.0,35.0,35.0,2811423
AUVERGNE RHONE ALPES,2021-07-11 02:00:00,2021,192,02:00:00,192.08,10.0,7406.0,139.0,0.0,4085.0,119.0,-21.0,-6759.0,0.0,0.0,1047.0,1047.0,13570.0,13570.0,723.0,1494.0,11771.0,11624.0,208.0,208.0,8114361
GRAND EST,2015-02-22 19:00:00,2015,53,19:00:00,53.79,1244.0,9547.0,725.0,0.0,1400.0,88.0,0.0,-6903.0,0.0,0.0,3400.0,3200.0,10820.0,9420.0,2340.0,523.0,2284.0,2284.0,108.0,108.0,5559051
AUVERGNE RHONE ALPES,2016-04-06 17:30:00,2016,97,17:30:00,97.73,32.0,9566.0,97.0,276.0,3465.0,100.0,-1217.0,-4732.0,0.0,0.0,959.0,558.0,13570.0,12777.0,384.0,910.0,11205.0,11018.0,170.0,170.0,7916889
BOURGOGNE FRANCHE COMTE,2014-07-07 02:00:00,2014,188,02:00:00,188.08,15.0,0.0,11.0,0.0,27.0,18.0,0.0,1505.0,0.0,0.0,313.0,68.0,0.0,0.0,254.0,250.0,508.0,508.0,26.0,26.0,2820623
PAYS DE LA LOIRE,2019-02-24 02:00:00,2019,55,02:00:00,55.08,181.0,0.0,241.0,0.0,5.0,44.0,0.0,2667.0,0.0,0.0,2037.0,1747.0,0.0,0.0,897.0,568.0,8.0,8.0,70.0,70.0,3806461
CENTRE VAL DE LOIRE,2017-09-14 07:30:00,2017,257,07:30:00,257.31,0.0,7247.0,498.0,0.0,0.0,61.0,0.0,-5889.0,0.0,0.0,198.0,198.0,11630.0,10776.0,963.0,274.0,91.0,91.0,76.0,76.0,2576252
NORMANDIE,2019-09-12 18:00:00,2019,255,18:00:00,255.75,234.0,5068.0,112.0,24.0,7.0,47.0,0.0,-2789.0,0.0,0.0,833.0,253.0,10640.0,9310.0,806.0,258.0,31.0,31.0,108.0,108.0,3325032
BOURGOGNE FRANCHE COMTE,2015-04-10 06:00:00,2015,100,06:00:00,100.25,53.0,0.0,103.0,0.0,156.0,17.0,0.0,2035.0,0.0,0.0,325.0,80.0,0.0,0.0,344.0,254.0,510.0,510.0,29.0,29.0,2820940
ILE DE FRANCE,2017-12-24 15:30:00,2017,358,15:30:00,358.65,474.0,0.0,8.0,1.0,7.0,165.0,0.0,7871.0,0.0,0.0,2157.0,2057.0,0.0,0.0,88.0,119.0,19.0,19.0,306.0,306.0,12174880
PROVENCE ALPES COTE D AZUR,2016-09-09 01:30:00,2016,253,01:30:00,253.06,746.0,0.0,16.0,0.0,732.0,98.0,0.0,2182.0,0.0,0.0,2614.0,2369.0,0.0,0.0,48.0,1046.0,3192.0,3068.0,354.0,354.0,5021928
CENTRE VAL DE LOIRE,2013-07-27 09:30:00,2013,208,09:30:00,208.4,6.0,7383.0,119.0,44.0,0.0,33.0,0.0,-6096.0,0.0,0.0,162.0,162.0,11630.0,11630.0,697.0,211.0,91.0,91.0,56.0,56.0,2570548
CENTRE VAL DE LOIRE,2020-10-10 04:00:00,2020,284,04:00:00,284.17,14.0,5933.0,227.0,0.0,2.0,57.0,0.0,-4601.0,0.0,0.0,229.0,229.0,11630.0,10685.0,1256.0,387.0,92.0,92.0,88.0,88.0,2574863
ILE DE FRANCE,2013-06-09 13:00:00,2013,160,13:00:00,160.54,1.0,0.0,0.0,14.0,2.0,119.0,0.0,6791.0,0.0,0.0,2121.0,2121.0,0.0,0.0,37.0,109.0,19.0,19.0,265.0,265.0,11959807
GRAND EST,2019-08-27 01:00:00,2019,239,01:00:00,239.04,1373.0,7992.0,269.0,0.0,957.0,126.0,-523.0,-6195.0,0.0,0.0,3531.0,3531.0,10820.0,9609.0,3445.0,591.0,2303.0,2032.0,172.0,172.0,5556219
BOURGOGNE FRANCHE COMTE,2013-02-14 18:00:00,2013,45,18:00:00,45.75,406.0,0.0,68.0,0.0,268.0,15.0,0.0,2958.0,0.0,0.0,301.0,301.0,0.0,0.0,204.0,227.0,479.0,479.0,24.0,24.0,2819783
BRETAGNE,2015-07-31 05:00:00,2015,212,05:00:00,212.21,0.0,0.0,118.0,0.0,0.0,40.0,-2.0,1414.0,0.0,0.0,724.0,724.0,0.0,0.0,801.0,221.0,272.0,272.0,55.0,55.0,3293850
GRAND EST,2017-12-24 22:00:00,2017,358,22:00:00,358.92,890.0,9959.0,649.0,0.0,1209.0,127.0,0.0,-7873.0,0.0,0.0,3471.0,2876.0,10820.0,9630.0,3053.0,551.0,2299.0,1969.0,145.0,145.0,5549586
NOUVELLE AQUITAINE,2020-04-30 15:30:00,2020,121,15:30:00,121.65,15.0,4833.0,898.0,1606.0,372.0,178.0,0.0,-3448.0,0.0,0.0,571.0,571.0,6630.0,5369.0,1089.0,2646.0,1783.0,1678.0,341.0,341.0,6033952
NORMANDIE,2014-08-01 23:00:00,2014,213,23:00:00,213.96,197.0,10121.0,31.0,0.0,14.0,62.0,0.0,-7565.0,0.0,0.0,761.0,181.0,10640.0,10640.0,489.0,213.0,24.0,24.0,91.0,91.0,3335645
NOUVELLE AQUITAINE,2019-07-18 15:00:00,2019,199,15:00:00,199.62,28.0,5532.0,161.0,1555.0,90.0,191.0,0.0,-2461.0,0.0,0.0,538.0,538.0,6630.0,5428.0,1017.0,2527.0,1782.0,1670.0,319.0,319.0,6010289
GRAND EST,2017-10-26 10:30:00,2017,299,10:30:00,299.44,2314.0,8766.0,81.0,55.0,938.0,92.0,0.0,-6321.0,0.0,0.0,3464.0,2869.0,10820.0,9490.0,3040.0,549.0,2299.0,1988.0,141.0,141.0,5549586
OCCITANIE,2017-12-08 09:00:00,2017,342,09:00:00,342.38,76.0,2594.0,456.0,26.0,698.0,93.0,0.0,2361.0,0.0,0.0,291.0,291.0,2620.0,2620.0,1308.0,1786.0,5481.0,5481.0,145.0,145.0,5845102
ILE DE FRANCE,2020-02-19 12:30:00,2020,50,12:30:00,50.52,300.0,0.0,27.0,33.0,1.0,105.0,0.0,10026.0,0.0,0.0,2170.0,2170.0,0.0,0.0,108.0,144.0,20.0,20.0,314.0,314.0,12271794
AUVERGNE RHONE ALPES,2017-04-17 20:00:00,2017,107,20:00:00,107.83,38.0,8917.0,146.0,12.0,2428.0,89.0,-5.0,-5235.0,0.0,0.0,985.0,985.0,13570.0,12502.0,486.0,943.0,11239.0,11049.0,178.0,178.0,7948287
AUVERGNE RHONE ALPES,2014-02-02 03:30:00,2014,33,03:30:00,33.15,185.0,12035.0,81.0,0.0,2733.0,111.0,-2108.0,-4899.0,0.0,0.0,934.0,934.0,13570.0,13570.0,347.0,775.0,11132.0,11132.0,140.0,140.0,7820966
AUVERGNE RHONE ALPES,2016-12-01 13:30:00,2016,336,13:30:00,336.56,730.0,8442.0,78.0,296.0,2475.0,122.0,-8.0,-1894.0,0.0,0.0,982.0,982.0,13570.0,12742.0,411.0,935.0,11231.0,10993.0,177.0,177.0,7916889
AUVERGNE RHONE ALPES,2017-04-14 10:30:00,2017,104,10:30:00,104.44,36.0,10264.0,57.0,351.0,3650.0,80.0,-8.0,-6535.0,0.0,0.0,985.0,985.0,13570.0,12521.0,486.0,943.0,11239.0,11055.0,178.0,178.0,7948287
GRAND EST,2016-07-25 14:00:00,2016,207,14:00:00,207.58,1392.0,8527.0,17.0,243.0,1456.0,76.0,0.0,-6729.0,0.0,0.0,3424.0,2829.0,10820.0,9677.0,2634.0,528.0,2295.0,2093.0,123.0,123.0,5555186
PROVENCE ALPES COTE D AZUR,2014-06-24 19:00:00,2014,175,19:00:00,175.79,101.0,0.0,7.0,133.0,1265.0,37.0,0.0,3171.0,0.0,0.0,2592.0,2268.0,0.0,0.0,45.0,837.0,3165.0,3165.0,170.0,170.0,4983438
NORMANDIE,2019-06-23 15:30:00,2019,174,15:30:00,174.65,158.0,5843.0,166.0,75.0,12.0,53.0,0.0,-4156.0,0.0,0.0,833.0,833.0,10640.0,9531.0,801.0,255.0,31.0,31.0,106.0,106.0,3325032
BOURGOGNE FRANCHE COMTE,2017-12-18 22:30:00,2017,352,22:30:00,352.94,167.0,0.0,73.0,0.0,102.0,27.0,0.0,2884.0,0.0,0.0,356.0,356.0,0.0,0.0,676.0,304.0,520.0,520.0,35.0,35.0,2811423
BOURGOGNE FRANCHE COMTE,2014-08-09 17:00:00,2014,221,17:00:00,221.71,16.0,0.0,11.0,68.0,58.0,20.0,0.0,1359.0,0.0,0.0,313.0,68.0,0.0,0.0,254.0,251.0,508.0,508.0,28.0,28.0,2820623
CENTRE VAL DE LOIRE,2021-02-16 00:00:00,2021,47,00:00:00,47.0,103.0,10475.0,497.0,0.0,29.0,59.0,0.0,-8332.0,0.0,0.0,229.0,229.0,11630.0,10452.0,1278.0,460.0,92.0,92.0,88.0,88.0,2573303
ILE DE FRANCE,2022-08-30 08:30:00,2022,242,08:30:00,242.35,141.0,0.0,8.0,12.0,3.0,142.0,0.0,6222.0,0.0,0.0,2171.0,2020.0,0.0,0.0,148.0,234.0,20.0,20.0,314.0,314.0,12354286
ILE DE FRANCE,2018-06-02 02:00:00,2018,153,02:00:00,153.08,-2.0,0.0,1.0,0.0,9.0,132.0,0.0,5081.0,0.0,0.0,2157.0,2094.0,0.0,0.0,88.0,122.0,20.0,20.0,306.0,306.0,12213447
PROVENCE ALPES COTE D AZUR,2015-05-15 20:30:00,2015,135,20:30:00,135.85,166.0,0.0,38.0,8.0,1400.0,59.0,0.0,2416.0,0.0,0.0,2610.0,2241.0,0.0,0.0,45.0,913.0,3168.0,3168.0,183.0,183.0,5007977
AUVERGNE RHONE ALPES,2015-02-05 11:00:00,2015,36,11:00:00,36.46,719.0,13552.0,129.0,70.0,6609.0,82.0,-10.0,-9133.0,0.0,0.0,940.0,940.0,13570.0,13570.0,372.0,859.0,11172.0,10881.0,141.0,141.0,7877698
HAUTS DE FRANCE,2013-02-05 12:30:00,2013,36,12:30:00,36.52,723.0,4531.0,976.0,17.0,1.0,67.0,0.0,1602.0,0.0,0.0,2268.0,2268.0,5460.0,5460.0,2096.0,209.0,4.0,4.0,122.0,122.0,5987883
PROVENCE ALPES COTE D AZUR,2021-07-16 01:30:00,2021,197,01:30:00,197.06,23.0,0.0,35.0,0.0,664.0,84.0,0.0,3088.0,0.0,0.0,2715.0,2452.0,0.0,0.0,96.0,1620.0,3266.0,3235.0,357.0,357.0,5127840
PAYS DE LA LOIRE,2022-09-30 02:30:00,2022,273,02:30:00,273.1,27.0,0.0,142.0,0.0,0.0,65.0,0.0,2013.0,0.0,0.0,2068.0,1682.0,0.0,0.0,1675.0,916.0,10.0,10.0,80.0,80.0,3878839
ILE DE FRANCE,2019-08-04 02:00:00,2019,216,02:00:00,216.08,0.0,0.0,16.0,0.0,5.0,155.0,0.0,4412.0,0.0,0.0,2170.0,2170.0,0.0,0.0,108.0,127.0,20.0,20.0,314.0,314.0,12262544
BOURGOGNE FRANCHE COMTE,2020-01-13 04:00:00,2020,13,04:00:00,13.17,178.0,0.0,59.0,0.0,56.0,28.0,-65.0,2177.0,0.0,0.0,401.0,401.0,0.0,0.0,864.0,344.0,521.0,521.0,69.0,69.0,2801695
NORMANDIE,2020-02-24 11:00:00,2020,55,11:00:00,55.46,467.0,6515.0,673.0,34.0,15.0,57.0,0.0,-3990.0,0.0,0.0,833.0,833.0,10640.0,9310.0,806.0,262.0,31.0,31.0,110.0,110.0,3325522
NOUVELLE AQUITAINE,2021-01-12 21:30:00,2021,12,21:30:00,12.9,216.0,6660.0,783.0,0.0,947.0,189.0,0.0,-1630.0,0.0,0.0,576.0,576.0,6630.0,5525.0,1196.0,2836.0,1783.0,1783.0,351.0,351.0,6069352
BRETAGNE,2013-07-31 15:30:00,2013,212,15:30:00,212.65,0.0,0.0,95.0,72.0,2.0,19.0,-36.0,2170.0,0.0,0.0,665.0,665.0,0.0,0.0,722.0,205.0,11.0,11.0,47.0,47.0,3258707
NOUVELLE AQUITAINE,2013-08-23 00:00:00,2013,235,00:00:00,235.0,26.0,5263.0,13.0,0.0,142.0,135.0,0.0,-1056.0,0.0,0.0,421.0,421.0,6630.0,6630.0,356.0,984.0,1760.0,1760.0,210.0,210.0,5844177
HAUTS DE FRANCE,2022-07-05 21:30:00,2022,186,21:30:00,186.9,898.0,2716.0,1065.0,5.0,1.0,111.0,0.0,-14.0,0.0,0.0,2993.0,2771.0,5460.0,4550.0,5806.0,443.0,6.0,6.0,197.0,197.0,5990765
CENTRE VAL DE LOIRE,2014-02-11 18:00:00,2014,42,18:00:00,42.75,75.0,10139.0,369.0,0.0,72.0,49.0,0.0,-7571.0,0.0,0.0,162.0,162.0,11630.0,11630.0,739.0,214.0,91.0,91.0,56.0,56.0,2577435
PAYS DE LA LOIRE,2019-01-04 06:30:00,2019,4,06:30:00,4.27,642.0,0.0,289.0,0.0,4.0,49.0,0.0,3648.0,0.0,0.0,2025.0,1750.0,0.0,0.0,876.0,560.0,8.0,8.0,70.0,70.0,3806461
BRETAGNE,2013-09-18 13:00:00,2013,261,13:00:00,261.54,0.0,0.0,313.0,42.0,167.0,16.0,-1.0,2131.0,0.0,0.0,669.0,669.0,0.0,0.0,722.0,206.0,11.0,11.0,48.0,48.0,3258707
NORMANDIE,2015-07-23 22:30:00,2015,204,22:30:00,204.94,225.0,7196.0,18.0,0.0,10.0,43.0,0.0,-4580.0,0.0,0.0,761.0,181.0,10640.0,9310.0,522.0,215.0,24.0,24.0,94.0,94.0,3339131
NORMANDIE,2015-01-02 17:30:00,2015,2,17:30:00,2.73,372.0,10453.0,60.0,0.0,17.0,55.0,0.0,-7123.0,0.0,0.0,761.0,181.0,10640.0,10640.0,496.0,214.0,24.0,24.0,91.0,91.0,3339131
NORMANDIE,2015-07-24 02:30:00,2015,205,02:30:00,205.1,225.0,7221.0,40.0,0.0,11.0,43.0,0.0,-5196.0,0.0,0.0,761.0,181.0,10640.0,9310.0,522.0,215.0,24.0,24.0,94.0,94.0,3339131
NORMANDIE,2018-01-28 23:00:00,2018,28,23:00:00,28.96,414.0,8938.0,224.0,0.0,16.0,44.0,0.0,-5854.0,0.0,0.0,813.0,813.0,10640.0,9310.0,705.0,233.0,31.0,31.0,102.0,102.0,3327477
GRAND EST,2020-04-12 16:30:00,2020,103,16:30:00,103.69,54.0,3369.0,143.0,211.0,638.0,117.0,-508.0,-882.0,0.0,0.0,3535.0,3089.0,10820.0,9530.0,3606.0,618.0,2303.0,1928.0,183.0,183.0,5562651
AUVERGNE RHONE ALPES,2017-05-06 20:30:00,2017,126,20:30:00,126.85,206.0,7236.0,212.0,8.0,3365.0,99.0,-6.0,-4380.0,0.0,0.0,985.0,584.0,13570.0,12579.0,486.0,946.0,11239.0,11045.0,178.0,178.0,7948287
GRAND EST,2016-09-06 18:00:00,2016,250,18:00:00,250.75,2117.0,9674.0,127.0,138.0,1307.0,61.0,0.0,-8375.0,0.0,0.0,3424.0,3229.0,10820.0,9914.0,2652.0,528.0,2295.0,2093.0,124.0,124.0,5555186
OCCITANIE,2013-11-02 11:00:00,2013,306,11:00:00,306.46,52.0,2345.0,57.0,246.0,501.0,75.0,-421.0,719.0,0.0,0.0,251.0,251.0,2620.0,2620.0,889.0,1166.0,5390.0,5163.0,126.0,126.0,5683878
AUVERGNE RHONE ALPES,2013-11-25 07:00:00,2013,329,07:00:00,329.29,183.0,9235.0,77.0,0.0,4102.0,81.0,-7.0,-4265.0,0.0,0.0,926.0,926.0,13570.0,12445.0,335.0,743.0,11125.0,10973.0,125.0,125.0,7757595
AUVERGNE RHONE ALPES,2017-08-19 20:00:00,2017,231,20:00:00,231.83,25.0,8336.0,97.0,29.0,2499.0,101.0,-28.0,-5483.0,0.0,0.0,985.0,985.0,13570.0,12591.0,486.0,961.0,11246.0,11042.0,178.0,178.0,7948287
CENTRE VAL DE LOIRE,2014-02-10 11:30:00,2014,41,11:30:00,41.48,75.0,10160.0,25.0,38.0,58.0,49.0,0.0,-7327.0,0.0,0.0,162.0,162.0,11630.0,11630.0,739.0,214.0,91.0,91.0,56.0,56.0,2577435
NOUVELLE AQUITAINE,2016-02-16 06:00:00,2016,47,06:00:00,47.25,180.0,5601.0,154.0,-1.0,1094.0,126.0,0.0,-522.0,0.0,0.0,429.0,429.0,6630.0,5890.0,559.0,1828.0,1778.0,1778.0,279.0,279.0,5935603
ILE DE FRANCE,2019-01-05 17:00:00,2019,5,17:00:00,5.71,434.0,0.0,3.0,0.0,8.0,159.0,0.0,10146.0,0.0,0.0,2169.0,2169.0,0.0,0.0,88.0,124.0,20.0,20.0,306.0,306.0,12262544
AUVERGNE RHONE ALPES,2020-07-17 18:00:00,2020,199,18:00:00,199.75,410.0,8075.0,209.0,250.0,3910.0,111.0,-15.0,-6426.0,0.0,0.0,1034.0,1034.0,13570.0,12655.0,647.0,1281.0,11746.0,11532.0,192.0,192.0,8078652
ILE DE FRANCE,2015-01-15 03:30:00,2015,15,03:30:00,15.15,289.0,0.0,18.0,0.0,3.0,124.0,0.0,7552.0,0.0,0.0,2128.0,1543.0,0.0,0.0,37.0,112.0,19.0,19.0,286.0,286.0,12082144
CENTRE VAL DE LOIRE,2014-12-18 23:30:00,2014,352,23:30:00,352.98,81.0,11099.0,521.0,0.0,35.0,52.0,0.0,-9468.0,0.0,0.0,162.0,162.0,11630.0,11630.0,801.0,223.0,91.0,91.0,71.0,71.0,2577435
ILE DE FRANCE,2020-05-01 17:00:00,2020,122,17:00:00,122.71,0.0,0.0,49.0,37.0,10.0,133.0,0.0,5232.0,0.0,0.0,2170.0,2088.0,0.0,0.0,108.0,144.0,20.0,20.0,314.0,314.0,12271794
NOUVELLE AQUITAINE,2013-01-09 13:00:00,2013,9,13:00:00,9.54,269.0,6715.0,3.0,112.0,1025.0,136.0,0.0,-732.0,0.0,0.0,418.0,418.0,6630.0,6630.0,356.0,941.0,1757.0,1757.0,208.0,208.0,5844177
NOUVELLE AQUITAINE,2018-06-18 17:00:00,2018,169,17:00:00,169.71,21.0,4035.0,34.0,936.0,435.0,186.0,0.0,-1334.0,0.0,0.0,482.0,482.0,6630.0,5767.0,924.0,2334.0,1781.0,1670.0,315.0,315.0,5979778
ILE DE FRANCE,2014-01-12 22:30:00,2014,12,22:30:00,12.94,261.0,0.0,10.0,0.0,3.0,150.0,0.0,9686.0,0.0,0.0,2122.0,2122.0,0.0,0.0,37.0,110.0,19.0,19.0,282.0,282.0,12027565
AUVERGNE RHONE ALPES,2016-11-08 07:00:00,2016,313,07:00:00,313.29,700.0,7432.0,72.0,0.0,3386.0,123.0,-6.0,-2169.0,0.0,0.0,982.0,982.0,13570.0,12692.0,399.0,932.0,11229.0,10997.0,177.0,177.0,7916889
NOUVELLE AQUITAINE,2023-01-21 00:00:00,2023,21,00:00:00,21.0,292.0,1592.0,50.0,0.0,693.0,141.0,0.0,3709.0,0.0,0.0,581.0,581.0,6630.0,5683.0,1644.0,3941.0,1786.0,1668.0,356.0,356.0,6110365
BOURGOGNE FRANCHE COMTE,2013-08-19 01:00:00,2013,231,01:00:00,231.04,24.0,0.0,9.0,0.0,22.0,10.0,0.0,1250.0,0.0,0.0,301.0,301.0,0.0,0.0,204.0,240.0,480.0,480.0,25.0,25.0,2819783
ILE DE FRANCE,2013-10-20 10:30:00,2013,293,10:30:00,293.44,1.0,0.0,5.0,5.0,5.0,115.0,0.0,6971.0,0.0,0.0,2121.0,1908.0,0.0,0.0,37.0,109.0,19.0,19.0,282.0,282.0,11959807
GRAND EST,2021-06-01 16:30:00,2021,152,16:30:00,152.69,313.0,5436.0,460.0,482.0,1035.0,149.0,0.0,-3108.0,0.0,0.0,3585.0,3172.0,10820.0,9940.0,3913.0,889.0,2305.0,2103.0,207.0,207.0,5561287
HAUTS DE FRANCE,2015-07-01 05:00:00,2015,182,05:00:00,182.21,225.0,4488.0,820.0,0.0,1.0,93.0,0.0,-1151.0,0.0,0.0,2301.0,1970.0,5460.0,4550.0,2734.0,213.0,5.0,5.0,160.0,160.0,6009976
OCCITANIE,2019-06-22 21:00:00,2019,173,21:00:00,173.88,0.0,1413.0,19.0,33.0,867.0,82.0,-467.0,1248.0,0.0,0.0,307.0,307.0,2620.0,2620.0,1559.0,2061.0,5489.0,5290.0,146.0,146.0,5933185
PAYS DE LA LOIRE,2015-01-05 10:00:00,2015,5,10:00:00,5.42,1726.0,0.0,30.0,10.0,4.0,41.0,0.0,2627.0,0.0,0.0,1864.0,1864.0,0.0,0.0,537.0,438.0,7.0,7.0,58.0,58.0,3718512
AUVERGNE RHONE ALPES,2022-03-14 12:00:00,2022,73,12:00:00,73.5,485.0,8771.0,128.0,714.0,2222.0,126.0,-3.0,-3445.0,0.0,0.0,1048.0,1048.0,13570.0,12658.0,723.0,1659.0,11780.0,11629.0,208.0,208.0,8155762
GRAND EST,2020-09-08 08:30:00,2020,252,08:30:00,252.35,835.0,4967.0,16.0,77.0,820.0,116.0,0.0,-1907.0,0.0,0.0,3585.0,3126.0,10820.0,9568.0,3739.0,646.0,2305.0,1901.0,185.0,185.0,5562651
OCCITANIE,2022-12-13 00:30:00,2022,347,00:30:00,347.02,121.0,1275.0,210.0,0.0,713.0,103.0,-847.0,4308.0,0.0,0.0,326.0,326.0,2620.0,1310.0,1667.0,3113.0,5505.0,5505.0,175.0,175.0,6067101
NOUVELLE AQUITAINE,2017-04-30 06:30:00,2017,120,06:30:00,120.27,81.0,5377.0,472.0,-1.0,128.0,175.0,0.0,-2540.0,0.0,0.0,465.0,465.0,6630.0,5720.0,742.0,1959.0,1780.0,1668.0,306.0,306.0,5956978
NOUVELLE AQUITAINE,2022-10-08 08:30:00,2022,281,08:30:00,281.35,78.0,2608.0,312.0,10.0,38.0,174.0,0.0,267.0,0.0,0.0,579.0,579.0,6630.0,5674.0,1592.0,3799.0,1786.0,1668.0,356.0,356.0,6098051
AUVERGNE RHONE ALPES,2019-07-05 12:00:00,2019,186,12:00:00,186.5,39.0,11162.0,7.0,641.0,4219.0,111.0,-17.0,-8006.0,0.0,0.0,1027.0,1027.0,13570.0,12705.0,635.0,1157.0,11247.0,11086.0,190.0,190.0,8042936
OCCITANIE,2021-07-27 00:00:00,2021,208,00:00:00,208.0,0.0,1242.0,248.0,0.0,850.0,87.0,-4.0,1594.0,0.0,0.0,325.0,325.0,2620.0,2620.0,1593.0,2632.0,5499.0,5332.0,172.0,172.0,6022176
AUVERGNE RHONE ALPES,2020-09-07 02:30:00,2020,251,02:30:00,251.1,378.0,8487.0,200.0,0.0,1475.0,120.0,-1463.0,-4357.0,0.0,0.0,1034.0,1034.0,13570.0,12662.0,647.0,1299.0,11750.0,11568.0,193.0,193.0,8078652
NOUVELLE AQUITAINE,2021-03-08 14:30:00,2021,67,14:30:00,67.6,179.0,5208.0,167.0,1109.0,740.0,181.0,0.0,-1673.0,0.0,0.0,578.0,578.0,6630.0,6630.0,1206.0,2991.0,1783.0,1783.0,353.0,353.0,6069352
ILE DE FRANCE,2022-07-05 18:30:00,2022,186,18:30:00,186.77,0.0,0.0,11.0,58.0,7.0,166.0,0.0,7024.0,0.0,0.0,2171.0,2030.0,0.0,0.0,148.0,226.0,20.0,20.0,314.0,314.0,12354286
GRAND EST,2018-09-21 10:30:00,2018,264,10:30:00,264.44,990.0,6053.0,2253.0,157.0,624.0,92.0,0.0,-4734.0,0.0,0.0,3502.0,3089.0,10820.0,9594.0,3155.0,558.0,2301.0,1994.0,159.0,159.0,5550389
GRAND EST,2015-08-02 18:30:00,2015,214,18:30:00,214.77,25.0,10994.0,51.0,142.0,894.0,55.0,0.0,-8785.0,0.0,0.0,3420.0,3160.0,10820.0,9940.0,2450.0,525.0,2284.0,2284.0,119.0,119.0,5559051
PROVENCE ALPES COTE D AZUR,2017-01-13 14:00:00,2017,13,14:00:00,13.58,1794.0,0.0,35.0,418.0,1475.0,109.0,0.0,2487.0,0.0,0.0,2630.0,2385.0,0.0,0.0,48.0,1057.0,3193.0,3193.0,354.0,354.0,5030890
AUVERGNE RHONE ALPES,2014-08-01 13:30:00,2014,213,13:30:00,213.56,32.0,8574.0,2.0,372.0,5304.0,75.0,-20.0,-7297.0,0.0,0.0,938.0,938.0,13570.0,13570.0,347.0,819.0,11153.0,10987.0,140.0,140.0,7820966
OCCITANIE,2022-07-23 11:00:00,2022,204,11:00:00,204.46,0.0,296.0,338.0,1214.0,440.0,101.0,-839.0,2280.0,0.0,0.0,326.0,326.0,2620.0,1385.0,1593.0,2996.0,5503.0,5334.0,174.0,174.0,6067101
GRAND EST,2016-03-29 04:30:00,2016,89,04:30:00,89.19,350.0,7776.0,2087.0,0.0,513.0,107.0,-352.0,-5596.0,0.0,0.0,3424.0,3424.0,10820.0,9671.0,2585.0,525.0,2286.0,2084.0,120.0,120.0,5555186
OCCITANIE,2022-10-13 10:00:00,2022,286,10:00:00,286.42,26.0,1271.0,58.0,434.0,504.0,103.0,0.0,1240.0,0.0,0.0,326.0,326.0,2620.0,1310.0,1621.0,3053.0,5504.0,5344.0,175.0,175.0,6067101
NOUVELLE AQUITAINE,2018-12-04 02:00:00,2018,338,02:00:00,338.08,233.0,6539.0,227.0,-1.0,181.0,200.0,0.0,-2724.0,0.0,0.0,527.0,527.0,6630.0,6630.0,965.0,2417.0,1781.0,1781.0,318.0,318.0,5979778
PROVENCE ALPES COTE D AZUR,2016-07-22 22:00:00,2016,204,22:00:00,204.92,1609.0,0.0,6.0,0.0,874.0,86.0,0.0,1649.0,0.0,0.0,2614.0,2242.0,0.0,0.0,48.0,1037.0,3191.0,3044.0,354.0,354.0,5021928
OCCITANIE,2021-10-15 16:30:00,2021,288,16:30:00,288.69,8.0,1223.0,113.0,1005.0,237.0,86.0,-672.0,1624.0,0.0,0.0,325.0,325.0,2620.0,2620.0,1593.0,2710.0,5499.0,5464.0,173.0,173.0,6022176
GRAND EST,2015-07-22 11:30:00,2015,203,11:30:00,203.48,1429.0,11681.0,57.0,222.0,738.0,64.0,0.0,-8747.0,0.0,0.0,3420.0,3199.0,10820.0,10450.0,2418.0,525.0,2284.0,2284.0,119.0,119.0,5559051
CENTRE VAL DE LOIRE,2016-05-04 11:30:00,2016,125,11:30:00,125.48,0.0,8193.0,64.0,152.0,12.0,56.0,0.0,-6362.0,0.0,0.0,170.0,170.0,11630.0,10637.0,874.0,249.0,91.0,91.0,71.0,71.0,2577866
HAUTS DE FRANCE,2015-06-18 20:00:00,2015,169,20:00:00,169.83,317.0,2628.0,296.0,16.0,1.0,114.0,0.0,2041.0,0.0,0.0,2301.0,1970.0,5460.0,4550.0,2734.0,213.0,5.0,5.0,159.0,159.0,6009976
PAYS DE LA LOIRE,2019-03-25 22:30:00,2019,84,22:30:00,84.94,173.0,0.0,395.0,0.0,4.0,44.0,0.0,2796.0,0.0,0.0,2037.0,2037.0,0.0,0.0,897.0,571.0,8.0,8.0,70.0,70.0,3806461
NOUVELLE AQUITAINE,2019-08-18 19:30:00,2019,230,19:30:00,230.81,10.0,4335.0,158.0,116.0,31.0,200.0,0.0,-945.0,0.0,0.0,538.0,538.0,6630.0,5706.0,1017.0,2541.0,1782.0,1673.0,319.0,319.0,6010289
NORMANDIE,2020-05-27 23:30:00,2020,148,23:30:00,148.98,208.0,3566.0,222.0,0.0,15.0,63.0,0.0,-1430.0,0.0,0.0,838.0,258.0,10640.0,9352.0,819.0,264.0,31.0,31.0,111.0,111.0,3325522
OCCITANIE,2013-07-30 07:30:00,2013,211,07:30:00,211.31,-2.0,1151.0,162.0,20.0,1256.0,57.0,-112.0,660.0,0.0,0.0,246.0,246.0,2620.0,2620.0,866.0,1086.0,5384.0,5384.0,126.0,126.0,5683878
CENTRE VAL DE LOIRE,2017-12-21 11:30:00,2017,355,11:30:00,355.48,92.0,10244.0,15.0,14.0,52.0,56.0,0.0,-7508.0,0.0,0.0,214.0,214.0,11630.0,10320.0,987.0,279.0,91.0,91.0,76.0,76.0,2576252
GRAND EST,2021-01-13 02:30:00,2021,13,02:30:00,13.1,1775.0,7821.0,97.0,0.0,455.0,117.0,-347.0,-3579.0,0.0,0.0,3585.0,3172.0,10820.0,9785.0,3849.0,694.0,2305.0,2103.0,193.0,193.0,5561287
AUVERGNE RHONE ALPES,2020-06-14 13:00:00,2020,166,13:00:00,166.54,17.0,6577.0,114.0,668.0,4117.0,129.0,-17.0,-5553.0,0.0,0.0,1034.0,1034.0,13570.0,12567.0,647.0,1268.0,11746.0,11541.0,192.0,192.0,8078652
BRETAGNE,2013-10-15 10:00:00,2013,288,10:00:00,288.42,1.0,0.0,57.0,1.0,127.0,21.0,-1.0,2665.0,0.0,0.0,669.0,669.0,0.0,0.0,730.0,206.0,251.0,251.0,48.0,48.0,3258707
AUVERGNE RHONE ALPES,2016-10-07 10:30:00,2016,281,10:30:00,281.44,489.0,8388.0,22.0,264.0,4551.0,75.0,-5.0,-5629.0,0.0,0.0,966.0,966.0,13570.0,12697.0,399.0,932.0,11226.0,11045.0,177.0,177.0,7916889
PAYS DE LA LOIRE,2019-09-29 12:00:00,2019,272,12:00:00,272.5,1.0,0.0,806.0,77.0,0.0,48.0,0.0,1437.0,0.0,0.0,2037.0,1820.0,0.0,0.0,926.0,599.0,10.0,10.0,75.0,75.0,3806461
AUVERGNE RHONE ALPES,2015-01-23 14:30:00,2015,23,14:30:00,23.6,679.0,13029.0,72.0,51.0,4549.0,99.0,-3.0,-7380.0,0.0,0.0,940.0,940.0,13570.0,13005.0,372.0,857.0,11166.0,10867.0,141.0,141.0,7877698
HAUTS DE FRANCE,2023-01-14 12:30:00,2023,14,12:30:00,14.52,840.0,4534.0,4789.0,16.0,2.0,113.0,0.0,-4235.0,0.0,0.0,3003.0,2884.0,5460.0,4550.0,6095.0,463.0,6.0,6.0,198.0,198.0,5980697
AUVERGNE RHONE ALPES,2015-02-09 23:30:00,2015,40,23:30:00,40.98,691.0,13449.0,100.0,0.0,4148.0,97.0,-10.0,-7875.0,0.0,0.0,940.0,940.0,13570.0,13570.0,372.0,859.0,11172.0,10878.0,141.0,141.0,7877698
PROVENCE ALPES COTE D AZUR,2023-01-11 20:00:00,2023,11,20:00:00,11.83,240.0,0.0,56.0,0.0,1051.0,59.0,0.0,4245.0,0.0,0.0,2724.0,2662.0,0.0,0.0,96.0,1993.0,3271.0,3271.0,357.0,357.0,5160091
NORMANDIE,2014-01-26 20:00:00,2014,26,20:00:00,26.83,334.0,10060.0,379.0,0.0,25.0,62.0,0.0,-7063.0,0.0,0.0,761.0,761.0,10640.0,10640.0,444.0,211.0,24.0,24.0,89.0,89.0,3335645
BRETAGNE,2019-05-20 19:30:00,2019,140,19:30:00,140.81,1.0,0.0,90.0,34.0,45.0,52.0,-1.0,2082.0,0.0,0.0,956.0,871.0,0.0,0.0,1009.0,265.0,270.0,270.0,72.0,72.0,3354854
NORMANDIE,2018-08-09 12:00:00,2018,221,12:00:00,221.5,540.0,7695.0,208.0,14.0,15.0,49.0,0.0,-5791.0,0.0,0.0,813.0,233.0,10640.0,9374.0,712.0,250.0,31.0,31.0,104.0,104.0,3327477
NORMANDIE,2020-08-28 01:30:00,2020,241,01:30:00,241.06,690.0,3630.0,281.0,0.0,8.0,62.0,0.0,-2313.0,0.0,0.0,838.0,708.0,10640.0,9310.0,819.0,266.0,31.0,31.0,112.0,112.0,3325522
NORMANDIE,2017-02-05 20:30:00,2017,36,20:30:00,36.85,338.0,7262.0,460.0,0.0,27.0,39.0,0.0,-4240.0,0.0,0.0,785.0,205.0,10640.0,9589.0,622.0,220.0,31.0,31.0,97.0,97.0,3330478
ILE DE FRANCE,2013-06-26 16:30:00,2013,177,16:30:00,177.69,325.0,0.0,0.0,26.0,6.0,120.0,0.0,7394.0,0.0,0.0,2121.0,2121.0,0.0,0.0,37.0,109.0,19.0,19.0,265.0,265.0,11959807
ILE DE FRANCE,2016-11-12 12:00:00,2016,317,12:00:00,317.5,818.0,0.0,2.0,16.0,8.0,140.0,0.0,9597.0,0.0,0.0,2149.0,1589.0,0.0,0.0,61.0,116.0,19.0,19.0,300.0,300.0,12117132
NOUVELLE AQUITAINE,2017-08-10 02:00:00,2017,222,02:00:00,222.08,44.0,4054.0,72.0,-1.0,107.0,196.0,0.0,-925.0,0.0,0.0,465.0,465.0,6630.0,5574.0,780.0,1986.0,1780.0,1669.0,306.0,306.0,5956978
PAYS DE LA LOIRE,2015-08-13 17:00:00,2015,225,17:00:00,225.71,-3.0,0.0,137.0,120.0,0.0,35.0,0.0,2109.0,0.0,0.0,1867.0,1274.0,0.0,0.0,560.0,455.0,7.0,7.0,61.0,61.0,3718512
AUVERGNE RHONE ALPES,2020-01-22 16:30:00,2020,22,16:30:00,22.69,673.0,11583.0,102.0,69.0,4845.0,135.0,-4.0,-7388.0,0.0,0.0,1032.0,1032.0,13570.0,12658.0,647.0,1236.0,11741.0,11559.0,191.0,191.0,8078652
BRETAGNE,2018-12-28 10:00:00,2018,362,10:00:00,362.42,215.0,0.0,49.0,4.0,15.0,43.0,-1.0,3495.0,0.0,0.0,956.0,822.0,0.0,0.0,988.0,261.0,270.0,270.0,70.0,70.0,3335414
BOURGOGNE FRANCHE COMTE,2021-03-27 17:00:00,2021,86,17:00:00,86.71,143.0,0.0,133.0,62.0,107.0,32.0,0.0,1499.0,0.0,0.0,401.0,401.0,0.0,0.0,943.0,409.0,523.0,523.0,71.0,71.0,2800194
PROVENCE ALPES COTE D AZUR,2015-10-12 12:00:00,2015,285,12:00:00,285.5,1959.0,0.0,15.0,80.0,1428.0,68.0,0.0,1158.0,0.0,0.0,2610.0,2145.0,0.0,0.0,48.0,962.0,3171.0,3171.0,183.0,183.0,5007977
NORMANDIE,2014-07-07 07:30:00,2014,188,07:30:00,188.31,227.0,8759.0,19.0,6.0,16.0,49.0,0.0,-6589.0,0.0,0.0,761.0,181.0,10640.0,10640.0,489.0,212.0,24.0,24.0,90.0,90.0,3335645
CENTRE VAL DE LOIRE,2017-06-23 18:30:00,2017,174,18:30:00,174.77,0.0,7258.0,101.0,73.0,0.0,51.0,0.0,-5453.0,0.0,0.0,198.0,198.0,11630.0,10626.0,947.0,269.0,91.0,91.0,76.0,76.0,2576252
OCCITANIE,2020-10-31 07:00:00,2020,305,07:00:00,305.29,25.0,1182.0,183.0,0.0,850.0,73.0,-463.0,1702.0,0.0,0.0,318.0,318.0,2620.0,1310.0,1593.0,2312.0,5496.0,5266.0,172.0,172.0,5973969
OCCITANIE,2014-07-18 01:30:00,2014,199,01:30:00,199.06,-2.0,1241.0,194.0,0.0,811.0,77.0,-668.0,1723.0,0.0,0.0,251.0,251.0,2620.0,2620.0,932.0,1269.0,5411.0,5411.0,132.0,132.0,5730753
GRAND EST,2020-09-15 13:30:00,2020,259,13:30:00,259.56,782.0,4804.0,45.0,365.0,725.0,117.0,0.0,-1703.0,0.0,0.0,3585.0,3126.0,10820.0,9568.0,3739.0,647.0,2305.0,1901.0,186.0,186.0,5562651
BOURGOGNE FRANCHE COMTE,2020-11-18 15:30:00,2020,323,15:30:00,323.65,123.0,0.0,60.0,95.0,34.0,44.0,0.0,2091.0,0.0,0.0,401.0,401.0,0.0,0.0,889.0,391.0,523.0,523.0,71.0,71.0,2801695
PAYS DE LA LOIRE,2013-03-11 09:00:00,2013,70,09:00:00,70.38,677.0,0.0,272.0,24.0,2.0,38.0,0.0,3038.0,0.0,0.0,1837.0,1257.0,0.0,0.0,466.0,388.0,5.0,5.0,57.0,57.0,3660852
NOUVELLE AQUITAINE,2018-11-23 11:00:00,2018,327,11:00:00,327.46,234.0,6748.0,154.0,200.0,253.0,194.0,0.0,-950.0,0.0,0.0,527.0,527.0,6630.0,6630.0,965.0,2416.0,1781.0,1781.0,318.0,318.0,5979778
GRAND EST,2019-04-03 16:30:00,2019,93,16:30:00,93.69,1676.0,7382.0,722.0,53.0,859.0,120.0,0.0,-4932.0,0.0,0.0,3531.0,3531.0,10820.0,9565.0,3355.0,564.0,2302.0,2040.0,168.0,168.0,5556219
CENTRE VAL DE LOIRE,2018-12-11 07:30:00,2018,345,07:30:00,345.31,77.0,9350.0,13.0,0.0,1.0,58.0,0.0,-6332.0,0.0,0.0,228.0,228.0,11630.0,10745.0,1088.0,305.0,91.0,91.0,84.0,84.0,2572853
PAYS DE LA LOIRE,2013-05-05 06:30:00,2013,125,06:30:00,125.27,-3.0,0.0,94.0,0.0,2.0,39.0,0.0,1820.0,0.0,0.0,1837.0,1837.0,0.0,0.0,466.0,390.0,5.0,5.0,57.0,57.0,3660852
NOUVELLE AQUITAINE,2015-03-24 19:00:00,2015,83,19:00:00,83.79,126.0,4701.0,29.0,5.0,904.0,149.0,0.0,624.0,0.0,0.0,427.0,427.0,6630.0,5922.0,479.0,1440.0,1774.0,1774.0,234.0,234.0,5911482
NORMANDIE,2013-08-29 17:00:00,2013,241,17:00:00,241.71,704.0,8982.0,20.0,45.0,12.0,38.0,0.0,-7020.0,0.0,0.0,761.0,761.0,10640.0,10640.0,444.0,209.0,23.0,23.0,88.0,88.0,3328364
OCCITANIE,2019-03-28 04:00:00,2019,87,04:00:00,87.17,70.0,2594.0,137.0,0.0,572.0,97.0,-86.0,573.0,0.0,0.0,307.0,307.0,2620.0,1310.0,1499.0,2018.0,5488.0,5213.0,146.0,146.0,5933185
NORMANDIE,2020-11-14 04:00:00,2020,319,04:00:00,319.17,303.0,6268.0,284.0,0.0,13.0,66.0,0.0,-4402.0,0.0,0.0,852.0,272.0,10640.0,9310.0,831.0,270.0,31.0,31.0,115.0,115.0,3325522
ILE DE FRANCE,2021-07-19 21:00:00,2021,200,21:00:00,200.88,0.0,0.0,25.0,3.0,7.0,166.0,0.0,6539.0,0.0,0.0,2171.0,2171.0,0.0,0.0,148.0,174.0,20.0,20.0,314.0,314.0,12317279
CENTRE VAL DE LOIRE,2022-06-28 10:00:00,2022,179,10:00:00,179.42,31.0,6223.0,4.0,367.0,20.0,61.0,0.0,-4967.0,0.0,0.0,229.0,229.0,11630.0,10709.0,1455.0,739.0,92.0,92.0,90.0,90.0,2572916
OCCITANIE,2013-08-03 04:30:00,2013,215,04:30:00,215.19,-1.0,1179.0,97.0,0.0,860.0,67.0,-894.0,1508.0,0.0,0.0,246.0,246.0,2620.0,2620.0,889.0,1086.0,5386.0,5386.0,126.0,126.0,5683878
PAYS DE LA LOIRE,2014-02-12 12:30:00,2014,43,12:30:00,43.52,137.0,0.0,486.0,68.0,3.0,40.0,0.0,4019.0,0.0,0.0,1864.0,1864.0,0.0,0.0,518.0,403.0,6.0,6.0,58.0,58.0,3690833
PAYS DE LA LOIRE,2020-03-13 05:30:00,2020,73,05:30:00,73.23,186.0,0.0,149.0,0.0,4.0,54.0,0.0,3177.0,0.0,0.0,2050.0,1796.0,0.0,0.0,989.0,632.0,10.0,10.0,76.0,76.0,3832120
BOURGOGNE FRANCHE COMTE,2017-07-11 20:30:00,2017,192,20:30:00,192.85,54.0,0.0,68.0,10.0,20.0,20.0,0.0,2078.0,0.0,0.0,331.0,331.0,0.0,0.0,605.0,270.0,519.0,519.0,32.0,32.0,2811423
BOURGOGNE FRANCHE COMTE,2015-09-21 12:00:00,2015,264,12:00:00,264.5,21.0,0.0,3.0,123.0,31.0,22.0,0.0,2393.0,0.0,0.0,325.0,80.0,0.0,0.0,376.0,262.0,513.0,513.0,29.0,29.0,2820940
PAYS DE LA LOIRE,2016-11-26 14:30:00,2016,331,14:30:00,331.6,1099.0,0.0,57.0,75.0,1.0,46.0,0.0,1849.0,0.0,0.0,1896.0,1703.0,0.0,0.0,687.0,490.0,8.0,8.0,63.0,63.0,3737632
PAYS DE LA LOIRE,2016-02-07 03:00:00,2016,38,03:00:00,38.12,133.0,0.0,289.0,0.0,4.0,36.0,0.0,2433.0,0.0,0.0,1880.0,1561.0,0.0,0.0,605.0,458.0,8.0,8.0,61.0,61.0,3737632
HAUTS DE FRANCE,2014-07-24 18:00:00,2014,205,18:00:00,205.75,257.0,4057.0,388.0,48.0,1.0,86.0,0.0,539.0,0.0,0.0,2289.0,2054.0,5460.0,5460.0,2351.0,212.0,5.0,5.0,139.0,139.0,6006156
ILE DE FRANCE,2022-08-09 13:00:00,2022,221,13:00:00,221.54,0.0,0.0,21.0,124.0,4.0,114.0,0.0,6275.0,0.0,0.0,2171.0,2025.0,0.0,0.0,148.0,227.0,20.0,20.0,314.0,314.0,12354286
PAYS DE LA LOIRE,2022-01-06 12:30:00,2022,6,12:30:00,6.52,1310.0,0.0,23.0,307.0,4.0,59.0,0.0,3206.0,0.0,0.0,2068.0,2068.0,0.0,0.0,1133.0,803.0,10.0,10.0,79.0,79.0,3878839
HAUTS DE FRANCE,2021-03-17 02:00:00,2021,76,02:00:00,76.08,1114.0,4573.0,4067.0,9.0,3.0,132.0,0.0,-3548.0,0.0,0.0,2990.0,2990.0,5460.0,4550.0,5430.0,315.0,5.0,5.0,182.0,182.0,5995292
BRETAGNE,2015-09-20 16:00:00,2015,263,16:00:00,263.67,1.0,0.0,12.0,77.0,79.0,35.0,-1.0,1294.0,0.0,0.0,724.0,639.0,0.0,0.0,801.0,222.0,275.0,275.0,55.0,55.0,3293850
HAUTS DE FRANCE,2019-01-09 20:30:00,2019,9,20:30:00,9.85,2104.0,5456.0,1536.0,0.0,2.0,127.0,0.0,-1432.0,0.0,0.0,2969.0,2969.0,5460.0,5460.0,4359.0,235.0,5.0,5.0,177.0,177.0,6004947
ILE DE FRANCE,2020-07-28 05:00:00,2020,210,05:00:00,210.21,250.0,0.0,28.0,0.0,4.0,172.0,0.0,4139.0,0.0,0.0,2170.0,2094.0,0.0,0.0,108.0,167.0,20.0,20.0,314.0,314.0,12271794
BOURGOGNE FRANCHE COMTE,2021-10-05 23:00:00,2021,278,23:00:00,278.96,61.0,0.0,415.0,0.0,55.0,45.0,0.0,1710.0,0.0,0.0,401.0,401.0,0.0,0.0,969.0,470.0,524.0,524.0,72.0,72.0,2800194
GRAND EST,2013-11-21 23:30:00,2013,325,23:30:00,325.98,2685.0,11058.0,426.0,0.0,1180.0,68.0,0.0,-8793.0,0.0,0.0,3398.0,3163.0,10820.0,10820.0,1943.0,507.0,2281.0,2281.0,93.0,93.0,5552388
ILE DE FRANCE,2015-11-11 16:30:00,2015,315,16:30:00,315.69,296.0,0.0,1.0,1.0,7.0,139.0,0.0,7324.0,0.0,0.0,2146.0,1919.0,0.0,0.0,61.0,113.0,19.0,19.0,300.0,300.0,12082144
PAYS DE LA LOIRE,2018-02-05 07:00:00,2018,36,07:00:00,36.29,1326.0,0.0,450.0,0.0,4.0,46.0,0.0,3225.0,0.0,0.0,1954.0,1786.0,0.0,0.0,786.0,535.0,8.0,8.0,69.0,69.0,3781423
AUVERGNE RHONE ALPES,2016-01-17 07:30:00,2016,17,07:30:00,17.31,241.0,11274.0,86.0,0.0,2285.0,120.0,-1920.0,-3316.0,0.0,0.0,952.0,952.0,13570.0,12675.0,384.0,894.0,11204.0,10851.0,170.0,170.0,7916889
PAYS DE LA LOIRE,2016-11-07 18:30:00,2016,312,18:30:00,312.77,1576.0,0.0,226.0,0.0,0.0,46.0,0.0,2524.0,0.0,0.0,1896.0,1420.0,0.0,0.0,687.0,489.0,8.0,8.0,63.0,63.0,3737632
NOUVELLE AQUITAINE,2014-11-09 08:30:00,2014,313,08:30:00,313.35,111.0,4406.0,62.0,12.0,100.0,157.0,0.0,-630.0,0.0,0.0,427.0,427.0,6630.0,5720.0,459.0,1323.0,1773.0,1773.0,223.0,223.0,5879144
CENTRE VAL DE LOIRE,2022-01-22 03:30:00,2022,22,03:30:00,22.15,103.0,10498.0,251.0,0.0,7.0,60.0,0.0,-8102.0,0.0,0.0,229.0,229.0,11630.0,10836.0,1381.0,696.0,92.0,92.0,90.0,90.0,2572916
NOUVELLE AQUITAINE,2015-05-15 09:30:00,2015,135,09:30:00,135.4,14.0,3191.0,58.0,311.0,622.0,145.0,0.0,-164.0,0.0,0.0,427.0,427.0,6630.0,5525.0,479.0,1489.0,1775.0,1670.0,239.0,239.0,5911482
HAUTS DE FRANCE,2015-06-29 23:00:00,2015,180,23:00:00,180.96,280.0,4521.0,122.0,0.0,1.0,104.0,0.0,124.0,0.0,0.0,2301.0,1970.0,5460.0,4550.0,2734.0,213.0,5.0,5.0,160.0,160.0,6009976
GRAND EST,2019-07-13 17:30:00,2019,194,17:30:00,194.73,798.0,6924.0,445.0,246.0,1097.0,121.0,0.0,-5548.0,0.0,0.0,3531.0,3531.0,10820.0,9635.0,3434.0,586.0,2302.0,1967.0,171.0,171.0,5556219
PAYS DE LA LOIRE,2013-11-19 06:00:00,2013,323,06:00:00,323.25,980.0,0.0,160.0,0.0,2.0,38.0,0.0,2428.0,0.0,0.0,1856.0,1856.0,0.0,0.0,512.0,398.0,6.0,6.0,58.0,58.0,3660852
PROVENCE ALPES COTE D AZUR,2016-10-06 16:00:00,2016,280,16:00:00,280.67,2037.0,0.0,1.0,124.0,754.0,95.0,0.0,1247.0,0.0,0.0,2614.0,2369.0,0.0,0.0,48.0,1047.0,3192.0,3192.0,354.0,354.0,5021928
ILE DE FRANCE,2018-10-27 10:00:00,2018,300,10:00:00,300.42,3.0,0.0,3.0,15.0,4.0,150.0,0.0,8080.0,0.0,0.0,2169.0,2143.0,0.0,0.0,88.0,123.0,20.0,20.0,306.0,306.0,12213447
NOUVELLE AQUITAINE,2019-09-12 04:30:00,2019,255,04:30:00,255.19,11.0,5644.0,76.0,-1.0,23.0,196.0,0.0,-2732.0,0.0,0.0,538.0,538.0,6630.0,5720.0,1017.0,2572.0,1782.0,1677.0,319.0,319.0,6010289
OCCITANIE,2016-10-09 05:00:00,2016,283,05:00:00,283.21,0.0,2488.0,190.0,0.0,272.0,80.0,-33.0,-404.0,0.0,0.0,266.0,266.0,2620.0,2620.0,1142.0,1644.0,5463.0,5004.0,139.0,139.0,5808435
HAUTS DE FRANCE,2019-09-23 11:30:00,2019,266,11:30:00,266.48,862.0,3541.0,710.0,75.0,0.0,115.0,0.0,198.0,0.0,0.0,2969.0,2660.0,5460.0,4550.0,4575.0,238.0,5.0,5.0,178.0,178.0,6004947
CENTRE VAL DE LOIRE,2020-01-16 21:00:00,2020,16,21:00:00,16.88,121.0,8996.0,856.0,0.0,10.0,58.0,0.0,-7481.0,0.0,0.0,229.0,229.0,11630.0,10995.0,1223.0,350.0,91.0,91.0,86.0,86.0,2574863
BOURGOGNE FRANCHE COMTE,2017-01-07 11:30:00,2017,7,11:30:00,7.48,166.0,0.0,3.0,58.0,152.0,22.0,0.0,3374.0,0.0,0.0,331.0,331.0,0.0,0.0,546.0,266.0,518.0,518.0,31.0,31.0,2811423
AUVERGNE RHONE ALPES,2014-06-14 05:30:00,2014,165,05:30:00,165.23,32.0,7226.0,89.0,0.0,2141.0,60.0,-1871.0,-2475.0,0.0,0.0,938.0,938.0,13570.0,12660.0,347.0,817.0,11141.0,10989.0,140.0,140.0,7820966
BOURGOGNE FRANCHE COMTE,2019-11-02 23:00:00,2019,306,23:00:00,306.96,153.0,0.0,599.0,0.0,172.0,28.0,0.0,1162.0,0.0,0.0,401.0,401.0,0.0,0.0,849.0,342.0,521.0,521.0,68.0,68.0,2805580
PAYS DE LA LOIRE,2020-05-14 05:30:00,2020,135,05:30:00,135.23,389.0,0.0,590.0,0.0,3.0,53.0,0.0,1426.0,0.0,0.0,2050.0,1760.0,0.0,0.0,989.0,637.0,10.0,10.0,77.0,77.0,3832120
PAYS DE LA LOIRE,2022-10-11 08:00:00,2022,284,08:00:00,284.33,435.0,0.0,320.0,0.0,0.0,52.0,0.0,2212.0,0.0,0.0,2068.0,1711.0,0.0,0.0,1675.0,921.0,10.0,10.0,80.0,80.0,3878839
HAUTS DE FRANCE,2022-03-04 08:30:00,2022,63,08:30:00,63.35,1471.0,3437.0,418.0,25.0,3.0,136.0,0.0,1356.0,0.0,0.0,2990.0,2759.0,5460.0,4656.0,5723.0,439.0,6.0,6.0,190.0,190.0,5990765
HAUTS DE FRANCE,2015-10-22 06:30:00,2015,295,06:30:00,295.27,476.0,4557.0,572.0,0.0,1.0,93.0,0.0,198.0,0.0,0.0,2301.0,2051.0,5460.0,4550.0,2786.0,213.0,5.0,5.0,160.0,160.0,6009976
BOURGOGNE FRANCHE COMTE,2016-09-12 04:30:00,2016,256,04:30:00,256.19,22.0,0.0,22.0,0.0,10.0,23.0,0.0,1552.0,0.0,0.0,329.0,329.0,0.0,0.0,446.0,264.0,513.0,513.0,31.0,31.0,2818338
NORMANDIE,2014-09-20 05:30:00,2014,263,05:30:00,263.23,222.0,8171.0,8.0,0.0,13.0,67.0,0.0,-6354.0,0.0,0.0,761.0,181.0,10640.0,9310.0,489.0,213.0,24.0,24.0,91.0,91.0,3335645
ILE DE FRANCE,2016-06-19 21:30:00,2016,171,21:30:00,171.9,-4.0,0.0,2.0,1.0,0.0,140.0,0.0,6337.0,0.0,0.0,2149.0,1576.0,0.0,0.0,61.0,114.0,19.0,19.0,300.0,300.0,12117132
AUVERGNE RHONE ALPES,2020-08-01 23:30:00,2020,214,23:30:00,214.98,351.0,6908.0,85.0,0.0,3086.0,92.0,-17.0,-4699.0,0.0,0.0,1034.0,1034.0,13570.0,12655.0,647.0,1293.0,11746.0,11590.0,193.0,193.0,8078652
BOURGOGNE FRANCHE COMTE,2014-10-10 07:00:00,2014,283,07:00:00,283.29,18.0,0.0,2.0,0.0,37.0,17.0,0.0,2207.0,0.0,0.0,313.0,68.0,0.0,0.0,272.0,252.0,509.0,509.0,28.0,28.0,2820623
PAYS DE LA LOIRE,2017-12-31 18:30:00,2017,365,18:30:00,365.77,154.0,0.0,631.0,0.0,3.0,47.0,0.0,2488.0,0.0,0.0,1954.0,1954.0,0.0,0.0,786.0,532.0,8.0,8.0,69.0,69.0,3757600
ILE DE FRANCE,2020-11-18 10:30:00,2020,323,10:30:00,323.44,365.0,0.0,10.0,45.0,7.0,94.0,0.0,8675.0,0.0,0.0,2171.0,2171.0,0.0,0.0,125.0,169.0,20.0,20.0,314.0,314.0,12271794
PAYS DE LA LOIRE,2014-07-12 15:30:00,2014,193,15:30:00,193.65,11.0,0.0,58.0,121.0,1.0,42.0,0.0,1977.0,0.0,0.0,1864.0,1429.0,0.0,0.0,518.0,416.0,7.0,7.0,58.0,58.0,3690833
AUVERGNE RHONE ALPES,2015-10-10 22:30:00,2015,283,22:30:00,283.94,55.0,9215.0,94.0,0.0,1898.0,77.0,-5.0,-4899.0,0.0,0.0,944.0,944.0,13570.0,12732.0,372.0,890.0,11186.0,10949.0,141.0,141.0,7877698
CENTRE VAL DE LOIRE,2013-08-06 02:00:00,2013,218,02:00:00,218.08,6.0,6240.0,280.0,0.0,13.0,27.0,0.0,-5064.0,0.0,0.0,162.0,162.0,11630.0,11630.0,697.0,211.0,91.0,91.0,56.0,56.0,2570548
NORMANDIE,2015-04-01 15:30:00,2015,91,15:30:00,91.65,203.0,8957.0,371.0,64.0,20.0,63.0,0.0,-6163.0,0.0,0.0,761.0,761.0,10640.0,9310.0,510.0,214.0,24.0,24.0,94.0,94.0,3339131
BOURGOGNE FRANCHE COMTE,2021-05-19 20:30:00,2021,139,20:30:00,139.85,24.0,0.0,133.0,7.0,246.0,44.0,0.0,1864.0,0.0,0.0,401.0,401.0,0.0,0.0,955.0,424.0,523.0,523.0,71.0,71.0,2800194
AUVERGNE RHONE ALPES,2013-12-27 02:00:00,2013,361,02:00:00,361.08,183.0,12951.0,103.0,0.0,2601.0,76.0,-1819.0,-5963.0,0.0,0.0,930.0,930.0,13570.0,13570.0,335.0,761.0,11132.0,11132.0,125.0,125.0,7757595
CENTRE VAL DE LOIRE,2016-01-17 21:00:00,2016,17,21:00:00,17.88,78.0,10350.0,207.0,0.0,49.0,50.0,0.0,-7754.0,0.0,0.0,170.0,170.0,11630.0,11122.0,842.0,243.0,91.0,91.0,71.0,71.0,2577866
NORMANDIE,2013-01-26 01:30:00,2013,26,01:30:00,26.06,1373.0,10279.0,341.0,0.0,20.0,49.0,0.0,-7172.0,0.0,0.0,761.0,761.0,10640.0,10640.0,423.0,206.0,22.0,22.0,88.0,88.0,3328364
BOURGOGNE FRANCHE COMTE,2019-03-01 04:00:00,2019,60,04:00:00,60.17,175.0,0.0,495.0,0.0,102.0,50.0,-1.0,1569.0,0.0,0.0,401.0,401.0,0.0,0.0,800.0,331.0,520.0,520.0,66.0,66.0,2805580
ILE DE FRANCE,2022-04-27 04:00:00,2022,117,04:00:00,117.17,0.0,0.0,80.0,0.0,8.0,116.0,0.0,5500.0,0.0,0.0,2171.0,2030.0,0.0,0.0,148.0,218.0,20.0,20.0,314.0,314.0,12354286
PROVENCE ALPES COTE D AZUR,2015-06-02 15:00:00,2015,153,15:00:00,153.62,165.0,0.0,1.0,549.0,919.0,77.0,0.0,2728.0,0.0,0.0,2610.0,2265.0,0.0,0.0,45.0,917.0,3168.0,3168.0,183.0,183.0,5007977
AUVERGNE RHONE ALPES,2013-08-28 10:00:00,2013,240,10:00:00,240.42,41.0,8184.0,87.0,100.0,3877.0,61.0,-19.0,-5097.0,0.0,0.0,919.0,919.0,13570.0,13570.0,335.0,727.0,11122.0,11122.0,106.0,106.0,7757595
ILE DE FRANCE,2015-11-30 22:30:00,2015,334,22:30:00,334.94,486.0,0.0,27.0,0.0,12.0,134.0,0.0,8567.0,0.0,0.0,2146.0,1784.0,0.0,0.0,61.0,114.0,19.0,19.0,300.0,300.0,12082144
PROVENCE ALPES COTE D AZUR,2015-11-14 12:00:00,2015,318,12:00:00,318.5,1512.0,0.0,43.0,498.0,737.0,87.0,0.0,1766.0,0.0,0.0,2610.0,2145.0,0.0,0.0,48.0,968.0,3174.0,3174.0,183.0,183.0,5007977
AUVERGNE RHONE ALPES,2021-05-20 15:00:00,2021,140,15:00:00,140.62,48.0,9267.0,55.0,830.0,3333.0,125.0,-474.0,-6119.0,0.0,0.0,1047.0,1047.0,13570.0,12690.0,723.0,1465.0,11769.0,11622.0,208.0,208.0,8114361
AUVERGNE RHONE ALPES,2020-04-12 15:30:00,2020,103,15:30:00,103.65,15.0,5518.0,158.0,567.0,1753.0,111.0,-1872.0,-1228.0,0.0,0.0,1034.0,1034.0,13570.0,12636.0,647.0,1258.0,11746.0,11493.0,192.0,192.0,8078652
OCCITANIE,2018-08-04 15:30:00,2018,216,15:30:00,216.65,0.0,1144.0,318.0,1080.0,558.0,79.0,-222.0,1710.0,0.0,0.0,295.0,295.0,2620.0,1310.0,1425.0,1937.0,5485.0,5251.0,146.0,146.0,5885496
OCCITANIE,2015-10-10 01:30:00,2015,283,01:30:00,283.06,-4.0,2561.0,46.0,0.0,373.0,59.0,-48.0,104.0,0.0,0.0,266.0,0.0,2620.0,2620.0,1039.0,1460.0,5455.0,5228.0,137.0,137.0,5774185
NOUVELLE AQUITAINE,2018-07-27 01:30:00,2018,208,01:30:00,208.06,24.0,5486.0,113.0,-1.0,96.0,191.0,0.0,-1620.0,0.0,0.0,482.0,482.0,6630.0,5720.0,938.0,2382.0,1781.0,1651.0,316.0,316.0,5979778
CENTRE VAL DE LOIRE,2013-11-10 01:30:00,2013,314,01:30:00,314.06,77.0,6143.0,479.0,0.0,30.0,36.0,0.0,-4607.0,0.0,0.0,162.0,162.0,11630.0,10725.0,739.0,213.0,91.0,91.0,56.0,56.0,2570548
HAUTS DE FRANCE,2015-02-19 17:00:00,2015,50,17:00:00,50.71,1320.0,5362.0,967.0,8.0,2.0,121.0,0.0,-382.0,0.0,0.0,2301.0,2301.0,5460.0,5460.0,2657.0,213.0,5.0,5.0,155.0,155.0,6009976
BRETAGNE,2013-12-25 10:30:00,2013,359,10:30:00,359.44,70.0,0.0,147.0,8.0,16.0,23.0,0.0,2389.0,0.0,0.0,684.0,684.0,0.0,0.0,747.0,208.0,251.0,251.0,49.0,49.0,3258707
GRAND EST,2014-01-04 00:30:00,2014,4,00:30:00,4.02,207.0,10129.0,1313.0,0.0,894.0,84.0,0.0,-7412.0,0.0,0.0,3398.0,3283.0,10820.0,10820.0,1986.0,507.0,2282.0,2282.0,94.0,94.0,5554645
NORMANDIE,2022-01-24 10:00:00,2022,24,10:00:00,24.42,508.0,8974.0,99.0,34.0,16.0,88.0,0.0,-4829.0,0.0,0.0,852.0,852.0,10640.0,9472.0,920.0,305.0,31.0,31.0,148.0,148.0,3327604
PAYS DE LA LOIRE,2013-07-30 04:30:00,2013,211,04:30:00,211.19,327.0,0.0,88.0,0.0,0.0,38.0,0.0,1489.0,0.0,0.0,1837.0,1837.0,0.0,0.0,490.0,394.0,5.0,5.0,58.0,58.0,3660852
GRAND EST,2017-09-28 21:30:00,2017,271,21:30:00,271.9,2139.0,7695.0,97.0,0.0,971.0,88.0,0.0,-5911.0,0.0,0.0,3464.0,2869.0,10820.0,9541.0,3030.0,549.0,2298.0,1980.0,141.0,141.0,5549586
GRAND EST,2021-04-11 10:30:00,2021,101,10:30:00,101.44,1175.0,5140.0,939.0,88.0,878.0,137.0,-9.0,-3669.0,0.0,0.0,3585.0,3172.0,10820.0,9940.0,3885.0,882.0,2305.0,2103.0,206.0,206.0,5561287
GRAND EST,2014-08-25 01:30:00,2014,237,01:30:00,237.06,34.0,9341.0,228.0,0.0,1129.0,57.0,0.0,-7203.0,0.0,0.0,3398.0,3198.0,10820.0,10820.0,2112.0,516.0,2283.0,2283.0,98.0,98.0,5554645
BOURGOGNE FRANCHE COMTE,2017-05-09 21:00:00,2017,129,21:00:00,129.88,57.0,0.0,124.0,0.0,100.0,24.0,0.0,2107.0,0.0,0.0,331.0,331.0,0.0,0.0,605.0,268.0,519.0,519.0,31.0,31.0,2811423
HAUTS DE FRANCE,2020-03-19 23:00:00,2020,79,23:00:00,79.96,1391.0,4252.0,972.0,0.0,2.0,141.0,0.0,-1610.0,0.0,0.0,2970.0,2970.0,5460.0,4741.0,5037.0,242.0,5.0,5.0,181.0,181.0,5997734
CENTRE VAL DE LOIRE,2017-02-10 07:30:00,2017,41,07:30:00,41.31,107.0,11693.0,158.0,0.0,28.0,54.0,0.0,-8556.0,0.0,0.0,198.0,198.0,11630.0,11630.0,937.0,264.0,91.0,91.0,76.0,76.0,2576252
AUVERGNE RHONE ALPES,2013-07-28 11:00:00,2013,209,11:00:00,209.46,39.0,8147.0,101.0,126.0,2832.0,50.0,-348.0,-5129.0,0.0,0.0,919.0,919.0,13570.0,13570.0,335.0,724.0,11116.0,11116.0,106.0,106.0,7757595
AUVERGNE RHONE ALPES,2019-09-05 16:00:00,2019,248,16:00:00,248.67,413.0,10467.0,256.0,464.0,1589.0,115.0,-669.0,-5453.0,0.0,0.0,1027.0,626.0,13570.0,12700.0,635.0,1183.0,11631.0,11391.0,190.0,190.0,8042936
PROVENCE ALPES COTE D AZUR,2018-07-13 17:00:00,2018,194,17:00:00,194.71,63.0,0.0,4.0,639.0,913.0,95.0,0.0,3156.0,0.0,0.0,2666.0,2267.0,0.0,0.0,48.0,1283.0,3233.0,3088.0,357.0,207.0,5052832
BRETAGNE,2014-12-07 22:30:00,2014,341,22:30:00,341.94,107.0,0.0,92.0,0.0,42.0,35.0,-1.0,2501.0,0.0,0.0,712.0,712.0,0.0,0.0,781.0,218.0,272.0,272.0,52.0,52.0,3276543
CENTRE VAL DE LOIRE,2022-11-27 05:00:00,2022,331,05:00:00,331.21,32.0,7834.0,223.0,0.0,1.0,51.0,0.0,-6420.0,0.0,0.0,229.0,229.0,11630.0,10744.0,1551.0,797.0,93.0,93.0,91.0,91.0,2572916
NOUVELLE AQUITAINE,2017-04-27 14:00:00,2017,117,14:00:00,117.58,86.0,5747.0,67.0,974.0,322.0,185.0,0.0,-1610.0,0.0,0.0,465.0,465.0,6630.0,5720.0,742.0,1959.0,1780.0,1667.0,306.0,306.0,5956978
GRAND EST,2020-01-10 20:30:00,2020,10,20:30:00,10.85,1872.0,12203.0,312.0,0.0,1062.0,126.0,0.0,-9349.0,0.0,0.0,3534.0,3534.0,10820.0,10298.0,3567.0,608.0,2303.0,2089.0,178.0,178.0,5562651
GRAND EST,2017-11-10 06:30:00,2017,314,06:30:00,314.27,2105.0,8650.0,904.0,0.0,601.0,125.0,-383.0,-5856.0,0.0,0.0,3471.0,2960.0,10820.0,9558.0,3040.0,549.0,2299.0,1995.0,141.0,141.0,5549586
NOUVELLE AQUITAINE,2014-07-15 04:30:00,2014,196,04:30:00,196.19,25.0,2603.0,14.0,0.0,282.0,131.0,0.0,74.0,0.0,0.0,421.0,421.0,6630.0,6630.0,447.0,1167.0,1772.0,1772.0,220.0,220.0,5879144
NORMANDIE,2023-01-18 18:30:00,2023,18,18:30:00,18.77,245.0,6376.0,156.0,0.0,14.0,85.0,0.0,-2209.0,0.0,0.0,853.0,853.0,10640.0,9475.0,965.0,326.0,31.0,31.0,149.0,149.0,3317023
PAYS DE LA LOIRE,2017-11-07 23:30:00,2017,311,23:30:00,311.98,1028.0,0.0,185.0,0.0,1.0,42.0,0.0,2566.0,0.0,0.0,1941.0,1308.0,0.0,0.0,759.0,507.0,8.0,8.0,66.0,66.0,3757600
OCCITANIE,2018-01-14 22:30:00,2018,14,22:30:00,14.94,87.0,2447.0,143.0,0.0,1742.0,91.0,-635.0,1502.0,0.0,0.0,291.0,291.0,2620.0,2620.0,1365.0,1811.0,5481.0,5293.0,145.0,145.0,5885496
PAYS DE LA LOIRE,2016-10-26 05:30:00,2016,300,05:30:00,300.23,938.0,0.0,70.0,0.0,0.0,44.0,0.0,1692.0,0.0,0.0,1889.0,1371.0,0.0,0.0,687.0,481.0,8.0,8.0,63.0,63.0,3737632
PROVENCE ALPES COTE D AZUR,2018-05-10 00:00:00,2018,130,00:00:00,130.0,22.0,0.0,0.0,0.0,1788.0,92.0,0.0,2221.0,0.0,0.0,2666.0,2267.0,0.0,0.0,48.0,1245.0,3233.0,3233.0,357.0,215.0,5052832
NORMANDIE,2018-12-22 20:00:00,2018,356,20:00:00,356.83,356.0,6230.0,218.0,0.0,23.0,55.0,0.0,-3325.0,0.0,0.0,821.0,441.0,10640.0,9644.0,791.0,251.0,31.0,31.0,105.0,105.0,3327477
PROVENCE ALPES COTE D AZUR,2015-08-31 15:30:00,2015,243,15:30:00,243.65,518.0,0.0,11.0,502.0,1117.0,77.0,0.0,2749.0,0.0,0.0,2610.0,2215.0,0.0,0.0,48.0,945.0,3168.0,3168.0,183.0,183.0,5007977
NOUVELLE AQUITAINE,2016-11-30 14:00:00,2016,335,14:00:00,335.58,221.0,5210.0,24.0,990.0,252.0,196.0,0.0,-472.0,0.0,0.0,446.0,446.0,6630.0,5135.0,676.0,1915.0,1779.0,1779.0,293.0,293.0,5935603
BOURGOGNE FRANCHE COMTE,2015-02-03 19:00:00,2015,34,19:00:00,34.79,191.0,0.0,49.0,0.0,265.0,22.0,0.0,3429.0,0.0,0.0,325.0,80.0,0.0,0.0,344.0,253.0,510.0,510.0,28.0,28.0,2820940
NOUVELLE AQUITAINE,2018-12-24 02:30:00,2018,358,02:30:00,358.1,169.0,5146.0,132.0,-1.0,198.0,195.0,0.0,-1242.0,0.0,0.0,533.0,533.0,6630.0,6630.0,965.0,2423.0,1781.0,1781.0,318.0,318.0,5979778
BRETAGNE,2014-10-24 16:30:00,2014,297,16:30:00,297.69,13.0,0.0,95.0,18.0,163.0,41.0,-1.0,2134.0,0.0,0.0,703.0,703.0,0.0,0.0,781.0,217.0,272.0,272.0,52.0,52.0,3276543
NORMANDIE,2016-03-18 21:00:00,2016,78,21:00:00,78.88,1009.0,7682.0,128.0,0.0,23.0,55.0,0.0,-4924.0,0.0,0.0,773.0,773.0,10640.0,9596.0,553.0,217.0,31.0,31.0,95.0,95.0,3335929
ILE DE FRANCE,2017-11-29 05:30:00,2017,333,05:30:00,333.23,678.0,0.0,9.0,0.0,7.0,155.0,0.0,8146.0,0.0,0.0,2151.0,2044.0,0.0,0.0,88.0,119.0,19.0,19.0,306.0,306.0,12174880
AUVERGNE RHONE ALPES,2015-02-04 13:30:00,2015,35,13:30:00,35.56,716.0,13569.0,121.0,79.0,4501.0,100.0,-10.0,-7168.0,0.0,0.0,940.0,940.0,13570.0,13570.0,372.0,859.0,11172.0,10899.0,141.0,141.0,7877698
CENTRE VAL DE LOIRE,2013-05-12 17:30:00,2013,132,17:30:00,132.73,7.0,7901.0,159.0,49.0,14.0,31.0,0.0,-6679.0,0.0,0.0,162.0,162.0,11630.0,11630.0,662.0,209.0,91.0,91.0,49.0,49.0,2570548
BOURGOGNE FRANCHE COMTE,2022-03-22 17:00:00,2022,81,17:00:00,81.71,75.0,0.0,124.0,137.0,45.0,52.0,0.0,1862.0,0.0,0.0,401.0,401.0,0.0,0.0,1045.0,512.0,524.0,524.0,74.0,74.0,2797366
AUVERGNE RHONE ALPES,2018-06-13 02:00:00,2018,164,02:00:00,164.08,22.0,9093.0,89.0,0.0,4559.0,118.0,-986.0,-6960.0,0.0,0.0,1000.0,1000.0,13570.0,12577.0,578.0,1053.0,11260.0,11084.0,179.0,179.0,7994459
NORMANDIE,2016-10-04 15:30:00,2016,278,15:30:00,278.65,199.0,3698.0,276.0,73.0,14.0,58.0,0.0,-1535.0,0.0,0.0,773.0,418.0,10640.0,9310.0,606.0,219.0,31.0,31.0,96.0,96.0,3335929
PROVENCE ALPES COTE D AZUR,2019-12-26 11:00:00,2019,360,11:00:00,360.46,145.0,0.0,1.0,484.0,1391.0,70.0,-51.0,3355.0,0.0,0.0,2679.0,2283.0,0.0,0.0,48.0,1430.0,3249.0,3249.0,357.0,207.0,5081101
AUVERGNE RHONE ALPES,2018-07-20 20:30:00,2018,201,20:30:00,201.85,14.0,8950.0,65.0,16.0,4302.0,105.0,-17.0,-6641.0,0.0,0.0,1000.0,1000.0,13570.0,12637.0,578.0,1081.0,11260.0,11072.0,179.0,179.0,7994459
GRAND EST,2013-02-04 06:00:00,2013,35,06:00:00,35.25,1293.0,9262.0,1151.0,0.0,1003.0,55.0,-681.0,-5987.0,0.0,0.0,3398.0,3398.0,10820.0,10820.0,1812.0,499.0,2280.0,2280.0,79.0,79.0,5552388
GRAND EST,2020-01-04 17:30:00,2020,4,17:30:00,4.73,1451.0,11342.0,614.0,0.0,894.0,126.0,0.0,-8742.0,0.0,0.0,3534.0,3534.0,10820.0,9940.0,3567.0,608.0,2303.0,2089.0,178.0,178.0,5562651
AUVERGNE RHONE ALPES,2016-01-07 15:30:00,2016,7,15:30:00,7.65,605.0,11573.0,238.0,60.0,2863.0,110.0,-493.0,-5043.0,0.0,0.0,952.0,952.0,13570.0,12672.0,384.0,894.0,11204.0,10909.0,170.0,170.0,7916889
PAYS DE LA LOIRE,2019-07-18 00:30:00,2019,199,00:30:00,199.02,425.0,0.0,115.0,0.0,0.0,47.0,0.0,2143.0,0.0,0.0,2037.0,1783.0,0.0,0.0,926.0,591.0,10.0,10.0,71.0,71.0,3806461
NOUVELLE AQUITAINE,2017-05-09 18:00:00,2017,129,18:00:00,129.75,47.0,5722.0,494.0,809.0,339.0,170.0,0.0,-3388.0,0.0,0.0,465.0,465.0,6630.0,5720.0,742.0,1959.0,1780.0,1670.0,306.0,306.0,5956978
HAUTS DE FRANCE,2013-06-07 14:30:00,2013,158,14:30:00,158.6,272.0,3563.0,167.0,78.0,1.0,53.0,0.0,1651.0,0.0,0.0,2268.0,2018.0,5460.0,5460.0,2126.0,210.0,5.0,5.0,139.0,139.0,5987883
NORMANDIE,2013-05-07 10:30:00,2013,127,10:30:00,127.44,788.0,6233.0,1.0,35.0,16.0,50.0,0.0,-3938.0,0.0,0.0,761.0,761.0,10640.0,10640.0,423.0,208.0,23.0,23.0,88.0,88.0,3328364
GRAND EST,2015-05-14 04:00:00,2015,134,04:00:00,134.17,43.0,9398.0,186.0,0.0,1201.0,75.0,-362.0,-6793.0,0.0,0.0,3420.0,3132.0,10820.0,9877.0,2386.0,524.0,2284.0,2284.0,110.0,110.0,5559051
BRETAGNE,2015-01-03 20:30:00,2015,3,20:30:00,3.85,108.0,0.0,204.0,0.0,14.0,38.0,-1.0,2447.0,0.0,0.0,719.0,719.0,0.0,0.0,791.0,218.0,272.0,272.0,53.0,53.0,3293850
HAUTS DE FRANCE,2019-04-20 22:00:00,2019,110,22:00:00,110.92,382.0,2631.0,1402.0,0.0,3.0,134.0,0.0,217.0,0.0,0.0,2969.0,2384.0,5460.0,4550.0,4467.0,235.0,5.0,5.0,178.0,178.0,6004947
HAUTS DE FRANCE,2023-01-28 03:00:00,2023,28,03:00:00,28.12,1862.0,4547.0,982.0,0.0,2.0,124.0,0.0,-1475.0,0.0,0.0,3003.0,2881.0,5460.0,4550.0,6095.0,463.0,6.0,6.0,198.0,198.0,5980697
OCCITANIE,2023-01-01 05:30:00,2023,1,05:30:00,1.23,79.0,1276.0,385.0,0.0,425.0,85.0,-891.0,2128.0,0.0,0.0,326.0,326.0,2620.0,1310.0,1667.0,3139.0,5505.0,5505.0,175.0,175.0,6101005
NOUVELLE AQUITAINE,2020-09-03 14:30:00,2020,247,14:30:00,247.6,43.0,3203.0,15.0,2055.0,110.0,168.0,0.0,-649.0,0.0,0.0,571.0,571.0,6630.0,5348.0,1166.0,2728.0,1783.0,1672.0,341.0,341.0,6033952
CENTRE VAL DE LOIRE,2022-04-08 00:00:00,2022,98,00:00:00,98.0,42.0,5463.0,570.0,0.0,20.0,52.0,0.0,-3903.0,0.0,0.0,229.0,229.0,11630.0,10771.0,1381.0,715.0,92.0,92.0,90.0,90.0,2572916
BRETAGNE,2014-09-01 19:30:00,2014,244,19:30:00,244.81,1.0,0.0,14.0,20.0,104.0,33.0,-1.0,2097.0,0.0,0.0,688.0,688.0,0.0,0.0,781.0,215.0,272.0,272.0,52.0,52.0,3276543
OCCITANIE,2017-06-17 22:30:00,2017,168,22:30:00,168.94,3.0,2400.0,347.0,0.0,1034.0,65.0,-8.0,43.0,0.0,0.0,282.0,282.0,2620.0,2105.0,1237.0,1716.0,5475.0,5134.0,140.0,140.0,5845102
ILE DE FRANCE,2020-12-25 02:30:00,2020,360,02:30:00,360.1,388.0,0.0,52.0,0.0,6.0,136.0,0.0,7296.0,0.0,0.0,2171.0,2171.0,0.0,0.0,125.0,170.0,20.0,20.0,314.0,314.0,12271794
GRAND EST,2019-06-15 01:30:00,2019,166,01:30:00,166.06,30.0,7178.0,192.0,0.0,1391.0,108.0,0.0,-4691.0,0.0,0.0,3531.0,3104.0,10820.0,9668.0,3417.0,581.0,2302.0,1976.0,170.0,170.0,5556219
PROVENCE ALPES COTE D AZUR,2021-07-18 21:00:00,2021,199,21:00:00,199.88,20.0,0.0,20.0,12.0,1363.0,82.0,0.0,2966.0,0.0,0.0,2715.0,2452.0,0.0,0.0,96.0,1620.0,3266.0,3235.0,357.0,357.0,5127840
AUVERGNE RHONE ALPES,2015-09-23 04:30:00,2015,266,04:30:00,266.19,238.0,8319.0,105.0,0.0,1756.0,108.0,-997.0,-3912.0,0.0,0.0,944.0,944.0,13570.0,12578.0,372.0,889.0,11183.0,10949.0,141.0,141.0,7877698
CENTRE VAL DE LOIRE,2017-11-08 04:30:00,2017,312,04:30:00,312.19,89.0,7533.0,33.0,0.0,0.0,52.0,0.0,-5467.0,0.0,0.0,214.0,214.0,11630.0,10677.0,963.0,277.0,91.0,91.0,76.0,76.0,2576252
BOURGOGNE FRANCHE COMTE,2016-02-14 07:30:00,2016,45,07:30:00,45.31,138.0,0.0,47.0,0.0,196.0,22.0,0.0,1930.0,0.0,0.0,329.0,329.0,0.0,0.0,414.0,264.0,513.0,513.0,29.0,29.0,2818338
BOURGOGNE FRANCHE COMTE,2020-02-14 12:30:00,2020,45,12:30:00,45.52,173.0,0.0,51.0,79.0,184.0,53.0,0.0,2691.0,0.0,0.0,401.0,401.0,0.0,0.0,877.0,345.0,521.0,521.0,69.0,69.0,2801695
AUVERGNE RHONE ALPES,2021-07-11 13:30:00,2021,192,13:30:00,192.56,10.0,7189.0,29.0,905.0,3410.0,122.0,-512.0,-5330.0,0.0,0.0,1047.0,1047.0,13570.0,13570.0,723.0,1494.0,11771.0,11624.0,208.0,208.0,8114361
BOURGOGNE FRANCHE COMTE,2021-08-25 01:30:00,2021,237,01:30:00,237.06,24.0,0.0,407.0,0.0,90.0,29.0,0.0,1159.0,0.0,0.0,401.0,401.0,0.0,0.0,969.0,461.0,524.0,524.0,72.0,72.0,2800194
OCCITANIE,2015-08-24 00:00:00,2015,236,00:00:00,236.0,-3.0,1030.0,106.0,0.0,336.0,94.0,-8.0,1915.0,0.0,0.0,266.0,0.0,2620.0,1310.0,1039.0,1436.0,5455.0,5228.0,137.0,137.0,5774185
BOURGOGNE FRANCHE COMTE,2023-01-29 00:00:00,2023,29,00:00:00,29.0,161.0,0.0,241.0,0.0,209.0,48.0,0.0,1938.0,0.0,0.0,401.0,401.0,0.0,0.0,1067.0,643.0,524.0,524.0,76.0,76.0,2786296
BRETAGNE,2018-10-11 22:00:00,2018,284,22:00:00,284.92,1.0,0.0,264.0,0.0,24.0,39.0,-1.0,1996.0,0.0,0.0,926.0,841.0,0.0,0.0,988.0,255.0,270.0,270.0,69.0,69.0,3335414
NORMANDIE,2022-06-03 13:00:00,2022,154,13:00:00,154.54,234.0,3704.0,44.0,48.0,11.0,100.0,0.0,-1220.0,0.0,0.0,852.0,852.0,10640.0,9391.0,933.0,312.0,31.0,31.0,149.0,149.0,3327604
NOUVELLE AQUITAINE,2016-02-28 19:30:00,2016,59,19:30:00,59.81,179.0,5088.0,297.0,-1.0,1007.0,181.0,0.0,-207.0,0.0,0.0,429.0,429.0,6630.0,5771.0,559.0,1829.0,1778.0,1778.0,279.0,279.0,5935603
PAYS DE LA LOIRE,2018-07-12 20:00:00,2018,193,20:00:00,193.83,846.0,0.0,41.0,61.0,1.0,41.0,0.0,1857.0,0.0,0.0,1968.0,1801.0,0.0,0.0,804.0,546.0,8.0,8.0,69.0,69.0,3781423
NORMANDIE,2015-12-01 01:30:00,2015,335,01:30:00,335.06,920.0,6583.0,480.0,0.0,11.0,56.0,0.0,-4727.0,0.0,0.0,773.0,773.0,10640.0,9310.0,538.0,216.0,24.0,24.0,95.0,95.0,3339131
PROVENCE ALPES COTE D AZUR,2017-09-13 12:30:00,2017,256,12:30:00,256.52,424.0,0.0,3.0,773.0,536.0,99.0,0.0,2609.0,0.0,0.0,2630.0,2400.0,0.0,0.0,48.0,1161.0,3221.0,3097.0,354.0,354.0,5030890
OCCITANIE,2018-10-07 21:00:00,2018,280,21:00:00,280.88,0.0,2568.0,301.0,0.0,350.0,78.0,0.0,130.0,0.0,0.0,295.0,295.0,2620.0,1310.0,1440.0,1966.0,5485.0,5257.0,146.0,146.0,5885496
OCCITANIE,2016-11-26 05:00:00,2016,331,05:00:00,331.21,60.0,2478.0,418.0,0.0,1112.0,97.0,-638.0,456.0,0.0,0.0,273.0,273.0,2620.0,2620.0,1172.0,1667.0,5463.0,5258.0,140.0,140.0,5808435
CENTRE VAL DE LOIRE,2017-05-29 20:30:00,2017,149,20:30:00,149.85,0.0,6365.0,68.0,9.0,23.0,55.0,0.0,-4679.0,0.0,0.0,198.0,198.0,11630.0,10694.0,947.0,268.0,91.0,91.0,76.0,76.0,2576252
CENTRE VAL DE LOIRE,2019-10-29 13:30:00,2019,302,13:30:00,302.56,26.0,6586.0,192.0,44.0,12.0,54.0,0.0,-4408.0,0.0,0.0,229.0,229.0,11630.0,10634.0,1202.0,340.0,91.0,91.0,86.0,86.0,2573180
AUVERGNE RHONE ALPES,2020-05-27 05:00:00,2020,148,05:00:00,148.21,13.0,7492.0,149.0,0.0,3062.0,131.0,-1602.0,-4219.0,0.0,0.0,1034.0,633.0,13570.0,12539.0,647.0,1265.0,11746.0,11569.0,192.0,192.0,8078652
NORMANDIE,2020-06-17 01:00:00,2020,169,01:00:00,169.04,167.0,3347.0,8.0,0.0,11.0,51.0,0.0,-1159.0,0.0,0.0,838.0,258.0,10640.0,9352.0,819.0,264.0,31.0,31.0,111.0,111.0,3325522
AUVERGNE RHONE ALPES,2019-05-23 13:30:00,2019,143,13:30:00,143.56,35.0,9657.0,13.0,765.0,3635.0,124.0,-6.0,-6696.0,0.0,0.0,1027.0,626.0,13570.0,12658.0,607.0,1153.0,11247.0,11072.0,189.0,189.0,8042936
OCCITANIE,2014-04-29 21:00:00,2014,119,21:00:00,119.88,-5.0,1187.0,418.0,0.0,2734.0,84.0,0.0,-511.0,0.0,0.0,251.0,251.0,2620.0,2620.0,906.0,1225.0,5408.0,5408.0,128.0,128.0,5730753
PAYS DE LA LOIRE,2017-03-16 19:30:00,2017,75,19:30:00,75.81,574.0,0.0,19.0,0.0,4.0,43.0,0.0,2794.0,0.0,0.0,1916.0,1302.0,0.0,0.0,713.0,494.0,8.0,8.0,65.0,65.0,3757600
PAYS DE LA LOIRE,2020-03-22 01:00:00,2020,82,01:00:00,82.04,158.0,0.0,478.0,0.0,6.0,55.0,0.0,2162.0,0.0,0.0,2050.0,1832.0,0.0,0.0,989.0,634.0,10.0,10.0,76.0,76.0,3832120
CENTRE VAL DE LOIRE,2014-12-06 08:00:00,2014,340,08:00:00,340.33,78.0,11512.0,172.0,0.0,6.0,52.0,0.0,-9077.0,0.0,0.0,162.0,162.0,11630.0,11630.0,801.0,223.0,91.0,91.0,71.0,71.0,2577435
ILE DE FRANCE,2017-07-24 20:30:00,2017,205,20:30:00,205.85,1.0,0.0,32.0,3.0,6.0,179.0,0.0,6390.0,0.0,0.0,2149.0,1776.0,0.0,0.0,73.0,117.0,19.0,19.0,301.0,301.0,12174880
NOUVELLE AQUITAINE,2016-04-18 09:30:00,2016,109,09:30:00,109.4,82.0,4283.0,11.0,593.0,915.0,167.0,0.0,-181.0,0.0,0.0,429.0,429.0,6630.0,5525.0,559.0,1846.0,1778.0,1672.0,279.0,279.0,5935603
GRAND EST,2015-10-26 21:00:00,2015,299,21:00:00,299.88,2048.0,10923.0,1027.0,0.0,578.0,71.0,0.0,-9188.0,0.0,0.0,3422.0,3201.0,10820.0,10085.0,2504.0,525.0,2285.0,2083.0,119.0,119.0,5559051
NORMANDIE,2013-11-29 19:00:00,2013,333,19:00:00,333.79,1171.0,9312.0,276.0,0.0,14.0,57.0,0.0,-6235.0,0.0,0.0,761.0,761.0,10640.0,10640.0,444.0,210.0,24.0,24.0,89.0,89.0,3328364
BOURGOGNE FRANCHE COMTE,2018-04-29 14:00:00,2018,119,14:00:00,119.58,23.0,0.0,145.0,109.0,78.0,27.0,0.0,1492.0,0.0,0.0,386.0,386.0,0.0,0.0,676.0,306.0,520.0,404.0,36.0,36.0,2807807
HAUTS DE FRANCE,2015-05-12 05:30:00,2015,132,05:30:00,132.23,356.0,3482.0,149.0,0.0,2.0,109.0,0.0,522.0,0.0,0.0,2301.0,1970.0,5460.0,4550.0,2728.0,213.0,5.0,5.0,159.0,159.0,6009976
PAYS DE LA LOIRE,2020-05-24 12:00:00,2020,145,12:00:00,145.5,0.0,0.0,7.0,335.0,1.0,55.0,0.0,1724.0,0.0,0.0,2050.0,1857.0,0.0,0.0,989.0,638.0,10.0,10.0,77.0,77.0,3832120
BOURGOGNE FRANCHE COMTE,2017-02-14 22:00:00,2017,45,22:00:00,45.92,151.0,0.0,123.0,0.0,85.0,23.0,0.0,2654.0,0.0,0.0,331.0,331.0,0.0,0.0,574.0,266.0,518.0,518.0,31.0,31.0,2811423
HAUTS DE FRANCE,2015-12-07 07:30:00,2015,341,07:30:00,341.31,1323.0,5167.0,527.0,0.0,2.0,118.0,0.0,-322.0,0.0,0.0,2301.0,2051.0,5460.0,5320.0,2865.0,213.0,5.0,5.0,160.0,160.0,6009976
BOURGOGNE FRANCHE COMTE,2020-02-05 00:30:00,2020,36,00:30:00,36.02,172.0,0.0,357.0,0.0,185.0,52.0,0.0,1880.0,0.0,0.0,401.0,401.0,0.0,0.0,877.0,345.0,521.0,521.0,69.0,69.0,2801695
NOUVELLE AQUITAINE,2022-12-28 10:30:00,2022,362,10:30:00,362.44,162.0,2627.0,563.0,609.0,245.0,202.0,0.0,839.0,0.0,0.0,581.0,581.0,6630.0,5673.0,1644.0,3939.0,1786.0,1786.0,356.0,356.0,6098051
ILE DE FRANCE,2016-01-27 00:00:00,2016,27,00:00:00,27.0,410.0,0.0,22.0,0.0,11.0,134.0,0.0,8895.0,0.0,0.0,2149.0,2149.0,0.0,0.0,61.0,114.0,19.0,19.0,300.0,300.0,12117132
BOURGOGNE FRANCHE COMTE,2016-04-06 03:00:00,2016,97,03:00:00,97.12,31.0,0.0,48.0,0.0,99.0,23.0,0.0,2025.0,0.0,0.0,329.0,329.0,0.0,0.0,414.0,264.0,513.0,513.0,30.0,30.0,2818338
NOUVELLE AQUITAINE,2016-08-15 13:30:00,2016,228,13:30:00,228.56,39.0,4424.0,41.0,1257.0,45.0,145.0,0.0,-1631.0,0.0,0.0,429.0,429.0,6630.0,5871.0,625.0,1883.0,1779.0,1624.0,280.0,280.0,5935603
BOURGOGNE FRANCHE COMTE,2021-04-29 07:30:00,2021,119,07:30:00,119.31,62.0,0.0,243.0,8.0,72.0,43.0,0.0,2115.0,0.0,0.0,401.0,401.0,0.0,0.0,955.0,418.0,523.0,523.0,71.0,71.0,2800194
ILE DE FRANCE,2016-09-19 01:00:00,2016,263,01:00:00,263.04,-4.0,0.0,8.0,0.0,7.0,146.0,0.0,5378.0,0.0,0.0,2149.0,1652.0,0.0,0.0,61.0,115.0,19.0,19.0,300.0,300.0,12117132
AUVERGNE RHONE ALPES,2016-10-06 11:00:00,2016,280,11:00:00,280.46,489.0,8274.0,33.0,272.0,3724.0,87.0,-5.0,-4789.0,0.0,0.0,966.0,966.0,13570.0,12697.0,399.0,932.0,11226.0,11045.0,177.0,177.0,7916889
BOURGOGNE FRANCHE COMTE,2019-04-18 17:00:00,2019,108,17:00:00,108.71,55.0,0.0,91.0,122.0,46.0,49.0,-1.0,2014.0,0.0,0.0,401.0,401.0,0.0,0.0,812.0,334.0,520.0,520.0,67.0,67.0,2805580
NOUVELLE AQUITAINE,2017-09-06 19:00:00,2017,249,19:00:00,249.79,41.0,4140.0,82.0,308.0,188.0,179.0,0.0,-450.0,0.0,0.0,465.0,465.0,6630.0,5574.0,790.0,2011.0,1780.0,1668.0,306.0,306.0,5956978
BRETAGNE,2019-07-12 04:00:00,2019,193,04:00:00,193.17,1.0,0.0,21.0,0.0,0.0,52.0,-43.0,1646.0,0.0,0.0,960.0,875.0,0.0,0.0,1021.0,267.0,270.0,270.0,73.0,73.0,3354854
NORMANDIE,2019-11-02 01:00:00,2019,306,01:00:00,306.04,278.0,3278.0,520.0,0.0,19.0,62.0,0.0,-1454.0,0.0,0.0,833.0,253.0,10640.0,9393.0,806.0,260.0,31.0,31.0,108.0,108.0,3325032
GRAND EST,2019-04-27 04:30:00,2019,117,04:30:00,117.19,55.0,5800.0,1460.0,0.0,839.0,108.0,-184.0,-4016.0,0.0,0.0,3531.0,3118.0,10820.0,9495.0,3355.0,565.0,2302.0,2040.0,169.0,169.0,5556219
HAUTS DE FRANCE,2020-05-18 23:00:00,2020,139,23:00:00,139.96,737.0,4462.0,1001.0,0.0,2.0,131.0,0.0,-1700.0,0.0,0.0,2970.0,2490.0,5460.0,4550.0,5048.0,242.0,5.0,5.0,181.0,181.0,5997734
AUVERGNE RHONE ALPES,2022-04-29 04:30:00,2022,119,04:30:00,119.19,433.0,7850.0,38.0,0.0,2164.0,130.0,-221.0,-4726.0,0.0,0.0,1048.0,1048.0,13570.0,12665.0,723.0,1677.0,11781.0,11615.0,208.0,208.0,8155762
AUVERGNE RHONE ALPES,2023-01-15 12:30:00,2023,15,12:30:00,15.52,179.0,9284.0,223.0,297.0,2641.0,109.0,-475.0,-4112.0,0.0,0.0,1050.0,1050.0,13570.0,12888.0,723.0,1852.0,11791.0,11682.0,208.0,208.0,8197325
BRETAGNE,2020-01-15 01:30:00,2020,15,01:30:00,15.06,255.0,0.0,817.0,0.0,150.0,48.0,-1.0,1533.0,0.0,0.0,978.0,978.0,0.0,0.0,1021.0,276.0,272.0,272.0,77.0,77.0,3373835
CENTRE VAL DE LOIRE,2022-03-20 03:00:00,2022,79,03:00:00,79.12,53.0,6498.0,470.0,0.0,2.0,60.0,0.0,-5107.0,0.0,0.0,229.0,229.0,11630.0,10618.0,1381.0,707.0,92.0,92.0,90.0,90.0,2572916
OCCITANIE,2016-08-18 13:00:00,2016,231,13:00:00,231.54,0.0,2408.0,252.0,605.0,1192.0,94.0,0.0,-6.0,0.0,0.0,266.0,266.0,2620.0,2620.0,1142.0,1623.0,5463.0,5249.0,139.0,139.0,5808435
AUVERGNE RHONE ALPES,2020-07-22 15:00:00,2020,204,15:00:00,204.62,377.0,8369.0,39.0,362.0,2998.0,111.0,-15.0,-4734.0,0.0,0.0,1034.0,1034.0,13570.0,12667.0,647.0,1281.0,11746.0,11526.0,193.0,193.0,8078652
PROVENCE ALPES COTE D AZUR,2022-10-30 12:30:00,2022,303,12:30:00,303.52,1497.0,0.0,23.0,841.0,224.0,65.0,0.0,956.0,0.0,0.0,2724.0,2404.0,0.0,0.0,96.0,1919.0,3270.0,3239.0,357.0,357.0,5150362
HAUTS DE FRANCE,2017-11-11 10:00:00,2017,315,10:00:00,315.42,1772.0,3062.0,2137.0,4.0,1.0,130.0,0.0,-982.0,0.0,0.0,2913.0,2728.0,5460.0,4633.0,3679.0,217.0,5.0,5.0,165.0,165.0,6003815
NOUVELLE AQUITAINE,2014-12-22 07:30:00,2014,356,07:30:00,356.31,123.0,5651.0,40.0,0.0,486.0,152.0,0.0,216.0,0.0,0.0,427.0,427.0,6630.0,5720.0,469.0,1344.0,1774.0,1774.0,229.0,229.0,5879144
BOURGOGNE FRANCHE COMTE,2016-07-25 23:30:00,2016,207,23:30:00,207.98,24.0,0.0,8.0,0.0,32.0,23.0,0.0,1927.0,0.0,0.0,329.0,329.0,0.0,0.0,446.0,264.0,513.0,513.0,30.0,30.0,2818338
NORMANDIE,2022-11-10 10:30:00,2022,314,10:30:00,314.44,284.0,5129.0,211.0,72.0,13.0,81.0,0.0,-2577.0,0.0,0.0,852.0,852.0,10640.0,9310.0,965.0,320.0,31.0,31.0,149.0,149.0,3327604
AUVERGNE RHONE ALPES,2018-06-09 09:00:00,2018,160,09:00:00,160.38,20.0,9270.0,9.0,242.0,5438.0,130.0,-826.0,-8242.0,0.0,0.0,1000.0,1000.0,13570.0,12629.0,578.0,1052.0,11259.0,11069.0,179.0,179.0,7994459
AUVERGNE RHONE ALPES,2019-04-26 01:00:00,2019,116,01:00:00,116.04,22.0,9082.0,58.0,0.0,2643.0,129.0,-4.0,-5265.0,0.0,0.0,1027.0,1027.0,13570.0,12656.0,607.0,1149.0,11247.0,11078.0,189.0,189.0,8042936
BOURGOGNE FRANCHE COMTE,2013-06-27 01:00:00,2013,178,01:00:00,178.04,28.0,0.0,17.0,0.0,47.0,9.0,0.0,1692.0,0.0,0.0,301.0,301.0,0.0,0.0,204.0,229.0,480.0,480.0,24.0,24.0,2819783
PROVENCE ALPES COTE D AZUR,2017-03-17 06:00:00,2017,76,06:00:00,76.25,1143.0,0.0,0.0,0.0,548.0,93.0,0.0,2440.0,0.0,0.0,2630.0,2340.0,0.0,0.0,48.0,1060.0,3193.0,3018.0,354.0,354.0,5030890
OCCITANIE,2019-11-28 00:30:00,2019,332,00:30:00,332.02,77.0,1233.0,242.0,0.0,1693.0,92.0,-245.0,1583.0,0.0,0.0,308.0,308.0,2620.0,1310.0,1570.0,2153.0,5489.0,5302.0,146.0,146.0,5933185
PAYS DE LA LOIRE,2015-05-25 11:00:00,2015,145,11:00:00,145.46,0.0,0.0,35.0,91.0,2.0,29.0,0.0,2137.0,0.0,0.0,1867.0,1274.0,0.0,0.0,560.0,451.0,7.0,7.0,61.0,61.0,3718512
GRAND EST,2019-04-10 19:00:00,2019,100,19:00:00,100.79,1761.0,9517.0,608.0,29.0,981.0,115.0,0.0,-7138.0,0.0,0.0,3531.0,3401.0,10820.0,9540.0,3355.0,565.0,2302.0,2007.0,169.0,169.0,5556219
NOUVELLE AQUITAINE,2014-09-14 14:30:00,2014,257,14:30:00,257.6,21.0,4004.0,74.0,570.0,66.0,137.0,0.0,-919.0,0.0,0.0,421.0,421.0,6630.0,5720.0,447.0,1238.0,1772.0,1772.0,222.0,222.0,5879144
OCCITANIE,2018-07-25 15:30:00,2018,206,15:30:00,206.65,1.0,1239.0,99.0,1191.0,1681.0,82.0,-7.0,613.0,0.0,0.0,295.0,295.0,2620.0,1310.0,1425.0,1925.0,5485.0,5284.0,146.0,146.0,5885496
AUVERGNE RHONE ALPES,2014-03-04 19:00:00,2014,63,19:00:00,63.79,567.0,10582.0,142.0,0.0,6455.0,114.0,-3.0,-7696.0,0.0,0.0,938.0,938.0,13570.0,13570.0,347.0,794.0,11136.0,11136.0,140.0,140.0,7820966
AUVERGNE RHONE ALPES,2013-06-11 20:00:00,2013,162,20:00:00,162.83,50.0,10303.0,45.0,25.0,6134.0,61.0,-7.0,-9765.0,0.0,0.0,919.0,919.0,13570.0,13570.0,335.0,718.0,11116.0,11116.0,106.0,106.0,7757595
BRETAGNE,2016-11-09 03:30:00,2016,314,03:30:00,314.15,143.0,0.0,479.0,0.0,0.0,37.0,-10.0,1842.0,0.0,0.0,817.0,817.0,0.0,0.0,877.0,231.0,275.0,275.0,57.0,57.0,3306529
PAYS DE LA LOIRE,2014-11-23 01:00:00,2014,327,01:00:00,327.04,418.0,0.0,131.0,0.0,5.0,48.0,0.0,2270.0,0.0,0.0,1864.0,1864.0,0.0,0.0,527.0,435.0,7.0,7.0,58.0,58.0,3690833
BRETAGNE,2013-07-05 11:00:00,2013,186,11:00:00,186.46,0.0,0.0,4.0,45.0,104.0,21.0,-1.0,2309.0,0.0,0.0,665.0,665.0,0.0,0.0,722.0,205.0,11.0,11.0,47.0,47.0,3258707
HAUTS DE FRANCE,2022-11-02 20:30:00,2022,306,20:30:00,306.85,1353.0,3596.0,3801.0,0.0,1.0,99.0,0.0,-3287.0,0.0,0.0,3003.0,2880.0,5460.0,4551.0,5980.0,461.0,6.0,6.0,198.0,198.0,5990765
BOURGOGNE FRANCHE COMTE,2018-05-03 13:00:00,2018,123,13:00:00,123.54,22.0,0.0,108.0,91.0,99.0,29.0,0.0,2286.0,0.0,0.0,386.0,386.0,0.0,0.0,676.0,306.0,520.0,404.0,36.0,36.0,2807807
NORMANDIE,2022-03-29 14:00:00,2022,88,14:00:00,88.58,337.0,5061.0,53.0,79.0,15.0,93.0,0.0,-2491.0,0.0,0.0,852.0,852.0,10640.0,9391.0,920.0,309.0,31.0,31.0,148.0,148.0,3327604
HAUTS DE FRANCE,2022-04-21 14:00:00,2022,111,14:00:00,111.58,565.0,3431.0,1485.0,281.0,3.0,107.0,0.0,-419.0,0.0,0.0,2993.0,2408.0,5460.0,4579.0,5748.0,441.0,6.0,6.0,190.0,190.0,5990765
CENTRE VAL DE LOIRE,2014-11-07 06:30:00,2014,311,06:30:00,311.27,74.0,10471.0,684.0,0.0,7.0,56.0,0.0,-8806.0,0.0,0.0,162.0,162.0,11630.0,11630.0,801.0,222.0,91.0,91.0,71.0,71.0,2577435
BOURGOGNE FRANCHE COMTE,2019-02-06 23:00:00,2019,37,23:00:00,37.96,166.0,0.0,166.0,0.0,70.0,46.0,-1.0,2829.0,0.0,0.0,401.0,401.0,0.0,0.0,800.0,330.0,520.0,520.0,65.0,65.0,2805580
BRETAGNE,2017-07-19 16:00:00,2017,200,16:00:00,200.67,1.0,0.0,215.0,56.0,0.0,44.0,-25.0,2080.0,0.0,0.0,848.0,763.0,0.0,0.0,916.0,238.0,275.0,275.0,66.0,66.0,3318904
GRAND EST,2017-01-07 21:30:00,2017,7,21:30:00,7.9,2481.0,11469.0,114.0,0.0,389.0,116.0,0.0,-7594.0,0.0,0.0,3449.0,2854.0,10820.0,10282.0,2840.0,535.0,2296.0,2062.0,138.0,138.0,5549586
NOUVELLE AQUITAINE,2017-08-03 22:00:00,2017,215,22:00:00,215.92,35.0,4148.0,103.0,-1.0,80.0,177.0,0.0,-105.0,0.0,0.0,465.0,465.0,6630.0,5486.0,762.0,1976.0,1780.0,1669.0,306.0,306.0,5956978
PROVENCE ALPES COTE D AZUR,2020-01-08 17:30:00,2020,8,17:30:00,8.73,1931.0,0.0,0.0,3.0,1803.0,102.0,0.0,1832.0,0.0,0.0,2679.0,2262.0,0.0,0.0,48.0,1434.0,3249.0,3249.0,357.0,207.0,5098666
GRAND EST,2017-07-21 17:30:00,2017,202,17:30:00,202.73,1559.0,11034.0,448.0,164.0,713.0,81.0,0.0,-9108.0,0.0,0.0,3453.0,2942.0,10820.0,10147.0,2953.0,548.0,2298.0,1987.0,141.0,141.0,5549586
HAUTS DE FRANCE,2015-09-13 05:30:00,2015,256,05:30:00,256.23,262.0,3586.0,54.0,0.0,0.0,122.0,0.0,-29.0,0.0,0.0,2301.0,2051.0,5460.0,4550.0,2774.0,213.0,5.0,5.0,160.0,160.0,6009976
PAYS DE LA LOIRE,2021-08-20 11:00:00,2021,232,11:00:00,232.46,1008.0,0.0,59.0,311.0,0.0,58.0,0.0,1311.0,0.0,0.0,2056.0,2056.0,0.0,0.0,1115.0,766.0,10.0,10.0,79.0,79.0,3853999
CENTRE VAL DE LOIRE,2021-02-22 20:00:00,2021,53,20:00:00,53.83,88.0,8674.0,299.0,0.0,52.0,48.0,0.0,-6934.0,0.0,0.0,229.0,229.0,11630.0,10320.0,1278.0,476.0,92.0,92.0,88.0,88.0,2573303
NORMANDIE,2019-03-12 08:30:00,2019,71,08:30:00,71.35,481.0,6559.0,611.0,9.0,20.0,53.0,0.0,-3621.0,0.0,0.0,833.0,833.0,10640.0,9316.0,801.0,253.0,31.0,31.0,105.0,105.0,3325032
PAYS DE LA LOIRE,2018-04-12 17:30:00,2018,102,17:30:00,102.73,1113.0,0.0,91.0,115.0,4.0,41.0,0.0,1585.0,0.0,0.0,1968.0,1775.0,0.0,0.0,796.0,541.0,8.0,8.0,69.0,69.0,3781423
AUVERGNE RHONE ALPES,2017-11-29 01:00:00,2017,333,01:00:00,333.04,569.0,7149.0,29.0,0.0,2074.0,140.0,-289.0,-625.0,0.0,0.0,1000.0,1000.0,13570.0,12711.0,548.0,981.0,11247.0,11007.0,179.0,179.0,7948287
NORMANDIE,2015-06-19 05:00:00,2015,170,05:00:00,170.21,233.0,4444.0,60.0,0.0,14.0,45.0,0.0,-2489.0,0.0,0.0,761.0,181.0,10640.0,9310.0,522.0,215.0,24.0,24.0,94.0,94.0,3339131
PROVENCE ALPES COTE D AZUR,2015-08-29 14:30:00,2015,241,14:30:00,241.6,93.0,0.0,2.0,609.0,836.0,84.0,0.0,3086.0,0.0,0.0,2610.0,2215.0,0.0,0.0,48.0,945.0,3168.0,3168.0,183.0,183.0,5007977
BOURGOGNE FRANCHE COMTE,2017-06-04 20:30:00,2017,155,20:30:00,155.85,51.0,0.0,7.0,9.0,106.0,24.0,0.0,1526.0,0.0,0.0,331.0,331.0,0.0,0.0,605.0,269.0,519.0,519.0,32.0,32.0,2811423
BRETAGNE,2019-11-14 12:30:00,2019,318,12:30:00,318.52,514.0,0.0,34.0,115.0,229.0,43.0,-1.0,2732.0,0.0,0.0,974.0,840.0,0.0,0.0,1021.0,271.0,272.0,272.0,75.0,75.0,3354854
AUVERGNE RHONE ALPES,2013-12-26 22:30:00,2013,360,22:30:00,360.94,186.0,12967.0,156.0,0.0,3753.0,76.0,-263.0,-8427.0,0.0,0.0,930.0,930.0,13570.0,13570.0,335.0,761.0,11132.0,11132.0,125.0,125.0,7757595
NORMANDIE,2018-06-03 12:00:00,2018,154,12:00:00,154.5,174.0,4600.0,37.0,89.0,20.0,57.0,0.0,-2683.0,0.0,0.0,813.0,233.0,10640.0,9310.0,712.0,240.0,31.0,31.0,103.0,103.0,3327477
HAUTS DE FRANCE,2020-11-07 04:00:00,2020,312,04:00:00,312.17,513.0,3271.0,1527.0,0.0,1.0,114.0,0.0,-193.0,0.0,0.0,2984.0,2399.0,5460.0,4575.0,5285.0,272.0,5.0,5.0,181.0,181.0,5997734
BRETAGNE,2018-10-22 18:00:00,2018,295,18:00:00,295.75,5.0,0.0,483.0,24.0,0.0,36.0,-1.0,1843.0,0.0,0.0,936.0,851.0,0.0,0.0,988.0,255.0,270.0,270.0,70.0,70.0,3335414
GRAND EST,2022-11-04 19:00:00,2022,308,19:00:00,308.79,1904.0,3775.0,943.0,0.0,1167.0,144.0,0.0,-2571.0,0.0,0.0,3615.0,3615.0,10820.0,9617.0,4497.0,1112.0,2308.0,1954.0,235.0,235.0,5563889
AUVERGNE RHONE ALPES,2016-12-17 02:00:00,2016,352,02:00:00,352.08,716.0,7979.0,15.0,0.0,1452.0,132.0,-982.0,-350.0,0.0,0.0,982.0,982.0,13570.0,12668.0,425.0,936.0,11233.0,10974.0,177.0,177.0,7916889
OCCITANIE,2022-06-10 22:00:00,2022,161,22:00:00,161.92,0.0,1244.0,397.0,5.0,842.0,85.0,-31.0,517.0,0.0,0.0,326.0,326.0,2620.0,1310.0,1593.0,2943.0,5503.0,5300.0,174.0,174.0,6067101
CENTRE VAL DE LOIRE,2021-06-21 15:00:00,2021,172,15:00:00,172.62,11.0,7083.0,1.0,209.0,1.0,59.0,0.0,-5578.0,0.0,0.0,229.0,229.0,11630.0,10740.0,1333.0,552.0,92.0,92.0,89.0,89.0,2573303
HAUTS DE FRANCE,2020-03-19 17:00:00,2020,79,17:00:00,79.71,1580.0,4241.0,542.0,27.0,2.0,143.0,0.0,-1483.0,0.0,0.0,2970.0,2970.0,5460.0,4741.0,5037.0,242.0,5.0,5.0,181.0,181.0,5997734
BOURGOGNE FRANCHE COMTE,2017-05-07 21:00:00,2017,127,21:00:00,127.88,56.0,0.0,98.0,0.0,86.0,21.0,0.0,1925.0,0.0,0.0,331.0,331.0,0.0,0.0,605.0,268.0,519.0,519.0,31.0,31.0,2811423
PAYS DE LA LOIRE,2017-11-13 17:00:00,2017,317,17:00:00,317.71,1186.0,0.0,114.0,20.0,2.0,47.0,0.0,2258.0,0.0,0.0,1941.0,1499.0,0.0,0.0,766.0,507.0,8.0,8.0,66.0,66.0,3757600
HAUTS DE FRANCE,2014-11-09 08:30:00,2014,313,08:30:00,313.35,522.0,4366.0,568.0,1.0,2.0,111.0,0.0,-504.0,0.0,0.0,2301.0,2301.0,5460.0,5460.0,2510.0,212.0,5.0,5.0,142.0,142.0,6006156
BOURGOGNE FRANCHE COMTE,2018-07-10 11:00:00,2018,191,11:00:00,191.46,25.0,0.0,41.0,123.0,15.0,30.0,0.0,2308.0,0.0,0.0,386.0,386.0,0.0,0.0,688.0,307.0,520.0,339.0,37.0,37.0,2807807
AUVERGNE RHONE ALPES,2015-04-24 16:30:00,2015,114,16:30:00,114.69,50.0,10121.0,9.0,356.0,3104.0,89.0,-719.0,-6059.0,0.0,0.0,944.0,944.0,13570.0,12445.0,372.0,875.0,11181.0,10875.0,141.0,141.0,7877698
GRAND EST,2015-10-15 23:00:00,2015,288,23:00:00,288.96,2203.0,9630.0,91.0,0.0,1028.0,79.0,0.0,-7156.0,0.0,0.0,3420.0,3199.0,10820.0,9415.0,2504.0,525.0,2285.0,2083.0,119.0,119.0,5559051
PROVENCE ALPES COTE D AZUR,2020-05-18 12:00:00,2020,139,12:00:00,139.5,48.0,0.0,11.0,967.0,2047.0,105.0,0.0,741.0,0.0,0.0,2710.0,2300.0,0.0,0.0,48.0,1458.0,3259.0,3259.0,357.0,207.0,5098666
NOUVELLE AQUITAINE,2020-01-28 17:00:00,2020,28,17:00:00,28.71,230.0,5175.0,804.0,209.0,355.0,173.0,0.0,-956.0,0.0,0.0,571.0,571.0,6630.0,5135.0,1089.0,2619.0,1783.0,1678.0,340.0,340.0,6033952
ILE DE FRANCE,2015-03-13 10:00:00,2015,72,10:00:00,72.42,647.0,0.0,1.0,23.0,6.0,108.0,0.0,9758.0,0.0,0.0,2144.0,1918.0,0.0,0.0,37.0,112.0,19.0,19.0,286.0,286.0,12082144
CENTRE VAL DE LOIRE,2018-01-05 05:30:00,2018,5,05:30:00,5.23,123.0,8553.0,443.0,0.0,62.0,59.0,0.0,-7099.0,0.0,0.0,214.0,214.0,11630.0,10987.0,987.0,279.0,91.0,91.0,76.0,76.0,2572853
CENTRE VAL DE LOIRE,2021-09-02 20:00:00,2021,245,20:00:00,245.83,10.0,8658.0,298.0,11.0,9.0,51.0,0.0,-7259.0,0.0,0.0,229.0,229.0,11630.0,10740.0,1360.0,593.0,92.0,92.0,89.0,89.0,2573303
NOUVELLE AQUITAINE,2020-08-12 02:00:00,2020,225,02:00:00,225.08,11.0,2680.0,77.0,0.0,33.0,177.0,0.0,897.0,0.0,0.0,571.0,571.0,6630.0,5629.0,1166.0,2719.0,1783.0,1672.0,341.0,341.0,6033952
PAYS DE LA LOIRE,2017-04-10 06:00:00,2017,100,06:00:00,100.25,894.0,0.0,151.0,0.0,2.0,44.0,0.0,1279.0,0.0,0.0,1921.0,1475.0,0.0,0.0,713.0,495.0,8.0,8.0,65.0,65.0,3757600
PAYS DE LA LOIRE,2015-05-26 20:00:00,2015,146,20:00:00,146.83,-1.0,0.0,83.0,31.0,2.0,27.0,0.0,2530.0,0.0,0.0,1867.0,1274.0,0.0,0.0,560.0,451.0,7.0,7.0,61.0,61.0,3718512
AUVERGNE RHONE ALPES,2014-04-17 20:30:00,2014,107,20:30:00,107.85,31.0,9382.0,59.0,1.0,4465.0,58.0,-4.0,-6718.0,0.0,0.0,938.0,938.0,13570.0,13570.0,347.0,802.0,11137.0,11137.0,140.0,140.0,7820966
OCCITANIE,2022-10-06 01:30:00,2022,279,01:30:00,279.06,2.0,1254.0,14.0,0.0,213.0,102.0,-428.0,1770.0,0.0,0.0,326.0,326.0,2620.0,1310.0,1621.0,3051.0,5504.0,5368.0,175.0,175.0,6067101
NOUVELLE AQUITAINE,2019-03-24 16:00:00,2019,83,16:00:00,83.67,200.0,4786.0,154.0,1361.0,177.0,205.0,0.0,-3117.0,0.0,0.0,538.0,538.0,6630.0,5720.0,975.0,2457.0,1782.0,1677.0,319.0,319.0,6010289
ILE DE FRANCE,2016-05-12 07:00:00,2016,133,07:00:00,133.29,7.0,0.0,3.0,0.0,11.0,146.0,0.0,6432.0,0.0,0.0,2149.0,1655.0,0.0,0.0,61.0,114.0,19.0,19.0,300.0,300.0,12117132
NOUVELLE AQUITAINE,2022-06-19 22:00:00,2022,170,22:00:00,170.92,26.0,2523.0,241.0,3.0,122.0,176.0,0.0,995.0,0.0,0.0,579.0,579.0,6630.0,5599.0,1489.0,3660.0,1785.0,1673.0,356.0,356.0,6098051
PAYS DE LA LOIRE,2016-09-06 05:00:00,2016,250,05:00:00,250.21,245.0,0.0,9.0,0.0,0.0,30.0,0.0,1797.0,0.0,0.0,1880.0,1319.0,0.0,0.0,678.0,479.0,8.0,8.0,63.0,63.0,3737632
NORMANDIE,2016-07-13 03:30:00,2016,195,03:30:00,195.15,200.0,6341.0,100.0,0.0,13.0,36.0,0.0,-4406.0,0.0,0.0,773.0,193.0,10640.0,9310.0,598.0,218.0,31.0,31.0,96.0,96.0,3335929
BRETAGNE,2022-09-26 23:30:00,2022,269,23:30:00,269.98,437.0,0.0,259.0,0.0,7.0,60.0,-1.0,1472.0,0.0,0.0,1432.0,1298.0,0.0,0.0,1209.0,399.0,272.0,272.0,83.0,83.0,3414637
NORMANDIE,2015-12-22 01:30:00,2015,356,01:30:00,356.06,358.0,7726.0,448.0,0.0,13.0,46.0,0.0,-5373.0,0.0,0.0,773.0,193.0,10640.0,9310.0,538.0,217.0,31.0,31.0,95.0,95.0,3339131
HAUTS DE FRANCE,2021-01-29 15:30:00,2021,29,15:30:00,29.65,856.0,4511.0,4296.0,11.0,1.0,125.0,0.0,-2998.0,0.0,0.0,2990.0,2990.0,5460.0,4550.0,5338.0,300.0,5.0,5.0,181.0,181.0,5995292
GRAND EST,2022-08-03 13:30:00,2022,215,13:30:00,215.56,419.0,2366.0,20.0,779.0,675.0,136.0,0.0,303.0,0.0,0.0,3590.0,3149.0,10820.0,9782.0,4290.0,1078.0,2308.0,1954.0,235.0,235.0,5563889
ILE DE FRANCE,2017-01-06 15:00:00,2017,6,15:00:00,6.62,1246.0,0.0,1.0,15.0,9.0,151.0,0.0,11424.0,0.0,0.0,2149.0,1564.0,0.0,0.0,61.0,116.0,19.0,19.0,301.0,301.0,12174880
AUVERGNE RHONE ALPES,2018-12-29 22:00:00,2018,363,22:00:00,363.92,195.0,11766.0,190.0,0.0,2446.0,145.0,-493.0,-5308.0,0.0,0.0,1025.0,624.0,13570.0,12752.0,607.0,1123.0,11271.0,11064.0,189.0,189.0,7994459
AUVERGNE RHONE ALPES,2019-01-02 02:00:00,2019,2,02:00:00,2.08,232.0,10923.0,132.0,0.0,1177.0,144.0,-1617.0,-2863.0,0.0,0.0,1025.0,1025.0,13570.0,12515.0,607.0,1123.0,11274.0,11095.0,189.0,189.0,8042936
NOUVELLE AQUITAINE,2020-11-29 15:30:00,2020,334,15:30:00,334.65,183.0,5704.0,380.0,787.0,118.0,143.0,0.0,-2772.0,0.0,0.0,576.0,576.0,6630.0,5559.0,1190.0,2812.0,1783.0,1678.0,347.0,347.0,6033952
BOURGOGNE FRANCHE COMTE,2016-12-14 14:00:00,2016,349,14:00:00,349.58,137.0,0.0,57.0,62.0,22.0,18.0,0.0,3107.0,0.0,0.0,331.0,331.0,0.0,0.0,538.0,265.0,518.0,518.0,31.0,31.0,2818338
BOURGOGNE FRANCHE COMTE,2020-06-03 23:30:00,2020,155,23:30:00,155.98,57.0,0.0,256.0,0.0,19.0,48.0,0.0,1634.0,0.0,0.0,401.0,401.0,0.0,0.0,877.0,349.0,521.0,521.0,69.0,69.0,2801695
OCCITANIE,2016-01-09 17:30:00,2016,9,17:30:00,9.73,61.0,2462.0,5.0,1.0,1118.0,96.0,-626.0,1277.0,0.0,0.0,266.0,0.0,2620.0,2620.0,1098.0,1497.0,5460.0,5340.0,137.0,137.0,5808435
PROVENCE ALPES COTE D AZUR,2016-10-31 22:30:00,2016,305,22:30:00,305.94,1910.0,0.0,0.0,0.0,360.0,110.0,0.0,1780.0,0.0,0.0,2621.0,2376.0,0.0,0.0,48.0,1048.0,3192.0,3192.0,354.0,354.0,5021928
BOURGOGNE FRANCHE COMTE,2018-12-22 08:30:00,2018,356,08:30:00,356.35,160.0,0.0,514.0,0.0,150.0,32.0,-5.0,1599.0,0.0,0.0,401.0,401.0,0.0,0.0,762.0,329.0,520.0,443.0,65.0,65.0,2807807
PROVENCE ALPES COTE D AZUR,2020-12-06 20:30:00,2020,341,20:30:00,341.85,1905.0,0.0,55.0,0.0,981.0,114.0,0.0,3208.0,0.0,0.0,2714.0,2317.0,0.0,0.0,96.0,1540.0,3262.0,3231.0,357.0,357.0,5098666
GRAND EST,2019-07-20 04:30:00,2019,201,04:30:00,201.19,802.0,4276.0,905.0,0.0,746.0,127.0,0.0,-3079.0,0.0,0.0,3531.0,3531.0,10820.0,9550.0,3434.0,586.0,2302.0,1922.0,171.0,171.0,5556219
NOUVELLE AQUITAINE,2014-07-06 16:30:00,2014,187,16:30:00,187.69,25.0,3997.0,70.0,245.0,287.0,130.0,0.0,-1301.0,0.0,0.0,421.0,421.0,6630.0,6630.0,447.0,1139.0,1772.0,1772.0,220.0,220.0,5879144
PAYS DE LA LOIRE,2021-12-24 01:00:00,2021,358,01:00:00,358.04,489.0,0.0,187.0,0.0,4.0,61.0,0.0,2941.0,0.0,0.0,2065.0,2065.0,0.0,0.0,1133.0,801.0,10.0,10.0,79.0,79.0,3853999
BOURGOGNE FRANCHE COMTE,2017-01-05 16:00:00,2017,5,16:00:00,5.67,159.0,0.0,29.0,16.0,12.0,21.0,0.0,3377.0,0.0,0.0,331.0,331.0,0.0,0.0,546.0,266.0,518.0,518.0,31.0,31.0,2811423
BOURGOGNE FRANCHE COMTE,2015-11-07 06:00:00,2015,311,06:00:00,311.25,85.0,0.0,63.0,0.0,7.0,24.0,0.0,1700.0,0.0,0.0,325.0,80.0,0.0,0.0,414.0,262.0,513.0,513.0,29.0,29.0,2820940
GRAND EST,2019-08-31 18:30:00,2019,243,18:30:00,243.77,1040.0,8092.0,937.0,141.0,1471.0,120.0,0.0,-7523.0,0.0,0.0,3531.0,3531.0,10820.0,9609.0,3445.0,592.0,2303.0,2032.0,172.0,172.0,5556219
BOURGOGNE FRANCHE COMTE,2020-10-11 01:00:00,2020,285,01:00:00,285.04,63.0,0.0,90.0,0.0,58.0,28.0,0.0,1631.0,0.0,0.0,401.0,401.0,0.0,0.0,889.0,373.0,521.0,521.0,71.0,71.0,2801695
ILE DE FRANCE,2019-08-01 21:00:00,2019,213,21:00:00,213.88,0.0,0.0,4.0,1.0,4.0,129.0,0.0,6202.0,0.0,0.0,2170.0,2110.0,0.0,0.0,108.0,127.0,20.0,20.0,314.0,314.0,12262544
NOUVELLE AQUITAINE,2020-02-11 22:00:00,2020,42,22:00:00,42.92,210.0,6675.0,223.0,0.0,507.0,211.0,0.0,-2162.0,0.0,0.0,571.0,571.0,6630.0,6630.0,1089.0,2623.0,1783.0,1678.0,340.0,340.0,6033952
BRETAGNE,2013-06-02 10:30:00,2013,153,10:30:00,153.44,0.0,0.0,39.0,68.0,57.0,19.0,-1.0,1535.0,0.0,0.0,660.0,660.0,0.0,0.0,722.0,204.0,11.0,11.0,37.0,37.0,3258707
OCCITANIE,2017-01-12 04:30:00,2017,12,04:30:00,12.19,61.0,2573.0,650.0,0.0,810.0,96.0,-673.0,1469.0,0.0,0.0,278.0,278.0,2620.0,2620.0,1194.0,1688.0,5469.0,5292.0,140.0,140.0,5845102
CENTRE VAL DE LOIRE,2022-10-27 08:30:00,2022,300,08:30:00,300.35,22.0,5506.0,685.0,1.0,1.0,61.0,0.0,-4435.0,0.0,0.0,229.0,229.0,11630.0,10687.0,1551.0,789.0,93.0,93.0,91.0,91.0,2572916
BRETAGNE,2018-07-03 15:00:00,2018,184,15:00:00,184.62,3.0,0.0,228.0,64.0,87.0,43.0,-1.0,1981.0,0.0,0.0,904.0,786.0,0.0,0.0,969.0,253.0,270.0,270.0,68.0,68.0,3335414
ILE DE FRANCE,2020-07-01 15:00:00,2020,183,15:00:00,183.62,842.0,0.0,41.0,25.0,5.0,114.0,0.0,6114.0,0.0,0.0,2170.0,2057.0,0.0,0.0,108.0,152.0,20.0,20.0,314.0,314.0,12271794
NOUVELLE AQUITAINE,2017-04-29 09:00:00,2017,119,09:00:00,119.38,91.0,5754.0,70.0,502.0,445.0,178.0,0.0,-2092.0,0.0,0.0,465.0,465.0,6630.0,5720.0,742.0,1959.0,1780.0,1668.0,306.0,306.0,5956978
PROVENCE ALPES COTE D AZUR,2018-06-07 04:30:00,2018,158,04:30:00,158.19,34.0,0.0,1.0,0.0,1434.0,65.0,0.0,1660.0,0.0,0.0,2666.0,2253.0,0.0,0.0,48.0,1266.0,3233.0,3233.0,357.0,207.0,5052832
PAYS DE LA LOIRE,2020-07-20 05:30:00,2020,202,05:30:00,202.23,379.0,0.0,220.0,0.0,0.0,60.0,0.0,1404.0,0.0,0.0,2050.0,1905.0,0.0,0.0,1000.0,644.0,10.0,10.0,77.0,77.0,3832120
PROVENCE ALPES COTE D AZUR,2019-04-08 14:00:00,2019,98,14:00:00,98.58,1659.0,0.0,2.0,905.0,746.0,68.0,0.0,1545.0,0.0,0.0,2674.0,2286.0,0.0,0.0,48.0,1344.0,3241.0,3084.0,357.0,207.0,5081101
CENTRE VAL DE LOIRE,2020-10-16 19:30:00,2020,290,19:30:00,290.81,26.0,7210.0,125.0,0.0,24.0,62.0,0.0,-4914.0,0.0,0.0,229.0,229.0,11630.0,10683.0,1256.0,400.0,92.0,92.0,88.0,88.0,2574863
NOUVELLE AQUITAINE,2015-08-24 23:00:00,2015,236,23:00:00,236.96,47.0,3074.0,143.0,0.0,206.0,161.0,0.0,513.0,0.0,0.0,427.0,427.0,6630.0,5525.0,534.0,1535.0,1775.0,1775.0,239.0,239.0,5911482
ILE DE FRANCE,2014-01-25 07:00:00,2014,25,07:00:00,25.29,272.0,0.0,2.0,0.0,2.0,171.0,0.0,8501.0,0.0,0.0,2122.0,2122.0,0.0,0.0,37.0,110.0,19.0,19.0,282.0,282.0,12027565
GRAND EST,2020-05-20 06:00:00,2020,141,06:00:00,141.25,779.0,3829.0,679.0,0.0,812.0,117.0,-177.0,-2463.0,0.0,0.0,3535.0,3057.0,10820.0,9531.0,3606.0,621.0,2303.0,1932.0,183.0,183.0,5562651
NORMANDIE,2013-11-25 07:30:00,2013,329,07:30:00,329.31,957.0,9581.0,79.0,0.0,17.0,54.0,0.0,-6358.0,0.0,0.0,761.0,761.0,10640.0,10640.0,444.0,210.0,24.0,24.0,88.0,88.0,3328364
NORMANDIE,2016-08-09 06:00:00,2016,222,06:00:00,222.25,312.0,6364.0,84.0,0.0,14.0,48.0,0.0,-4646.0,0.0,0.0,773.0,193.0,10640.0,9310.0,598.0,219.0,31.0,31.0,96.0,96.0,3335929
CENTRE VAL DE LOIRE,2017-11-05 21:30:00,2017,309,21:30:00,309.9,89.0,7507.0,295.0,0.0,0.0,59.0,0.0,-5687.0,0.0,0.0,214.0,214.0,11630.0,10677.0,963.0,276.0,91.0,91.0,76.0,76.0,2576252
OCCITANIE,2022-07-25 05:00:00,2022,206,05:00:00,206.21,0.0,1227.0,213.0,0.0,372.0,101.0,-813.0,2217.0,0.0,0.0,326.0,326.0,2620.0,1410.0,1593.0,2996.0,5503.0,5356.0,174.0,174.0,6067101
AUVERGNE RHONE ALPES,2019-08-29 21:00:00,2019,241,21:00:00,241.88,359.0,8446.0,73.0,0.0,3538.0,123.0,-19.0,-5464.0,0.0,0.0,1027.0,1027.0,13570.0,12650.0,635.0,1181.0,11631.0,11396.0,190.0,190.0,8042936
PROVENCE ALPES COTE D AZUR,2021-07-18 09:30:00,2021,199,09:30:00,199.4,21.0,0.0,17.0,592.0,650.0,82.0,-2.0,2587.0,0.0,0.0,2715.0,2452.0,0.0,0.0,96.0,1620.0,3266.0,3235.0,357.0,357.0,5127840
NOUVELLE AQUITAINE,2018-03-04 23:00:00,2018,63,23:00:00,63.96,176.0,6518.0,177.0,-1.0,927.0,124.0,0.0,-2166.0,0.0,0.0,482.0,482.0,6630.0,5646.0,882.0,2277.0,1781.0,1781.0,314.0,314.0,5979778
PROVENCE ALPES COTE D AZUR,2013-09-29 09:00:00,2013,272,09:00:00,272.38,185.0,0.0,10.0,29.0,842.0,44.0,-51.0,2338.0,0.0,0.0,2590.0,2261.0,0.0,0.0,45.0,729.0,3159.0,3159.0,151.0,151.0,4953675
CENTRE VAL DE LOIRE,2015-07-28 04:30:00,2015,209,04:30:00,209.19,1.0,6700.0,238.0,0.0,0.0,57.0,0.0,-5659.0,0.0,0.0,166.0,166.0,11630.0,10730.0,832.0,238.0,91.0,91.0,71.0,71.0,2578592
BRETAGNE,2015-08-26 13:30:00,2015,238,13:30:00,238.56,0.0,0.0,454.0,31.0,6.0,38.0,-1.0,2015.0,0.0,0.0,724.0,724.0,0.0,0.0,801.0,221.0,272.0,272.0,55.0,55.0,3293850
AUVERGNE RHONE ALPES,2013-03-14 18:00:00,2013,73,18:00:00,73.75,277.0,12404.0,149.0,26.0,3681.0,64.0,-497.0,-6069.0,0.0,0.0,919.0,919.0,13570.0,13570.0,335.0,709.0,11115.0,11115.0,106.0,106.0,7757595
NORMANDIE,2021-07-30 08:00:00,2021,211,08:00:00,211.33,187.0,7644.0,371.0,8.0,9.0,84.0,0.0,-5926.0,0.0,0.0,852.0,852.0,10640.0,9675.0,878.0,296.0,31.0,31.0,147.0,147.0,3327966
CENTRE VAL DE LOIRE,2015-01-13 15:00:00,2015,13,15:00:00,13.62,77.0,11387.0,735.0,11.0,23.0,41.0,0.0,-9276.0,0.0,0.0,166.0,166.0,11630.0,11630.0,801.0,225.0,91.0,91.0,71.0,71.0,2578592
BRETAGNE,2019-07-25 11:30:00,2019,206,11:30:00,206.48,1.0,0.0,80.0,97.0,2.0,42.0,-1.0,2405.0,0.0,0.0,960.0,960.0,0.0,0.0,1021.0,267.0,270.0,270.0,73.0,73.0,3354854
BRETAGNE,2018-09-21 10:30:00,2018,264,10:30:00,264.44,1.0,0.0,137.0,59.0,90.0,44.0,-1.0,2102.0,0.0,0.0,918.0,833.0,0.0,0.0,988.0,254.0,270.0,270.0,69.0,69.0,3335414
PROVENCE ALPES COTE D AZUR,2015-08-08 07:30:00,2015,220,07:30:00,220.31,123.0,0.0,0.0,26.0,617.0,85.0,0.0,2861.0,0.0,0.0,2610.0,2215.0,0.0,0.0,48.0,930.0,3168.0,3168.0,183.0,183.0,5007977
NOUVELLE AQUITAINE,2018-09-15 12:30:00,2018,258,12:30:00,258.52,24.0,5616.0,81.0,1712.0,99.0,188.0,0.0,-3303.0,0.0,0.0,485.0,485.0,6630.0,5720.0,947.0,2398.0,1781.0,1781.0,316.0,316.0,5979778
PAYS DE LA LOIRE,2014-04-08 02:30:00,2014,98,02:30:00,98.1,684.0,0.0,139.0,0.0,3.0,32.0,0.0,1880.0,0.0,0.0,1864.0,1429.0,0.0,0.0,518.0,409.0,6.0,6.0,58.0,58.0,3690833
NOUVELLE AQUITAINE,2022-07-16 10:00:00,2022,197,10:00:00,197.42,42.0,2432.0,594.0,1555.0,131.0,189.0,0.0,-990.0,0.0,0.0,579.0,579.0,6630.0,5613.0,1542.0,3729.0,1786.0,1661.0,356.0,356.0,6098051
GRAND EST,2017-10-21 19:00:00,2017,294,19:00:00,294.79,1645.0,7150.0,1804.0,0.0,790.0,91.0,0.0,-6292.0,0.0,0.0,3464.0,2960.0,10820.0,9469.0,3040.0,549.0,2299.0,1981.0,141.0,141.0,5549586
ILE DE FRANCE,2020-03-11 23:00:00,2020,71,23:00:00,71.96,378.0,0.0,81.0,0.0,0.0,151.0,0.0,8034.0,0.0,0.0,2170.0,2170.0,0.0,0.0,108.0,144.0,20.0,20.0,314.0,314.0,12271794
AUVERGNE RHONE ALPES,2014-02-28 13:30:00,2014,59,13:30:00,59.56,185.0,11583.0,150.0,71.0,6412.0,117.0,-12.0,-8274.0,0.0,0.0,938.0,938.0,13570.0,13570.0,347.0,793.0,11133.0,11133.0,140.0,140.0,7820966
ILE DE FRANCE,2022-12-06 05:00:00,2022,340,05:00:00,340.21,525.0,0.0,4.0,0.0,7.0,88.0,0.0,7931.0,0.0,0.0,2171.0,2042.0,0.0,0.0,148.0,257.0,20.0,20.0,320.0,320.0,12354286
AUVERGNE RHONE ALPES,2013-12-26 16:30:00,2013,360,16:30:00,360.69,183.0,13292.0,190.0,10.0,4484.0,67.0,-806.0,-8843.0,0.0,0.0,930.0,930.0,13570.0,13570.0,335.0,761.0,11132.0,11132.0,125.0,125.0,7757595
BRETAGNE,2014-08-23 08:00:00,2014,235,08:00:00,235.33,0.0,0.0,25.0,3.0,3.0,36.0,-52.0,1520.0,0.0,0.0,688.0,688.0,0.0,0.0,771.0,215.0,272.0,272.0,52.0,52.0,3276543
BOURGOGNE FRANCHE COMTE,2023-01-30 08:30:00,2023,30,08:30:00,30.35,168.0,0.0,231.0,2.0,235.0,47.0,0.0,2853.0,0.0,0.0,401.0,401.0,0.0,0.0,1067.0,643.0,524.0,524.0,76.0,76.0,2786296
NORMANDIE,2020-10-26 21:30:00,2020,300,21:30:00,300.9,178.0,5662.0,271.0,0.0,13.0,67.0,0.0,-2737.0,0.0,0.0,838.0,838.0,10640.0,9373.0,831.0,269.0,31.0,31.0,115.0,115.0,3325522
AUVERGNE RHONE ALPES,2017-11-26 08:00:00,2017,330,08:00:00,330.33,211.0,6898.0,162.0,0.0,1707.0,142.0,-1324.0,-106.0,0.0,0.0,1000.0,1000.0,13570.0,12729.0,548.0,977.0,11247.0,10992.0,178.0,178.0,7948287
CENTRE VAL DE LOIRE,2020-04-25 03:00:00,2020,116,03:00:00,116.12,0.0,8105.0,221.0,0.0,5.0,65.0,0.0,-6901.0,0.0,0.0,229.0,229.0,11630.0,10750.0,1247.0,363.0,92.0,92.0,86.0,86.0,2574863
BRETAGNE,2015-04-28 19:00:00,2015,118,19:00:00,118.79,1.0,0.0,26.0,37.0,2.0,34.0,-1.0,2331.0,0.0,0.0,724.0,639.0,0.0,0.0,801.0,220.0,272.0,272.0,55.0,55.0,3293850
AUVERGNE RHONE ALPES,2020-07-12 13:00:00,2020,194,13:00:00,194.54,12.0,7117.0,58.0,846.0,2512.0,114.0,-347.0,-4385.0,0.0,0.0,1034.0,1034.0,13570.0,12636.0,647.0,1281.0,11746.0,11530.0,192.0,192.0,8078652
HAUTS DE FRANCE,2016-01-25 07:00:00,2016,25,07:00:00,25.29,1104.0,4550.0,1166.0,0.0,3.0,117.0,0.0,190.0,0.0,0.0,2864.0,2864.0,5460.0,4550.0,2886.0,213.0,5.0,5.0,160.0,160.0,6006870
BOURGOGNE FRANCHE COMTE,2020-01-10 06:00:00,2020,10,06:00:00,10.25,177.0,0.0,618.0,0.0,136.0,50.0,0.0,1618.0,0.0,0.0,401.0,401.0,0.0,0.0,864.0,344.0,521.0,521.0,69.0,69.0,2801695
OCCITANIE,2021-07-16 16:30:00,2021,197,16:30:00,197.69,0.0,1237.0,778.0,1267.0,517.0,78.0,-27.0,-23.0,0.0,0.0,325.0,325.0,2620.0,2620.0,1593.0,2606.0,5499.0,5332.0,172.0,172.0,6022176
NORMANDIE,2017-07-21 17:30:00,2017,202,17:30:00,202.73,749.0,5902.0,274.0,38.0,9.0,59.0,0.0,-4379.0,0.0,0.0,785.0,720.0,10640.0,9518.0,637.0,222.0,31.0,31.0,99.0,99.0,3330478
BOURGOGNE FRANCHE COMTE,2016-06-20 02:00:00,2016,172,02:00:00,172.08,29.0,0.0,23.0,0.0,187.0,19.0,0.0,1436.0,0.0,0.0,329.0,329.0,0.0,0.0,426.0,264.0,513.0,513.0,30.0,30.0,2818338
ILE DE FRANCE,2017-05-15 23:30:00,2017,135,23:30:00,135.98,-1.0,0.0,3.0,0.0,8.0,111.0,0.0,7258.0,0.0,0.0,2149.0,1872.0,0.0,0.0,73.0,116.0,19.0,19.0,301.0,301.0,12174880
HAUTS DE FRANCE,2019-02-15 18:00:00,2019,46,18:00:00,46.75,2169.0,5349.0,408.0,1.0,2.0,109.0,0.0,-1546.0,0.0,0.0,2969.0,2969.0,5460.0,5341.0,4378.0,235.0,5.0,5.0,177.0,177.0,6004947
NORMANDIE,2017-06-13 22:30:00,2017,164,22:30:00,164.94,332.0,4726.0,44.0,0.0,8.0,52.0,0.0,-2236.0,0.0,0.0,785.0,205.0,10640.0,9310.0,622.0,222.0,31.0,31.0,98.0,98.0,3330478
HAUTS DE FRANCE,2022-06-05 07:00:00,2022,156,07:00:00,156.29,659.0,2685.0,41.0,8.0,1.0,123.0,0.0,424.0,0.0,0.0,2993.0,2747.0,5460.0,4550.0,5774.0,442.0,6.0,6.0,196.0,196.0,5990765
NORMANDIE,2022-08-07 17:00:00,2022,219,17:00:00,219.71,209.0,3369.0,302.0,147.0,8.0,99.0,0.0,-2183.0,0.0,0.0,852.0,852.0,10640.0,9378.0,949.0,315.0,31.0,31.0,149.0,149.0,3327604
PAYS DE LA LOIRE,2018-08-11 15:30:00,2018,223,15:30:00,223.65,5.0,0.0,28.0,309.0,0.0,40.0,0.0,1742.0,0.0,0.0,1976.0,1769.0,0.0,0.0,824.0,549.0,8.0,8.0,70.0,70.0,3781423
PAYS DE LA LOIRE,2022-11-12 07:00:00,2022,316,07:00:00,316.29,459.0,0.0,693.0,0.0,0.0,56.0,0.0,1330.0,0.0,0.0,2068.0,1778.0,0.0,0.0,1696.0,931.0,10.0,10.0,80.0,80.0,3878839
ILE DE FRANCE,2015-04-18 05:30:00,2015,108,05:30:00,108.23,-6.0,0.0,11.0,0.0,8.0,116.0,0.0,5208.0,0.0,0.0,2144.0,1774.0,0.0,0.0,37.0,112.0,19.0,19.0,286.0,286.0,12082144
NORMANDIE,2020-12-04 16:30:00,2020,339,16:30:00,339.69,437.0,5073.0,257.0,4.0,15.0,64.0,0.0,-1897.0,0.0,0.0,852.0,272.0,10640.0,9310.0,831.0,272.0,31.0,31.0,116.0,116.0,3325522
CENTRE VAL DE LOIRE,2018-12-11 07:00:00,2018,345,07:00:00,345.29,77.0,9340.0,14.0,0.0,1.0,57.0,0.0,-6473.0,0.0,0.0,228.0,228.0,11630.0,10745.0,1088.0,305.0,91.0,91.0,84.0,84.0,2572853
HAUTS DE FRANCE,2017-11-15 04:30:00,2017,319,04:30:00,319.19,1862.0,4381.0,252.0,0.0,2.0,141.0,0.0,-860.0,0.0,0.0,2913.0,2728.0,5460.0,4675.0,3679.0,217.0,5.0,5.0,165.0,165.0,6003815
NOUVELLE AQUITAINE,2013-11-02 15:00:00,2013,306,15:00:00,306.62,69.0,5663.0,118.0,77.0,96.0,136.0,0.0,-1823.0,0.0,0.0,421.0,421.0,6630.0,6630.0,364.0,1003.0,1760.0,1760.0,214.0,214.0,5844177
CENTRE VAL DE LOIRE,2017-04-02 22:30:00,2017,92,22:30:00,92.94,0.0,10474.0,219.0,0.0,28.0,53.0,0.0,-8934.0,0.0,0.0,198.0,198.0,11630.0,10735.0,937.0,266.0,91.0,91.0,76.0,76.0,2576252
OCCITANIE,2019-11-08 09:30:00,2019,312,09:30:00,312.4,70.0,1272.0,453.0,328.0,2714.0,98.0,-20.0,511.0,0.0,0.0,307.0,307.0,2620.0,1310.0,1570.0,2148.0,5489.0,5302.0,146.0,146.0,5933185
GRAND EST,2021-07-31 23:00:00,2021,212,23:00:00,212.96,39.0,7503.0,239.0,0.0,1269.0,140.0,0.0,-5322.0,0.0,0.0,3585.0,3585.0,10820.0,9940.0,3925.0,903.0,2305.0,2103.0,208.0,208.0,5561287
ILE DE FRANCE,2020-10-18 06:00:00,2020,292,06:00:00,292.25,0.0,0.0,0.0,0.0,8.0,92.0,0.0,6354.0,0.0,0.0,2170.0,2057.0,0.0,0.0,125.0,168.0,20.0,20.0,314.0,314.0,12271794
HAUTS DE FRANCE,2013-05-09 11:00:00,2013,129,11:00:00,129.46,277.0,3415.0,328.0,67.0,1.0,70.0,0.0,798.0,0.0,0.0,2268.0,2034.0,5460.0,5460.0,2126.0,210.0,5.0,5.0,139.0,139.0,5987883
PAYS DE LA LOIRE,2014-11-17 02:00:00,2014,321,02:00:00,321.08,419.0,0.0,26.0,0.0,4.0,47.0,0.0,2562.0,0.0,0.0,1864.0,1864.0,0.0,0.0,527.0,435.0,7.0,7.0,58.0,58.0,3690833
AUVERGNE RHONE ALPES,2022-01-22 22:30:00,2022,22,22:30:00,22.94,531.0,12515.0,165.0,0.0,1831.0,124.0,-818.0,-4419.0,0.0,0.0,1048.0,1048.0,13570.0,12772.0,723.0,1628.0,11780.0,11655.0,208.0,208.0,8155762
BOURGOGNE FRANCHE COMTE,2016-11-29 22:30:00,2016,334,22:30:00,334.94,133.0,0.0,48.0,0.0,65.0,19.0,0.0,2892.0,0.0,0.0,329.0,329.0,0.0,0.0,527.0,265.0,518.0,518.0,31.0,31.0,2818338
NOUVELLE AQUITAINE,2013-02-17 13:00:00,2013,48,13:00:00,48.54,235.0,6511.0,53.0,433.0,780.0,140.0,0.0,-2004.0,0.0,0.0,418.0,418.0,6630.0,6630.0,356.0,947.0,1759.0,1759.0,208.0,208.0,5844177
NOUVELLE AQUITAINE,2017-06-24 19:30:00,2017,175,19:30:00,175.81,47.0,3222.0,149.0,344.0,151.0,188.0,0.0,-152.0,0.0,0.0,465.0,465.0,6630.0,5428.0,742.0,1972.0,1780.0,1658.0,306.0,306.0,5956978
HAUTS DE FRANCE,2017-01-08 06:30:00,2017,8,06:30:00,8.27,920.0,3473.0,38.0,0.0,1.0,110.0,0.0,1647.0,0.0,0.0,2882.0,2388.0,5460.0,4795.0,3292.0,214.0,5.0,5.0,164.0,164.0,6003815
BRETAGNE,2018-08-31 03:30:00,2018,243,03:30:00,243.15,1.0,0.0,82.0,0.0,221.0,48.0,-1.0,1280.0,0.0,0.0,913.0,913.0,0.0,0.0,980.0,254.0,270.0,270.0,69.0,69.0,3335414
AUVERGNE RHONE ALPES,2018-08-28 15:30:00,2018,240,15:30:00,240.65,351.0,8576.0,7.0,561.0,2687.0,108.0,-19.0,-4771.0,0.0,0.0,1000.0,599.0,13570.0,12658.0,578.0,1095.0,11260.0,11048.0,180.0,180.0,7994459
PAYS DE LA LOIRE,2022-06-02 05:30:00,2022,153,05:30:00,153.23,302.0,0.0,332.0,0.0,1.0,53.0,0.0,1597.0,0.0,0.0,2068.0,1609.0,0.0,0.0,1644.0,850.0,10.0,10.0,80.0,80.0,3878839
AUVERGNE RHONE ALPES,2017-11-03 04:00:00,2017,307,04:00:00,307.17,435.0,6322.0,16.0,0.0,638.0,136.0,-1853.0,1237.0,0.0,0.0,996.0,996.0,13570.0,12656.0,548.0,976.0,11246.0,11029.0,178.0,178.0,7948287
CENTRE VAL DE LOIRE,2017-11-07 10:00:00,2017,311,10:00:00,311.42,84.0,7561.0,6.0,71.0,0.0,56.0,0.0,-4767.0,0.0,0.0,214.0,214.0,11630.0,10677.0,963.0,277.0,91.0,91.0,76.0,76.0,2576252
CENTRE VAL DE LOIRE,2014-12-10 14:00:00,2014,344,14:00:00,344.58,75.0,11507.0,214.0,14.0,14.0,53.0,0.0,-8456.0,0.0,0.0,162.0,162.0,11630.0,11630.0,801.0,223.0,91.0,91.0,71.0,71.0,2577435
GRAND EST,2019-03-08 13:00:00,2019,67,13:00:00,67.54,649.0,10118.0,1419.0,395.0,866.0,116.0,0.0,-7192.0,0.0,0.0,3531.0,3118.0,10820.0,9775.0,3355.0,563.0,2302.0,2016.0,166.0,166.0,5556219
CENTRE VAL DE LOIRE,2015-08-22 03:30:00,2015,234,03:30:00,234.15,1.0,7847.0,202.0,0.0,0.0,55.0,0.0,-6796.0,0.0,0.0,166.0,166.0,11630.0,10852.0,832.0,239.0,91.0,91.0,71.0,71.0,2578592
HAUTS DE FRANCE,2019-12-19 19:00:00,2019,353,19:00:00,353.79,985.0,4565.0,3069.0,0.0,2.0,115.0,0.0,-1851.0,0.0,0.0,2970.0,2739.0,5460.0,4550.0,4895.0,240.0,5.0,5.0,180.0,180.0,6004947
PAYS DE LA LOIRE,2020-12-15 10:30:00,2020,350,10:30:00,350.44,598.0,0.0,189.0,102.0,5.0,44.0,0.0,3139.0,0.0,0.0,2054.0,2054.0,0.0,0.0,1046.0,682.0,10.0,10.0,77.0,77.0,3832120
BOURGOGNE FRANCHE COMTE,2020-10-10 23:00:00,2020,284,23:00:00,284.96,62.0,0.0,93.0,0.0,247.0,28.0,0.0,1698.0,0.0,0.0,401.0,401.0,0.0,0.0,889.0,373.0,521.0,521.0,71.0,71.0,2801695
AUVERGNE RHONE ALPES,2016-05-01 12:30:00,2016,122,12:30:00,122.52,33.0,7783.0,297.0,220.0,2582.0,115.0,-825.0,-2577.0,0.0,0.0,959.0,959.0,13570.0,12658.0,384.0,916.0,11209.0,11027.0,170.0,170.0,7916889
AUVERGNE RHONE ALPES,2017-01-15 10:00:00,2017,15,10:00:00,15.42,284.0,10214.0,141.0,18.0,2236.0,121.0,-1380.0,-1807.0,0.0,0.0,984.0,984.0,13570.0,12731.0,425.0,936.0,11233.0,11023.0,177.0,177.0,7948287
PAYS DE LA LOIRE,2013-03-07 13:30:00,2013,66,13:30:00,66.56,1212.0,0.0,52.0,135.0,2.0,41.0,0.0,2239.0,0.0,0.0,1837.0,1837.0,0.0,0.0,466.0,388.0,5.0,5.0,57.0,57.0,3660852
NOUVELLE AQUITAINE,2017-03-03 02:00:00,2017,62,02:00:00,62.08,260.0,5663.0,265.0,-1.0,544.0,207.0,0.0,-1769.0,0.0,0.0,465.0,465.0,6630.0,5525.0,734.0,1929.0,1780.0,1780.0,304.0,304.0,5956978
BOURGOGNE FRANCHE COMTE,2013-06-12 08:00:00,2013,163,08:00:00,163.33,28.0,0.0,7.0,12.0,166.0,9.0,0.0,2193.0,0.0,0.0,301.0,301.0,0.0,0.0,204.0,229.0,480.0,480.0,24.0,24.0,2819783
HAUTS DE FRANCE,2015-12-06 08:30:00,2015,340,08:30:00,340.35,548.0,4798.0,1631.0,0.0,2.0,120.0,0.0,-1336.0,0.0,0.0,2301.0,2051.0,5460.0,5320.0,2865.0,213.0,5.0,5.0,160.0,160.0,6009976
AUVERGNE RHONE ALPES,2021-03-17 23:30:00,2021,76,23:30:00,76.98,642.0,10376.0,235.0,0.0,4156.0,131.0,-2.0,-6534.0,0.0,0.0,1047.0,1047.0,13570.0,12690.0,723.0,1427.0,11767.0,11610.0,208.0,208.0,8114361
ILE DE FRANCE,2019-01-20 15:00:00,2019,20,15:00:00,20.62,558.0,0.0,7.0,6.0,9.0,146.0,0.0,10584.0,0.0,0.0,2169.0,2169.0,0.0,0.0,88.0,124.0,20.0,20.0,306.0,306.0,12262544
PAYS DE LA LOIRE,2021-03-01 21:30:00,2021,60,21:30:00,60.9,564.0,0.0,398.0,0.0,5.0,49.0,0.0,2185.0,0.0,0.0,2055.0,2055.0,0.0,0.0,1058.0,698.0,10.0,10.0,78.0,78.0,3853999
PAYS DE LA LOIRE,2014-06-14 07:30:00,2014,165,07:30:00,165.31,348.0,0.0,104.0,18.0,2.0,44.0,0.0,1456.0,0.0,0.0,1864.0,1429.0,0.0,0.0,518.0,414.0,7.0,7.0,58.0,58.0,3690833
NOUVELLE AQUITAINE,2016-01-20 09:30:00,2016,20,09:30:00,20.4,179.0,6709.0,20.0,66.0,1127.0,185.0,0.0,-879.0,0.0,0.0,429.0,429.0,6630.0,6630.0,547.0,1804.0,1778.0,1778.0,279.0,279.0,5935603
BOURGOGNE FRANCHE COMTE,2018-12-23 21:30:00,2018,357,21:30:00,357.9,177.0,0.0,544.0,0.0,107.0,33.0,-1.0,1647.0,0.0,0.0,401.0,401.0,0.0,0.0,762.0,329.0,520.0,443.0,65.0,65.0,2807807
BOURGOGNE FRANCHE COMTE,2021-07-30 11:30:00,2021,211,11:30:00,211.48,24.0,0.0,169.0,173.0,106.0,48.0,0.0,1703.0,0.0,0.0,401.0,401.0,0.0,0.0,969.0,459.0,524.0,524.0,72.0,72.0,2800194
HAUTS DE FRANCE,2015-02-19 15:30:00,2015,50,15:30:00,50.65,1317.0,5448.0,794.0,24.0,2.0,116.0,0.0,-206.0,0.0,0.0,2301.0,2301.0,5460.0,5460.0,2657.0,213.0,5.0,5.0,155.0,155.0,6009976
NORMANDIE,2017-03-29 14:30:00,2017,88,14:30:00,88.6,704.0,6377.0,184.0,67.0,10.0,43.0,0.0,-4244.0,0.0,0.0,785.0,490.0,10640.0,9419.0,622.0,221.0,31.0,31.0,97.0,97.0,3330478
OCCITANIE,2022-01-13 17:30:00,2022,13,17:30:00,13.73,96.0,2533.0,21.0,21.0,1604.0,84.0,-9.0,2265.0,0.0,0.0,326.0,326.0,2620.0,2620.0,1593.0,2790.0,5500.0,5465.0,173.0,173.0,6067101
HAUTS DE FRANCE,2021-03-29 14:00:00,2021,88,14:00:00,88.58,937.0,3603.0,455.0,103.0,2.0,118.0,0.0,526.0,0.0,0.0,2990.0,2990.0,5460.0,5460.0,5430.0,326.0,5.0,5.0,182.0,182.0,5995292
AUVERGNE RHONE ALPES,2019-01-16 03:30:00,2019,16,03:30:00,16.15,661.0,12454.0,48.0,0.0,2260.0,145.0,-1778.0,-4144.0,0.0,0.0,1025.0,1025.0,13570.0,12803.0,607.0,1123.0,11274.0,11095.0,189.0,189.0,8042936
GRAND EST,2016-09-07 13:00:00,2016,251,13:00:00,251.54,1987.0,9684.0,317.0,332.0,1104.0,68.0,0.0,-8098.0,0.0,0.0,3424.0,3424.0,10820.0,9914.0,2652.0,528.0,2295.0,2093.0,124.0,124.0,5555186
PAYS DE LA LOIRE,2018-07-12 07:30:00,2018,193,07:30:00,193.31,770.0,0.0,119.0,20.0,2.0,44.0,0.0,1805.0,0.0,0.0,1968.0,1787.0,0.0,0.0,804.0,546.0,8.0,8.0,69.0,69.0,3781423
BOURGOGNE FRANCHE COMTE,2020-12-19 05:00:00,2020,354,05:00:00,354.21,128.0,0.0,545.0,0.0,95.0,34.0,-66.0,1661.0,0.0,0.0,401.0,401.0,0.0,0.0,906.0,396.0,523.0,523.0,71.0,71.0,2801695
PAYS DE LA LOIRE,2015-11-23 22:00:00,2015,327,22:00:00,327.92,854.0,0.0,32.0,0.0,2.0,44.0,0.0,2756.0,0.0,0.0,1876.0,1226.0,0.0,0.0,591.0,456.0,7.0,7.0,61.0,61.0,3718512
BRETAGNE,2015-10-23 11:00:00,2015,296,11:00:00,296.46,7.0,0.0,18.0,16.0,88.0,30.0,-1.0,2765.0,0.0,0.0,725.0,725.0,0.0,0.0,809.0,222.0,275.0,275.0,56.0,56.0,3293850
CENTRE VAL DE LOIRE,2017-03-26 07:00:00,2017,85,07:00:00,85.29,96.0,11396.0,137.0,0.0,14.0,57.0,0.0,-9852.0,0.0,0.0,198.0,198.0,11630.0,11630.0,937.0,266.0,91.0,91.0,76.0,76.0,2576252
BRETAGNE,2022-08-20 12:00:00,2022,232,12:00:00,232.5,473.0,0.0,8.0,192.0,2.0,57.0,-1.0,1300.0,0.0,0.0,1432.0,1432.0,0.0,0.0,1197.0,379.0,272.0,272.0,83.0,83.0,3414637
GRAND EST,2017-06-16 22:00:00,2017,167,22:00:00,167.92,1033.0,9785.0,326.0,0.0,1064.0,68.0,0.0,-7807.0,0.0,0.0,3453.0,2858.0,10820.0,9730.0,2914.0,542.0,2298.0,2000.0,140.0,140.0,5549586
CENTRE VAL DE LOIRE,2018-08-30 12:30:00,2018,242,12:30:00,242.52,12.0,8505.0,11.0,118.0,0.0,70.0,0.0,-6787.0,0.0,0.0,216.0,216.0,11630.0,10772.0,1060.0,299.0,91.0,91.0,76.0,76.0,2572853
PROVENCE ALPES COTE D AZUR,2018-11-19 17:30:00,2018,323,17:30:00,323.73,2218.0,0.0,3.0,2.0,1542.0,79.0,0.0,1846.0,0.0,0.0,2671.0,2388.0,0.0,0.0,48.0,1317.0,3233.0,3109.0,357.0,207.0,5052832
PAYS DE LA LOIRE,2013-04-06 03:30:00,2013,96,03:30:00,96.15,1201.0,0.0,115.0,0.0,2.0,31.0,0.0,2303.0,0.0,0.0,1837.0,1152.0,0.0,0.0,466.0,389.0,5.0,5.0,57.0,57.0,3660852
PROVENCE ALPES COTE D AZUR,2014-11-26 13:00:00,2014,330,13:00:00,330.54,1634.0,0.0,12.0,72.0,1579.0,58.0,0.0,1725.0,0.0,0.0,2595.0,2270.0,0.0,0.0,45.0,878.0,3168.0,3168.0,170.0,170.0,4983438
BRETAGNE,2017-10-27 01:00:00,2017,300,01:00:00,300.04,8.0,0.0,68.0,0.0,1.0,42.0,-53.0,2181.0,0.0,0.0,868.0,868.0,0.0,0.0,934.0,246.0,270.0,270.0,66.0,66.0,3318904
OCCITANIE,2017-06-08 23:30:00,2017,159,23:30:00,159.98,3.0,2520.0,483.0,0.0,1163.0,75.0,-33.0,-406.0,0.0,0.0,282.0,282.0,2620.0,2620.0,1237.0,1715.0,5475.0,5150.0,140.0,140.0,5845102
PROVENCE ALPES COTE D AZUR,2016-08-16 10:00:00,2016,229,10:00:00,229.42,443.0,0.0,0.0,328.0,886.0,79.0,0.0,2572.0,0.0,0.0,2614.0,2229.0,0.0,0.0,48.0,1046.0,3191.0,3065.0,354.0,354.0,5021928
PROVENCE ALPES COTE D AZUR,2017-02-25 16:30:00,2017,56,16:30:00,56.69,1634.0,0.0,3.0,336.0,290.0,109.0,-51.0,2029.0,0.0,0.0,2630.0,2268.0,0.0,0.0,48.0,1059.0,3193.0,3018.0,354.0,354.0,5030890
BRETAGNE,2013-05-01 19:30:00,2013,121,19:30:00,121.81,1.0,0.0,344.0,13.0,111.0,20.0,0.0,1686.0,0.0,0.0,658.0,658.0,0.0,0.0,716.0,204.0,11.0,11.0,37.0,37.0,3258707
CENTRE VAL DE LOIRE,2020-01-24 18:00:00,2020,24,18:00:00,24.75,113.0,9572.0,33.0,0.0,54.0,55.0,0.0,-6731.0,0.0,0.0,229.0,229.0,11630.0,10912.0,1238.0,350.0,91.0,91.0,86.0,86.0,2574863
NOUVELLE AQUITAINE,2014-05-10 10:30:00,2014,130,10:30:00,130.44,28.0,4800.0,129.0,207.0,493.0,138.0,0.0,-1713.0,0.0,0.0,421.0,421.0,6630.0,6630.0,417.0,1099.0,1770.0,1770.0,220.0,220.0,5879144
BOURGOGNE FRANCHE COMTE,2017-06-04 07:30:00,2017,155,07:30:00,155.31,50.0,0.0,97.0,9.0,63.0,24.0,-66.0,1234.0,0.0,0.0,331.0,331.0,0.0,0.0,605.0,269.0,519.0,519.0,32.0,32.0,2811423
HAUTS DE FRANCE,2021-07-08 18:00:00,2021,189,18:00:00,189.75,1431.0,2596.0,398.0,130.0,2.0,113.0,0.0,438.0,0.0,0.0,2990.0,2990.0,5460.0,5460.0,5477.0,405.0,5.0,5.0,183.0,183.0,5995292
HAUTS DE FRANCE,2016-07-07 19:00:00,2016,189,19:00:00,189.79,226.0,3542.0,75.0,27.0,2.0,105.0,0.0,1411.0,0.0,0.0,2864.0,2722.0,5460.0,4550.0,3077.0,213.0,5.0,5.0,163.0,163.0,6006870
BRETAGNE,2014-03-10 14:30:00,2014,69,14:30:00,69.6,71.0,0.0,95.0,95.0,16.0,38.0,-23.0,2470.0,0.0,0.0,688.0,688.0,0.0,0.0,747.0,209.0,251.0,251.0,50.0,50.0,3276543
OCCITANIE,2015-08-16 03:30:00,2015,228,03:30:00,228.15,-3.0,344.0,303.0,0.0,369.0,91.0,-631.0,1970.0,0.0,0.0,266.0,0.0,2620.0,1310.0,1039.0,1435.0,5455.0,5228.0,137.0,137.0,5774185
HAUTS DE FRANCE,2018-11-29 06:00:00,2018,333,06:00:00,333.25,1430.0,4532.0,2426.0,0.0,1.0,106.0,0.0,-2142.0,0.0,0.0,2967.0,2736.0,5460.0,4626.0,4173.0,234.0,5.0,5.0,177.0,177.0,6004108
CENTRE VAL DE LOIRE,2020-11-22 10:00:00,2020,327,10:00:00,327.42,83.0,9252.0,27.0,80.0,1.0,51.0,0.0,-6987.0,0.0,0.0,229.0,229.0,11630.0,10636.0,1265.0,403.0,92.0,92.0,88.0,88.0,2574863
OCCITANIE,2014-05-04 22:30:00,2014,124,22:30:00,124.94,-5.0,1268.0,124.0,0.0,1500.0,74.0,-8.0,457.0,0.0,0.0,251.0,251.0,2620.0,2620.0,906.0,1225.0,5409.0,5169.0,128.0,128.0,5730753
PAYS DE LA LOIRE,2022-02-06 12:00:00,2022,37,12:00:00,37.5,163.0,0.0,1003.0,66.0,5.0,58.0,0.0,2243.0,0.0,0.0,2068.0,1778.0,0.0,0.0,1133.0,812.0,10.0,10.0,80.0,80.0,3878839
PROVENCE ALPES COTE D AZUR,2022-02-23 07:00:00,2022,54,07:00:00,54.29,968.0,0.0,32.0,0.0,665.0,228.0,0.0,3375.0,0.0,0.0,2724.0,2460.0,0.0,0.0,96.0,1780.0,3266.0,3222.0,357.0,357.0,5150362
PAYS DE LA LOIRE,2022-08-20 15:00:00,2022,232,15:00:00,232.62,0.0,0.0,29.0,568.0,0.0,59.0,0.0,1515.0,0.0,0.0,2068.0,1609.0,0.0,0.0,1675.0,877.0,10.0,10.0,80.0,80.0,3878839
CENTRE VAL DE LOIRE,2015-06-23 08:00:00,2015,174,08:00:00,174.33,1.0,8610.0,89.0,25.0,11.0,43.0,0.0,-6725.0,0.0,0.0,166.0,166.0,11630.0,10727.0,832.0,236.0,91.0,91.0,71.0,71.0,2578592
ILE DE FRANCE,2014-11-17 04:30:00,2014,321,04:30:00,321.19,288.0,0.0,1.0,0.0,7.0,134.0,0.0,6148.0,0.0,0.0,2128.0,1734.0,0.0,0.0,37.0,112.0,19.0,19.0,282.0,282.0,12027565
ILE DE FRANCE,2018-03-16 05:00:00,2018,75,05:00:00,75.21,369.0,0.0,9.0,0.0,0.0,133.0,0.0,6696.0,0.0,0.0,2157.0,2157.0,0.0,0.0,88.0,122.0,20.0,20.0,306.0,306.0,12213447
OCCITANIE,2016-02-02 06:00:00,2016,33,06:00:00,33.25,48.0,1722.0,208.0,0.0,872.0,82.0,-620.0,1797.0,0.0,0.0,266.0,0.0,2620.0,2620.0,1098.0,1512.0,5461.0,5234.0,137.0,137.0,5808435
BRETAGNE,2022-03-29 09:00:00,2022,88,09:00:00,88.38,748.0,0.0,32.0,10.0,6.0,46.0,0.0,1964.0,0.0,0.0,1432.0,1278.0,0.0,0.0,1158.0,363.0,272.0,272.0,82.0,82.0,3414637
CENTRE VAL DE LOIRE,2013-10-03 01:30:00,2013,276,01:30:00,276.06,9.0,6165.0,129.0,0.0,2.0,35.0,0.0,-4671.0,0.0,0.0,162.0,162.0,11630.0,11630.0,725.0,212.0,91.0,91.0,56.0,56.0,2570548
BOURGOGNE FRANCHE COMTE,2021-07-14 15:30:00,2021,195,15:30:00,195.65,24.0,0.0,337.0,56.0,237.0,52.0,0.0,1228.0,0.0,0.0,401.0,401.0,0.0,0.0,955.0,446.0,524.0,524.0,72.0,72.0,2800194
BRETAGNE,2016-04-15 11:30:00,2016,106,11:30:00,106.48,0.0,0.0,659.0,67.0,10.0,31.0,-1.0,2241.0,0.0,0.0,771.0,637.0,0.0,0.0,829.0,225.0,275.0,275.0,56.0,56.0,3306529
BOURGOGNE FRANCHE COMTE,2021-09-05 17:00:00,2021,248,17:00:00,248.71,30.0,0.0,12.0,166.0,20.0,31.0,-66.0,1522.0,0.0,0.0,401.0,401.0,0.0,0.0,969.0,462.0,524.0,524.0,72.0,72.0,2800194
PROVENCE ALPES COTE D AZUR,2020-06-04 19:00:00,2020,156,19:00:00,156.79,1117.0,0.0,27.0,226.0,1876.0,88.0,0.0,566.0,0.0,0.0,2710.0,2279.0,0.0,0.0,48.0,1462.0,3259.0,3259.0,357.0,207.0,5098666
BRETAGNE,2013-04-29 01:30:00,2013,119,01:30:00,119.06,0.0,0.0,44.0,0.0,68.0,18.0,0.0,2108.0,0.0,0.0,658.0,658.0,0.0,0.0,716.0,204.0,11.0,11.0,37.0,37.0,3258707
HAUTS DE FRANCE,2021-11-08 16:00:00,2021,312,16:00:00,312.67,1883.0,2693.0,122.0,34.0,2.0,116.0,0.0,1276.0,0.0,0.0,2990.0,2990.0,5460.0,4550.0,5579.0,433.0,5.0,5.0,190.0,190.0,5995292
AUVERGNE RHONE ALPES,2020-04-14 11:00:00,2020,105,11:00:00,105.46,15.0,7621.0,187.0,615.0,4089.0,106.0,-3.0,-6203.0,0.0,0.0,1034.0,1034.0,13570.0,12636.0,647.0,1258.0,11746.0,11527.0,192.0,192.0,8078652
ILE DE FRANCE,2022-03-25 11:30:00,2022,84,11:30:00,84.48,185.0,0.0,32.0,97.0,10.0,160.0,0.0,7942.0,0.0,0.0,2171.0,2030.0,0.0,0.0,148.0,217.0,20.0,20.0,314.0,314.0,12354286
NORMANDIE,2017-11-20 18:30:00,2017,324,18:30:00,324.77,1082.0,7357.0,366.0,0.0,19.0,58.0,0.0,-4767.0,0.0,0.0,813.0,813.0,10640.0,9432.0,705.0,232.0,31.0,31.0,100.0,100.0,3330478
OCCITANIE,2022-03-24 18:30:00,2022,83,18:30:00,83.77,38.0,1266.0,374.0,124.0,2364.0,102.0,0.0,190.0,0.0,0.0,326.0,326.0,2620.0,1310.0,1593.0,2850.0,5503.0,5458.0,174.0,174.0,6067101
BRETAGNE,2013-10-19 01:30:00,2013,292,01:30:00,292.06,1.0,0.0,175.0,0.0,173.0,26.0,-1.0,1578.0,0.0,0.0,669.0,669.0,0.0,0.0,730.0,206.0,251.0,251.0,48.0,48.0,3258707
PROVENCE ALPES COTE D AZUR,2017-01-01 02:00:00,2017,1,02:00:00,1.08,1366.0,0.0,1.0,0.0,1475.0,98.0,0.0,2945.0,0.0,0.0,2628.0,2310.0,0.0,0.0,48.0,1056.0,3192.0,3192.0,354.0,354.0,5030890
AUVERGNE RHONE ALPES,2021-08-03 05:30:00,2021,215,05:30:00,215.23,8.0,9370.0,63.0,0.0,2759.0,117.0,-674.0,-6754.0,0.0,0.0,1047.0,1047.0,13570.0,12690.0,723.0,1507.0,11771.0,11626.0,208.0,208.0,8114361
HAUTS DE FRANCE,2022-08-02 08:00:00,2022,214,08:00:00,214.33,1419.0,2693.0,274.0,41.0,0.0,104.0,0.0,-85.0,0.0,0.0,2996.0,2903.0,5460.0,4550.0,5850.0,448.0,6.0,6.0,197.0,197.0,5990765
NOUVELLE AQUITAINE,2019-05-09 20:30:00,2019,129,20:30:00,129.85,25.0,5700.0,157.0,46.0,629.0,190.0,0.0,-2047.0,0.0,0.0,538.0,538.0,6630.0,5720.0,999.0,2478.0,1782.0,1673.0,319.0,319.0,6010289
HAUTS DE FRANCE,2021-05-05 18:00:00,2021,125,18:00:00,125.75,635.0,4547.0,2804.0,69.0,2.0,114.0,0.0,-2731.0,0.0,0.0,2990.0,2990.0,5460.0,5460.0,5430.0,381.0,5.0,5.0,182.0,182.0,5995292
CENTRE VAL DE LOIRE,2014-07-12 15:00:00,2014,193,15:00:00,193.62,2.0,9250.0,46.0,65.0,4.0,44.0,0.0,-7722.0,0.0,0.0,162.0,162.0,11630.0,11630.0,801.0,217.0,91.0,91.0,56.0,56.0,2577435
BOURGOGNE FRANCHE COMTE,2013-09-12 12:00:00,2013,255,12:00:00,255.5,28.0,0.0,8.0,59.0,250.0,19.0,0.0,2283.0,0.0,0.0,301.0,301.0,0.0,0.0,204.0,240.0,480.0,480.0,25.0,25.0,2819783
BOURGOGNE FRANCHE COMTE,2022-05-11 07:30:00,2022,131,07:30:00,131.31,17.0,0.0,473.0,30.0,207.0,29.0,0.0,1281.0,0.0,0.0,401.0,401.0,0.0,0.0,1049.0,529.0,524.0,524.0,75.0,75.0,2797366
CENTRE VAL DE LOIRE,2018-01-13 01:00:00,2018,13,01:00:00,13.04,125.0,10327.0,123.0,0.0,53.0,61.0,0.0,-8033.0,0.0,0.0,216.0,216.0,11630.0,10320.0,996.0,279.0,91.0,91.0,76.0,76.0,2572853
OCCITANIE,2013-03-19 09:00:00,2013,78,09:00:00,78.38,81.0,2603.0,8.0,159.0,2577.0,72.0,0.0,356.0,0.0,0.0,245.0,245.0,2620.0,2620.0,861.0,1049.0,5375.0,5375.0,126.0,126.0,5683878
PAYS DE LA LOIRE,2015-10-04 21:30:00,2015,277,21:30:00,277.9,455.0,0.0,213.0,0.0,0.0,43.0,0.0,1651.0,0.0,0.0,1867.0,1217.0,0.0,0.0,560.0,455.0,7.0,7.0,61.0,61.0,3718512
HAUTS DE FRANCE,2022-02-16 04:30:00,2022,47,04:30:00,47.19,534.0,3221.0,4535.0,0.0,3.0,129.0,0.0,-2972.0,0.0,0.0,2990.0,2990.0,5460.0,4626.0,5702.0,438.0,5.0,5.0,190.0,190.0,5990765
NORMANDIE,2021-02-27 01:00:00,2021,58,01:00:00,58.04,669.0,7608.0,89.0,0.0,11.0,63.0,0.0,-4940.0,0.0,0.0,852.0,852.0,10640.0,9797.0,842.0,278.0,31.0,31.0,146.0,146.0,3327966
NORMANDIE,2020-12-05 17:00:00,2020,340,17:00:00,340.71,375.0,5101.0,420.0,0.0,21.0,61.0,0.0,-2098.0,0.0,0.0,852.0,272.0,10640.0,9310.0,831.0,272.0,31.0,31.0,116.0,116.0,3325522
PROVENCE ALPES COTE D AZUR,2017-08-22 15:30:00,2017,234,15:30:00,234.65,709.0,0.0,7.0,718.0,470.0,97.0,0.0,2826.0,0.0,0.0,2630.0,2250.0,0.0,0.0,48.0,1152.0,3220.0,3016.0,354.0,354.0,5030890
AUVERGNE RHONE ALPES,2020-01-19 00:30:00,2020,19,00:30:00,19.02,214.0,10680.0,204.0,0.0,3069.0,145.0,-5.0,-5381.0,0.0,0.0,1032.0,1032.0,13570.0,12658.0,647.0,1234.0,11741.0,11589.0,191.0,191.0,8078652
ILE DE FRANCE,2013-10-27 12:00:00,2013,300,12:00:00,300.5,0.0,0.0,16.0,25.0,0.0,126.0,0.0,7150.0,0.0,0.0,2121.0,2121.0,0.0,0.0,37.0,109.0,19.0,19.0,282.0,282.0,11959807
BRETAGNE,2017-03-27 01:30:00,2017,86,01:30:00,86.06,203.0,0.0,319.0,0.0,207.0,40.0,-1.0,1608.0,0.0,0.0,848.0,848.0,0.0,0.0,887.0,234.0,275.0,275.0,61.0,61.0,3318904
PAYS DE LA LOIRE,2022-07-31 08:30:00,2022,212,08:30:00,212.35,0.0,0.0,21.0,85.0,0.0,62.0,0.0,1677.0,0.0,0.0,2068.0,1609.0,0.0,0.0,1662.0,865.0,10.0,10.0,80.0,80.0,3878839
PROVENCE ALPES COTE D AZUR,2019-03-25 02:00:00,2019,84,02:00:00,84.08,195.0,0.0,24.0,0.0,509.0,100.0,-51.0,3262.0,0.0,0.0,2674.0,2296.0,0.0,0.0,48.0,1337.0,3241.0,3115.0,357.0,207.0,5081101
NORMANDIE,2022-04-07 02:30:00,2022,97,02:30:00,97.1,293.0,4699.0,711.0,0.0,15.0,76.0,0.0,-2510.0,0.0,0.0,852.0,852.0,10640.0,9391.0,920.0,309.0,31.0,31.0,148.0,148.0,3327604
CENTRE VAL DE LOIRE,2017-10-21 05:30:00,2017,294,05:30:00,294.23,2.0,6000.0,684.0,0.0,0.0,68.0,0.0,-5249.0,0.0,0.0,210.0,210.0,11630.0,10655.0,963.0,276.0,91.0,91.0,76.0,76.0,2576252
GRAND EST,2013-03-10 19:30:00,2013,69,19:30:00,69.81,658.0,8708.0,192.0,0.0,1509.0,61.0,0.0,-5530.0,0.0,0.0,3398.0,3398.0,10820.0,10820.0,1831.0,501.0,2280.0,2280.0,86.0,86.0,5552388
OCCITANIE,2017-12-16 10:00:00,2017,350,10:00:00,350.42,84.0,2482.0,706.0,276.0,1058.0,92.0,-38.0,1230.0,0.0,0.0,291.0,291.0,2620.0,2620.0,1321.0,1789.0,5481.0,5158.0,145.0,145.0,5845102
AUVERGNE RHONE ALPES,2014-02-05 15:30:00,2014,36,15:30:00,36.65,183.0,12175.0,172.0,68.0,5268.0,102.0,-249.0,-7785.0,0.0,0.0,934.0,934.0,13570.0,13570.0,347.0,787.0,11132.0,11132.0,140.0,140.0,7820966
NOUVELLE AQUITAINE,2017-07-06 15:30:00,2017,187,15:30:00,187.65,41.0,4137.0,63.0,1069.0,258.0,152.0,0.0,-498.0,0.0,0.0,465.0,465.0,6630.0,5281.0,742.0,1973.0,1780.0,1669.0,306.0,306.0,5956978
HAUTS DE FRANCE,2018-02-28 00:00:00,2018,59,00:00:00,59.0,2128.0,5442.0,853.0,0.0,2.0,128.0,0.0,-220.0,0.0,0.0,2922.0,2922.0,5460.0,4550.0,3819.0,217.0,5.0,5.0,170.0,170.0,6004108
NOUVELLE AQUITAINE,2015-11-24 07:30:00,2015,328,07:30:00,328.31,143.0,6573.0,115.0,-1.0,335.0,163.0,0.0,280.0,0.0,0.0,429.0,429.0,6630.0,6490.0,534.0,1774.0,1778.0,1778.0,258.0,258.0,5911482
PROVENCE ALPES COTE D AZUR,2022-03-31 22:00:00,2022,90,22:00:00,90.92,1361.0,0.0,39.0,0.0,609.0,115.0,0.0,2416.0,0.0,0.0,2724.0,2460.0,0.0,0.0,96.0,1814.0,3266.0,3124.0,357.0,357.0,5150362
PROVENCE ALPES COTE D AZUR,2014-03-04 01:30:00,2014,63,01:30:00,63.06,433.0,0.0,19.0,0.0,1457.0,63.0,0.0,3888.0,0.0,0.0,2592.0,2318.0,0.0,0.0,45.0,795.0,3160.0,3160.0,164.0,164.0,4983438
PROVENCE ALPES COTE D AZUR,2021-01-05 00:00:00,2021,5,00:00:00,5.0,1809.0,0.0,3.0,0.0,982.0,99.0,0.0,3867.0,0.0,0.0,2715.0,2386.0,0.0,0.0,96.0,1542.0,3266.0,3235.0,357.0,357.0,5127840
CENTRE VAL DE LOIRE,2013-02-03 09:00:00,2013,34,09:00:00,34.38,86.0,10447.0,58.0,1.0,34.0,25.0,0.0,-7890.0,0.0,0.0,157.0,157.0,11630.0,11630.0,662.0,208.0,91.0,91.0,41.0,41.0,2570548
OCCITANIE,2017-04-17 09:30:00,2017,107,09:30:00,107.4,2.0,1794.0,312.0,521.0,1097.0,79.0,-851.0,384.0,0.0,0.0,282.0,282.0,2620.0,1482.0,1194.0,1705.0,5475.0,5020.0,140.0,140.0,5845102
HAUTS DE FRANCE,2021-10-01 12:00:00,2021,274,12:00:00,274.5,264.0,2492.0,2955.0,122.0,1.0,111.0,0.0,58.0,0.0,0.0,2990.0,2990.0,5460.0,4550.0,5579.0,408.0,5.0,5.0,183.0,183.0,5995292
NORMANDIE,2021-10-31 13:00:00,2021,304,13:00:00,304.54,140.0,5551.0,681.0,36.0,9.0,95.0,0.0,-3545.0,0.0,0.0,852.0,852.0,10640.0,9472.0,878.0,300.0,31.0,31.0,148.0,148.0,3327966
OCCITANIE,2019-05-15 15:00:00,2019,135,15:00:00,135.62,0.0,2566.0,224.0,1477.0,1108.0,85.0,-459.0,-1159.0,0.0,0.0,307.0,307.0,2620.0,1610.0,1559.0,2032.0,5489.0,5321.0,146.0,146.0,5933185
PAYS DE LA LOIRE,2018-09-19 20:30:00,2018,262,20:30:00,262.85,579.0,0.0,105.0,0.0,0.0,45.0,0.0,2101.0,0.0,0.0,1976.0,1722.0,0.0,0.0,827.0,550.0,8.0,8.0,70.0,70.0,3781423
PROVENCE ALPES COTE D AZUR,2020-12-31 01:30:00,2020,366,01:30:00,366.06,373.0,0.0,17.0,0.0,531.0,101.0,0.0,5117.0,0.0,0.0,2715.0,2438.0,0.0,0.0,96.0,1542.0,3266.0,3235.0,357.0,357.0,5098666
BRETAGNE,2021-03-11 19:00:00,2021,70,19:00:00,70.79,243.0,0.0,768.0,1.0,10.0,54.0,-1.0,2164.0,0.0,0.0,982.0,982.0,0.0,0.0,1052.0,309.0,272.0,272.0,81.0,81.0,3394567
AUVERGNE RHONE ALPES,2018-09-06 11:00:00,2018,249,11:00:00,249.46,397.0,9905.0,7.0,108.0,2691.0,112.0,-18.0,-5460.0,0.0,0.0,1000.0,599.0,13570.0,12680.0,585.0,1096.0,11262.0,11054.0,180.0,180.0,7994459
CENTRE VAL DE LOIRE,2013-03-03 04:00:00,2013,62,04:00:00,62.17,84.0,9797.0,76.0,0.0,15.0,28.0,0.0,-7323.0,0.0,0.0,157.0,157.0,11630.0,11630.0,662.0,208.0,91.0,91.0,49.0,49.0,2570548
NOUVELLE AQUITAINE,2017-11-20 19:30:00,2017,324,19:30:00,324.81,210.0,6743.0,28.0,-1.0,456.0,185.0,0.0,-696.0,0.0,0.0,473.0,473.0,6630.0,6630.0,882.0,2127.0,1780.0,1780.0,307.0,307.0,5956978
AUVERGNE RHONE ALPES,2013-11-26 12:00:00,2013,330,12:00:00,330.5,265.0,10180.0,101.0,144.0,4014.0,84.0,-6.0,-4538.0,0.0,0.0,926.0,926.0,13570.0,12655.0,335.0,743.0,11125.0,10973.0,125.0,125.0,7757595
HAUTS DE FRANCE,2019-07-03 12:30:00,2019,184,12:30:00,184.52,1145.0,3001.0,964.0,107.0,0.0,126.0,0.0,269.0,0.0,0.0,2969.0,2886.0,5460.0,4695.0,4531.0,237.0,5.0,5.0,178.0,178.0,6004947
AUVERGNE RHONE ALPES,2014-12-01 15:00:00,2014,335,15:00:00,335.62,583.0,10715.0,71.0,35.0,4184.0,113.0,-7.0,-6036.0,0.0,0.0,940.0,940.0,13570.0,12655.0,347.0,844.0,11165.0,11013.0,141.0,141.0,7820966
AUVERGNE RHONE ALPES,2019-10-10 10:00:00,2019,283,10:00:00,283.42,507.0,10344.0,109.0,211.0,3330.0,86.0,-5.0,-6939.0,0.0,0.0,1027.0,1027.0,13570.0,12550.0,635.0,1197.0,11632.0,11436.0,191.0,191.0,8042936
BRETAGNE,2020-02-23 03:30:00,2020,54,03:30:00,54.15,260.0,0.0,653.0,0.0,41.0,51.0,-1.0,1381.0,0.0,0.0,978.0,978.0,0.0,0.0,1021.0,279.0,272.0,272.0,78.0,78.0,3373835
AUVERGNE RHONE ALPES,2014-05-14 12:00:00,2014,134,12:00:00,134.5,29.0,9278.0,124.0,243.0,4170.0,77.0,-7.0,-5734.0,0.0,0.0,938.0,938.0,13570.0,13570.0,347.0,804.0,11141.0,10989.0,140.0,140.0,7820966
OCCITANIE,2022-06-20 22:00:00,2022,171,22:00:00,171.92,0.0,1225.0,493.0,0.0,614.0,54.0,-25.0,1406.0,0.0,0.0,326.0,326.0,2620.0,1310.0,1593.0,2955.0,5503.0,5320.0,174.0,174.0,6067101
PAYS DE LA LOIRE,2019-07-06 14:00:00,2019,187,14:00:00,187.58,13.0,0.0,22.0,336.0,0.0,50.0,0.0,2065.0,0.0,0.0,2037.0,1674.0,0.0,0.0,926.0,589.0,8.0,8.0,71.0,71.0,3806461
OCCITANIE,2018-03-07 14:30:00,2018,66,14:30:00,66.6,78.0,2489.0,853.0,864.0,1858.0,96.0,0.0,-674.0,0.0,0.0,291.0,291.0,2620.0,2620.0,1365.0,1837.0,5482.0,5027.0,145.0,145.0,5885496
PROVENCE ALPES COTE D AZUR,2013-05-30 12:30:00,2013,150,12:30:00,150.52,214.0,0.0,13.0,429.0,2299.0,32.0,0.0,1898.0,0.0,0.0,2590.0,2528.0,0.0,0.0,45.0,694.0,3158.0,3158.0,151.0,151.0,4953675
HAUTS DE FRANCE,2013-07-31 10:00:00,2013,212,10:00:00,212.42,307.0,4405.0,189.0,26.0,0.0,64.0,0.0,91.0,0.0,0.0,2268.0,2268.0,5460.0,4550.0,2193.0,210.0,5.0,5.0,139.0,139.0,5987883
PAYS DE LA LOIRE,2020-02-21 07:00:00,2020,52,07:00:00,52.29,484.0,0.0,68.0,0.0,5.0,52.0,0.0,3879.0,0.0,0.0,2050.0,1769.0,0.0,0.0,989.0,629.0,10.0,10.0,76.0,76.0,3832120
BRETAGNE,2019-10-03 19:30:00,2019,276,19:30:00,276.81,1.0,0.0,449.0,0.0,124.0,47.0,-1.0,1888.0,0.0,0.0,969.0,835.0,0.0,0.0,1021.0,269.0,272.0,272.0,74.0,74.0,3354854
BOURGOGNE FRANCHE COMTE,2014-11-03 20:30:00,2014,307,20:30:00,307.85,111.0,0.0,194.0,0.0,28.0,20.0,0.0,2356.0,0.0,0.0,325.0,80.0,0.0,0.0,316.0,252.0,509.0,509.0,28.0,28.0,2820623
CENTRE VAL DE LOIRE,2018-09-14 06:30:00,2018,257,06:30:00,257.27,25.0,7243.0,118.0,0.0,0.0,70.0,0.0,-5808.0,0.0,0.0,218.0,218.0,11630.0,10720.0,1060.0,299.0,91.0,91.0,76.0,76.0,2572853
BOURGOGNE FRANCHE COMTE,2015-05-16 18:30:00,2015,136,18:30:00,136.77,25.0,0.0,40.0,35.0,81.0,24.0,0.0,1689.0,0.0,0.0,325.0,80.0,0.0,0.0,344.0,254.0,510.0,510.0,29.0,29.0,2820940
BRETAGNE,2021-01-09 13:00:00,2021,9,13:00:00,9.54,252.0,0.0,176.0,106.0,20.0,47.0,-1.0,3544.0,0.0,0.0,982.0,982.0,0.0,0.0,1052.0,296.0,272.0,272.0,81.0,81.0,3394567
NOUVELLE AQUITAINE,2021-10-11 13:00:00,2021,284,13:00:00,284.54,53.0,4279.0,379.0,1991.0,84.0,142.0,0.0,-1912.0,0.0,0.0,578.0,578.0,6630.0,5135.0,1368.0,3282.0,1784.0,1784.0,354.0,354.0,6069352
PAYS DE LA LOIRE,2014-02-01 12:30:00,2014,32,12:30:00,32.52,147.0,0.0,199.0,91.0,3.0,39.0,0.0,3434.0,0.0,0.0,1864.0,1864.0,0.0,0.0,518.0,401.0,6.0,6.0,58.0,58.0,3690833
NORMANDIE,2014-05-21 16:30:00,2014,141,16:30:00,141.69,230.0,8518.0,34.0,14.0,22.0,61.0,0.0,-5954.0,0.0,0.0,761.0,181.0,10640.0,10640.0,473.0,212.0,24.0,24.0,89.0,89.0,3335645
GRAND EST,2015-02-28 13:30:00,2015,59,13:30:00,59.56,238.0,7324.0,563.0,246.0,874.0,92.0,0.0,-3520.0,0.0,0.0,3400.0,3104.0,10820.0,9575.0,2352.0,523.0,2284.0,2284.0,108.0,108.0,5559051
GRAND EST,2019-10-27 00:00:00,2019,300,00:00:00,300.0,450.0,8431.0,1989.0,0.0,917.0,126.0,0.0,-7533.0,0.0,0.0,3531.0,3057.0,10820.0,9722.0,3477.0,604.0,2303.0,2090.0,174.0,174.0,5556219
NOUVELLE AQUITAINE,2014-11-04 18:00:00,2014,308,18:00:00,308.75,123.0,5117.0,11.0,0.0,382.0,156.0,0.0,-566.0,0.0,0.0,427.0,427.0,6630.0,5720.0,459.0,1322.0,1773.0,1773.0,223.0,223.0,5879144
NOUVELLE AQUITAINE,2014-10-15 16:30:00,2014,288,16:30:00,288.69,20.0,4166.0,114.0,158.0,191.0,137.0,0.0,-343.0,0.0,0.0,421.0,421.0,6630.0,5720.0,459.0,1276.0,1772.0,1772.0,223.0,223.0,5879144
NOUVELLE AQUITAINE,2019-06-09 13:00:00,2019,160,13:00:00,160.54,21.0,3927.0,135.0,1608.0,346.0,175.0,0.0,-2072.0,0.0,0.0,538.0,538.0,6630.0,5369.0,1008.0,2494.0,1782.0,1672.0,319.0,319.0,6010289
AUVERGNE RHONE ALPES,2016-02-10 07:00:00,2016,41,07:00:00,41.29,221.0,12522.0,184.0,0.0,5447.0,121.0,-90.0,-8554.0,0.0,0.0,952.0,952.0,13570.0,13042.0,384.0,896.0,11204.0,11048.0,170.0,170.0,7916889
HAUTS DE FRANCE,2018-01-06 21:30:00,2018,6,21:30:00,6.9,445.0,5444.0,1115.0,0.0,1.0,122.0,0.0,-295.0,0.0,0.0,2913.0,2682.0,5460.0,5460.0,3799.0,217.0,5.0,5.0,170.0,170.0,6004108
NORMANDIE,2017-12-06 00:30:00,2017,340,00:30:00,340.02,518.0,8988.0,75.0,0.0,16.0,58.0,0.0,-5862.0,0.0,0.0,813.0,233.0,10640.0,9694.0,705.0,233.0,31.0,31.0,100.0,100.0,3330478
CENTRE VAL DE LOIRE,2013-09-24 12:30:00,2013,267,12:30:00,267.52,6.0,6085.0,0.0,111.0,0.0,29.0,0.0,-4210.0,0.0,0.0,162.0,162.0,11630.0,11630.0,725.0,212.0,91.0,91.0,56.0,56.0,2570548
CENTRE VAL DE LOIRE,2018-09-10 08:30:00,2018,253,08:30:00,253.35,13.0,7876.0,30.0,20.0,0.0,69.0,0.0,-6113.0,0.0,0.0,218.0,218.0,11630.0,10699.0,1060.0,299.0,91.0,91.0,76.0,76.0,2572853
BRETAGNE,2022-06-29 04:00:00,2022,180,04:00:00,180.17,436.0,0.0,161.0,0.0,103.0,49.0,-1.0,896.0,0.0,0.0,1432.0,1331.0,0.0,0.0,1191.0,374.0,272.0,272.0,82.0,82.0,3414637
AUVERGNE RHONE ALPES,2019-11-07 01:00:00,2019,311,01:00:00,311.04,222.0,9916.0,130.0,0.0,3607.0,124.0,-7.0,-6814.0,0.0,0.0,1032.0,1032.0,13570.0,12603.0,635.0,1214.0,11644.0,11475.0,191.0,191.0,8042936
AUVERGNE RHONE ALPES,2020-06-20 11:30:00,2020,172,11:30:00,172.48,355.0,7155.0,102.0,638.0,3259.0,112.0,-179.0,-5446.0,0.0,0.0,1034.0,1034.0,13570.0,12567.0,647.0,1270.0,11746.0,11552.0,192.0,192.0,8078652
NORMANDIE,2022-07-02 04:00:00,2022,183,04:00:00,183.17,172.0,3467.0,44.0,0.0,11.0,79.0,0.0,-1780.0,0.0,0.0,852.0,852.0,10640.0,9371.0,933.0,314.0,31.0,31.0,149.0,149.0,3327604
PROVENCE ALPES COTE D AZUR,2014-07-30 22:30:00,2014,211,22:30:00,211.94,104.0,0.0,34.0,0.0,1271.0,65.0,0.0,2932.0,0.0,0.0,2592.0,2268.0,0.0,0.0,45.0,871.0,3165.0,3165.0,170.0,170.0,4983438
HAUTS DE FRANCE,2016-09-01 02:30:00,2016,245,02:30:00,245.1,1433.0,2833.0,148.0,0.0,1.0,104.0,0.0,-15.0,0.0,0.0,2864.0,2727.0,5460.0,4676.0,3098.0,213.0,5.0,5.0,163.0,163.0,6006870
GRAND EST,2013-12-18 20:30:00,2013,352,20:30:00,352.85,2839.0,11071.0,1349.0,0.0,621.0,59.0,-18.0,-9038.0,0.0,0.0,3398.0,3203.0,10820.0,10820.0,1965.0,507.0,2282.0,2282.0,94.0,94.0,5552388
BOURGOGNE FRANCHE COMTE,2022-07-25 23:30:00,2022,206,23:30:00,206.98,0.0,0.0,308.0,0.0,62.0,54.0,0.0,1518.0,0.0,0.0,401.0,401.0,0.0,0.0,1049.0,593.0,524.0,524.0,75.0,75.0,2797366
BRETAGNE,2021-01-04 02:00:00,2021,4,02:00:00,4.08,249.0,0.0,89.0,0.0,146.0,52.0,-1.0,3153.0,0.0,0.0,981.0,981.0,0.0,0.0,1047.0,296.0,272.0,272.0,81.0,81.0,3394567
AUVERGNE RHONE ALPES,2019-03-14 03:30:00,2019,73,03:30:00,73.15,194.0,10060.0,181.0,0.0,2778.0,129.0,-1807.0,-3367.0,0.0,0.0,1027.0,1027.0,13570.0,12781.0,607.0,1131.0,11241.0,11008.0,189.0,189.0,8042936
CENTRE VAL DE LOIRE,2013-04-11 11:00:00,2013,101,11:00:00,101.46,9.0,8515.0,167.0,23.0,34.0,13.0,0.0,-6015.0,0.0,0.0,157.0,157.0,11630.0,11630.0,662.0,209.0,91.0,91.0,49.0,49.0,2570548
HAUTS DE FRANCE,2016-06-04 01:30:00,2016,156,01:30:00,156.06,296.0,4430.0,123.0,0.0,2.0,107.0,0.0,436.0,0.0,0.0,2864.0,2864.0,5460.0,4550.0,2983.0,213.0,5.0,5.0,163.0,163.0,6006870
PROVENCE ALPES COTE D AZUR,2021-11-24 07:30:00,2021,328,07:30:00,328.31,1533.0,0.0,4.0,0.0,1375.0,71.0,0.0,2173.0,0.0,0.0,2724.0,2460.0,0.0,0.0,96.0,1708.0,3266.0,3222.0,357.0,357.0,5127840
BOURGOGNE FRANCHE COMTE,2017-11-30 22:00:00,2017,334,22:00:00,334.92,168.0,0.0,80.0,0.0,80.0,26.0,0.0,3072.0,0.0,0.0,356.0,356.0,0.0,0.0,676.0,295.0,520.0,520.0,35.0,35.0,2811423
PAYS DE LA LOIRE,2016-10-11 20:30:00,2016,285,20:30:00,285.85,406.0,0.0,172.0,0.0,0.0,47.0,0.0,2669.0,0.0,0.0,1880.0,1258.0,0.0,0.0,687.0,480.0,8.0,8.0,63.0,63.0,3737632
NORMANDIE,2022-06-11 21:00:00,2022,162,21:00:00,162.88,179.0,3777.0,51.0,8.0,8.0,93.0,0.0,-1845.0,0.0,0.0,852.0,852.0,10640.0,9310.0,933.0,313.0,31.0,31.0,149.0,149.0,3327604
NOUVELLE AQUITAINE,2015-05-22 13:00:00,2015,142,13:00:00,142.54,16.0,2388.0,26.0,804.0,606.0,163.0,0.0,1131.0,0.0,0.0,427.0,427.0,6630.0,5766.0,488.0,1503.0,1775.0,1670.0,239.0,239.0,5911482
OCCITANIE,2019-06-12 00:00:00,2019,163,00:00:00,163.0,0.0,2375.0,524.0,0.0,1062.0,84.0,-54.0,-155.0,0.0,0.0,307.0,307.0,2620.0,2620.0,1559.0,2054.0,5489.0,5312.0,146.0,146.0,5933185
HAUTS DE FRANCE,2018-09-14 05:30:00,2018,257,05:30:00,257.23,828.0,2621.0,70.0,0.0,0.0,130.0,0.0,875.0,0.0,0.0,2922.0,2718.0,5460.0,4550.0,4016.0,229.0,5.0,5.0,171.0,171.0,6004108
OCCITANIE,2022-12-03 08:30:00,2022,337,08:30:00,337.35,78.0,1289.0,103.0,13.0,395.0,105.0,-839.0,3914.0,0.0,0.0,326.0,326.0,2620.0,1310.0,1654.0,3109.0,5505.0,5505.0,175.0,175.0,6067101
CENTRE VAL DE LOIRE,2017-09-10 04:30:00,2017,253,04:30:00,253.19,0.0,6252.0,186.0,0.0,1.0,63.0,0.0,-5359.0,0.0,0.0,198.0,198.0,11630.0,10695.0,963.0,274.0,91.0,91.0,76.0,76.0,2576252
NOUVELLE AQUITAINE,2020-06-15 22:30:00,2020,167,22:30:00,167.94,21.0,2134.0,140.0,0.0,424.0,194.0,0.0,1009.0,0.0,0.0,571.0,571.0,6630.0,5549.0,1146.0,2686.0,1783.0,1672.0,341.0,341.0,6033952
BRETAGNE,2019-07-31 04:30:00,2019,212,04:30:00,212.19,1.0,0.0,175.0,0.0,0.0,52.0,-1.0,1349.0,0.0,0.0,960.0,960.0,0.0,0.0,1021.0,267.0,270.0,270.0,74.0,74.0,3354854
PROVENCE ALPES COTE D AZUR,2014-08-27 15:30:00,2014,239,15:30:00,239.65,508.0,0.0,6.0,536.0,1168.0,68.0,0.0,2475.0,0.0,0.0,2592.0,2268.0,0.0,0.0,45.0,872.0,3165.0,3165.0,170.0,170.0,4983438
HAUTS DE FRANCE,2017-12-17 04:00:00,2017,351,04:00:00,351.17,1520.0,4466.0,235.0,0.0,2.0,125.0,0.0,-215.0,0.0,0.0,2913.0,2913.0,5460.0,4550.0,3789.0,217.0,5.0,5.0,170.0,170.0,6003815
ILE DE FRANCE,2017-03-09 09:00:00,2017,68,09:00:00,68.38,408.0,0.0,26.0,1.0,0.0,121.0,0.0,9414.0,0.0,0.0,2149.0,1640.0,0.0,0.0,73.0,116.0,19.0,19.0,301.0,301.0,12174880
NORMANDIE,2015-06-05 17:30:00,2015,156,17:30:00,156.73,455.0,6310.0,148.0,51.0,17.0,54.0,0.0,-4168.0,0.0,0.0,761.0,181.0,10640.0,9310.0,522.0,215.0,24.0,24.0,94.0,94.0,3339131
NOUVELLE AQUITAINE,2015-05-17 05:30:00,2015,137,05:30:00,137.23,15.0,1454.0,16.0,0.0,420.0,161.0,0.0,838.0,0.0,0.0,427.0,427.0,6630.0,5525.0,479.0,1489.0,1775.0,1670.0,239.0,239.0,5911482
AUVERGNE RHONE ALPES,2018-03-11 11:30:00,2018,70,11:30:00,70.48,155.0,8314.0,267.0,269.0,3408.0,130.0,-1156.0,-3643.0,0.0,0.0,1000.0,1000.0,13570.0,12554.0,568.0,1025.0,11254.0,11064.0,179.0,179.0,7994459
PROVENCE ALPES COTE D AZUR,2015-05-09 03:30:00,2015,129,03:30:00,129.15,200.0,0.0,7.0,0.0,1139.0,73.0,0.0,1845.0,0.0,0.0,2610.0,2241.0,0.0,0.0,45.0,913.0,3168.0,3168.0,183.0,183.0,5007977
AUVERGNE RHONE ALPES,2022-05-05 01:30:00,2022,125,01:30:00,125.06,52.0,7051.0,41.0,0.0,2743.0,125.0,-5.0,-4082.0,0.0,0.0,1048.0,647.0,13570.0,12678.0,723.0,1683.0,11781.0,11609.0,208.0,208.0,8155762
OCCITANIE,2022-07-16 02:30:00,2022,197,02:30:00,197.1,0.0,298.0,60.0,1.0,510.0,102.0,-627.0,3162.0,0.0,0.0,326.0,326.0,2620.0,1385.0,1593.0,2992.0,5503.0,5345.0,174.0,174.0,6067101
OCCITANIE,2014-05-21 12:30:00,2014,141,12:30:00,141.52,-5.0,1245.0,615.0,366.0,1775.0,72.0,-46.0,98.0,0.0,0.0,251.0,251.0,2620.0,2620.0,906.0,1236.0,5409.0,5169.0,128.0,128.0,5730753
CENTRE VAL DE LOIRE,2019-07-12 21:00:00,2019,193,21:00:00,193.88,0.0,5510.0,236.0,6.0,0.0,60.0,0.0,-3962.0,0.0,0.0,229.0,229.0,11630.0,10651.0,1168.0,316.0,91.0,91.0,85.0,85.0,2573180
BOURGOGNE FRANCHE COMTE,2016-10-29 19:30:00,2016,303,19:30:00,303.81,65.0,0.0,144.0,0.0,37.0,19.0,0.0,2290.0,0.0,0.0,329.0,329.0,0.0,0.0,516.0,265.0,516.0,231.0,31.0,31.0,2818338
CENTRE VAL DE LOIRE,2020-06-10 19:00:00,2020,162,19:00:00,162.79,12.0,5632.0,248.0,31.0,24.0,58.0,0.0,-4142.0,0.0,0.0,229.0,229.0,11630.0,10661.0,1256.0,365.0,92.0,92.0,86.0,86.0,2574863
BOURGOGNE FRANCHE COMTE,2013-02-21 01:30:00,2013,52,01:30:00,52.06,399.0,0.0,31.0,0.0,129.0,14.0,0.0,2475.0,0.0,0.0,301.0,301.0,0.0,0.0,204.0,227.0,480.0,480.0,24.0,24.0,2819783
ILE DE FRANCE,2020-02-13 04:30:00,2020,44,04:30:00,44.19,314.0,0.0,47.0,0.0,3.0,104.0,0.0,7137.0,0.0,0.0,2170.0,2170.0,0.0,0.0,108.0,144.0,20.0,20.0,314.0,314.0,12271794
NORMANDIE,2021-11-05 01:00:00,2021,309,01:00:00,309.04,300.0,7466.0,208.0,0.0,1.0,88.0,0.0,-4771.0,0.0,0.0,852.0,852.0,10640.0,9472.0,878.0,303.0,31.0,31.0,148.0,148.0,3327966
AUVERGNE RHONE ALPES,2017-04-26 05:00:00,2017,116,05:00:00,116.21,416.0,9642.0,16.0,0.0,1409.0,90.0,-1462.0,-3358.0,0.0,0.0,985.0,985.0,13570.0,12559.0,486.0,946.0,11239.0,11033.0,178.0,178.0,7948287
GRAND EST,2013-09-04 10:00:00,2013,247,10:00:00,247.42,2425.0,8576.0,77.0,172.0,1123.0,41.0,0.0,-7089.0,0.0,0.0,3398.0,3148.0,10820.0,10820.0,1943.0,506.0,2280.0,2280.0,93.0,93.0,5552388
CENTRE VAL DE LOIRE,2014-07-12 09:30:00,2014,193,09:30:00,193.4,2.0,9071.0,0.0,25.0,13.0,45.0,0.0,-7543.0,0.0,0.0,162.0,162.0,11630.0,11352.0,801.0,217.0,91.0,91.0,56.0,56.0,2577435
NOUVELLE AQUITAINE,2020-07-31 19:30:00,2020,213,19:30:00,213.81,13.0,4059.0,111.0,517.0,144.0,177.0,0.0,-152.0,0.0,0.0,571.0,571.0,6630.0,5525.0,1166.0,2697.0,1783.0,1672.0,341.0,341.0,6033952
NORMANDIE,2016-04-09 22:00:00,2016,100,22:00:00,100.92,865.0,6262.0,28.0,0.0,17.0,35.0,0.0,-3650.0,0.0,0.0,773.0,773.0,10640.0,9501.0,563.0,217.0,31.0,31.0,95.0,95.0,3335929
NOUVELLE AQUITAINE,2013-10-10 06:00:00,2013,283,06:00:00,283.25,59.0,5670.0,70.0,0.0,191.0,105.0,0.0,-2563.0,0.0,0.0,421.0,421.0,6630.0,6630.0,364.0,1001.0,1760.0,1760.0,213.0,213.0,5844177
CENTRE VAL DE LOIRE,2017-09-22 14:30:00,2017,265,14:30:00,265.6,0.0,6380.0,15.0,147.0,0.0,53.0,0.0,-4686.0,0.0,0.0,198.0,198.0,11630.0,10695.0,963.0,275.0,91.0,91.0,76.0,76.0,2576252
BOURGOGNE FRANCHE COMTE,2022-05-31 11:30:00,2022,151,11:30:00,151.48,21.0,0.0,88.0,299.0,19.0,50.0,0.0,1809.0,0.0,0.0,401.0,401.0,0.0,0.0,1049.0,533.0,524.0,524.0,75.0,75.0,2797366
PROVENCE ALPES COTE D AZUR,2014-03-26 02:30:00,2014,85,02:30:00,85.1,230.0,0.0,0.0,0.0,1406.0,71.0,0.0,3255.0,0.0,0.0,2592.0,2318.0,0.0,0.0,45.0,813.0,3160.0,3160.0,169.0,169.0,4983438
PROVENCE ALPES COTE D AZUR,2018-01-28 19:00:00,2018,28,19:00:00,28.79,207.0,0.0,19.0,0.0,1132.0,102.0,0.0,4157.0,0.0,0.0,2651.0,2345.0,0.0,0.0,48.0,1222.0,3227.0,3227.0,357.0,357.0,5052832
ILE DE FRANCE,2019-01-27 10:00:00,2019,27,10:00:00,27.42,508.0,0.0,51.0,2.0,9.0,158.0,0.0,8763.0,0.0,0.0,2169.0,2169.0,0.0,0.0,88.0,124.0,20.0,20.0,306.0,306.0,12262544
BOURGOGNE FRANCHE COMTE,2016-08-19 01:00:00,2016,232,01:00:00,232.04,24.0,0.0,21.0,0.0,83.0,23.0,0.0,1492.0,0.0,0.0,329.0,329.0,0.0,0.0,446.0,264.0,513.0,513.0,31.0,31.0,2818338
BOURGOGNE FRANCHE COMTE,2016-05-15 21:30:00,2016,136,21:30:00,136.9,23.0,0.0,5.0,0.0,149.0,17.0,0.0,1938.0,0.0,0.0,329.0,329.0,0.0,0.0,426.0,264.0,513.0,513.0,30.0,30.0,2818338
BOURGOGNE FRANCHE COMTE,2013-11-16 13:00:00,2013,320,13:00:00,320.54,362.0,0.0,28.0,14.0,203.0,18.0,0.0,2338.0,0.0,0.0,313.0,313.0,0.0,0.0,204.0,240.0,490.0,490.0,25.0,25.0,2819783
PROVENCE ALPES COTE D AZUR,2013-05-13 11:30:00,2013,133,11:30:00,133.48,547.0,0.0,29.0,408.0,2202.0,37.0,0.0,1100.0,0.0,0.0,2590.0,2528.0,0.0,0.0,45.0,694.0,3158.0,3158.0,151.0,151.0,4953675
NOUVELLE AQUITAINE,2016-03-16 03:30:00,2016,76,03:30:00,76.15,158.0,5214.0,119.0,-1.0,432.0,191.0,0.0,-1122.0,0.0,0.0,429.0,429.0,6630.0,5658.0,559.0,1839.0,1778.0,1778.0,279.0,279.0,5935603
NOUVELLE AQUITAINE,2017-10-04 18:00:00,2017,277,18:00:00,277.75,86.0,6019.0,9.0,476.0,136.0,180.0,0.0,-2531.0,0.0,0.0,465.0,465.0,6630.0,6122.0,842.0,2042.0,1780.0,1670.0,307.0,307.0,5956978
GRAND EST,2014-03-16 16:00:00,2014,75,16:00:00,75.67,195.0,6864.0,417.0,185.0,530.0,86.0,-525.0,-3616.0,0.0,0.0,3398.0,3283.0,10820.0,10820.0,1999.0,509.0,2283.0,2283.0,96.0,96.0,5554645
OCCITANIE,2014-02-18 10:00:00,2014,49,10:00:00,49.42,64.0,2597.0,70.0,114.0,3520.0,89.0,-16.0,-758.0,0.0,0.0,251.0,251.0,2620.0,2620.0,889.0,1214.0,5398.0,5398.0,127.0,127.0,5730753
PAYS DE LA LOIRE,2017-10-21 03:00:00,2017,294,03:00:00,294.12,763.0,0.0,565.0,0.0,0.0,40.0,0.0,711.0,0.0,0.0,1937.0,1287.0,0.0,0.0,747.0,507.0,8.0,8.0,66.0,66.0,3757600
HAUTS DE FRANCE,2017-08-02 16:30:00,2017,214,16:30:00,214.69,761.0,2686.0,425.0,22.0,0.0,119.0,0.0,739.0,0.0,0.0,2910.0,2675.0,5460.0,4634.0,3557.0,215.0,5.0,5.0,165.0,165.0,6003815
HAUTS DE FRANCE,2016-06-15 04:30:00,2016,167,04:30:00,167.19,520.0,3673.0,228.0,0.0,2.0,94.0,0.0,-97.0,0.0,0.0,2864.0,2864.0,5460.0,4550.0,3028.0,213.0,5.0,5.0,163.0,163.0,6006870
CENTRE VAL DE LOIRE,2022-01-14 01:30:00,2022,14,01:30:00,14.06,97.0,10677.0,75.0,0.0,6.0,60.0,0.0,-7803.0,0.0,0.0,229.0,229.0,11630.0,10872.0,1381.0,696.0,92.0,92.0,90.0,90.0,2572916
BOURGOGNE FRANCHE COMTE,2022-05-10 18:00:00,2022,130,18:00:00,130.75,17.0,0.0,115.0,185.0,32.0,33.0,0.0,1742.0,0.0,0.0,401.0,401.0,0.0,0.0,1049.0,529.0,524.0,524.0,75.0,75.0,2797366
PROVENCE ALPES COTE D AZUR,2021-01-16 21:30:00,2021,16,21:30:00,16.9,1335.0,0.0,43.0,0.0,1852.0,86.0,0.0,3050.0,0.0,0.0,2715.0,2386.0,0.0,0.0,96.0,1544.0,3266.0,3235.0,357.0,357.0,5127840
CENTRE VAL DE LOIRE,2016-10-04 15:30:00,2016,278,15:30:00,278.65,3.0,7194.0,445.0,135.0,13.0,51.0,0.0,-5814.0,0.0,0.0,170.0,170.0,11630.0,10737.0,896.0,260.0,91.0,91.0,71.0,71.0,2577866
GRAND EST,2013-03-20 17:30:00,2013,79,17:30:00,79.73,2841.0,8505.0,1127.0,16.0,878.0,60.0,-355.0,-6598.0,0.0,0.0,3398.0,3398.0,10820.0,10820.0,1831.0,501.0,2280.0,2280.0,86.0,86.0,5552388
GRAND EST,2018-06-29 12:30:00,2018,180,12:30:00,180.52,40.0,9011.0,1468.0,457.0,881.0,88.0,0.0,-6448.0,0.0,0.0,3471.0,3006.0,10820.0,9728.0,3124.0,556.0,2300.0,1992.0,157.0,157.0,5550389
PAYS DE LA LOIRE,2019-03-21 12:00:00,2019,80,12:00:00,80.5,590.0,0.0,98.0,305.0,4.0,48.0,0.0,2655.0,0.0,0.0,2037.0,1844.0,0.0,0.0,897.0,570.0,8.0,8.0,70.0,70.0,3806461
PAYS DE LA LOIRE,2021-05-03 00:00:00,2021,123,00:00:00,123.0,31.0,0.0,110.0,0.0,3.0,56.0,0.0,2637.0,0.0,0.0,2055.0,2055.0,0.0,0.0,1097.0,736.0,10.0,10.0,78.0,78.0,3853999
NORMANDIE,2018-11-14 19:30:00,2018,318,19:30:00,318.81,386.0,6385.0,199.0,0.0,11.0,58.0,0.0,-3184.0,0.0,0.0,821.0,251.0,10640.0,9310.0,767.0,251.0,31.0,31.0,105.0,105.0,3327477
GRAND EST,2016-02-23 07:30:00,2016,54,07:30:00,54.31,1449.0,10290.0,904.0,0.0,981.0,104.0,-1.0,-7097.0,0.0,0.0,3424.0,3011.0,10820.0,9772.0,2575.0,525.0,2286.0,2084.0,119.0,119.0,5555186
ILE DE FRANCE,2021-11-22 23:30:00,2021,326,23:30:00,326.98,486.0,0.0,101.0,0.0,8.0,146.0,0.0,9714.0,0.0,0.0,2171.0,2171.0,0.0,0.0,148.0,194.0,20.0,20.0,314.0,314.0,12317279
BOURGOGNE FRANCHE COMTE,2016-08-06 21:30:00,2016,219,21:30:00,219.9,24.0,0.0,51.0,0.0,32.0,25.0,0.0,1695.0,0.0,0.0,329.0,329.0,0.0,0.0,446.0,264.0,513.0,513.0,30.0,30.0,2818338
PAYS DE LA LOIRE,2013-10-12 15:00:00,2013,285,15:00:00,285.62,1046.0,0.0,68.0,80.0,0.0,37.0,0.0,1150.0,0.0,0.0,1837.0,1152.0,0.0,0.0,490.0,396.0,6.0,6.0,58.0,58.0,3660852
ILE DE FRANCE,2021-05-17 05:30:00,2021,137,05:30:00,137.23,0.0,0.0,66.0,0.0,11.0,122.0,0.0,5661.0,0.0,0.0,2171.0,2171.0,0.0,0.0,125.0,173.0,20.0,20.0,314.0,314.0,12317279
BOURGOGNE FRANCHE COMTE,2020-08-18 08:00:00,2020,231,08:00:00,231.33,24.0,0.0,39.0,16.0,16.0,32.0,0.0,1683.0,0.0,0.0,401.0,401.0,0.0,0.0,877.0,357.0,521.0,521.0,70.0,70.0,2801695
AUVERGNE RHONE ALPES,2015-12-08 11:30:00,2015,342,11:30:00,342.48,605.0,11637.0,94.0,209.0,2858.0,116.0,-6.0,-6075.0,0.0,0.0,947.0,947.0,13570.0,12672.0,384.0,894.0,11196.0,10893.0,168.0,168.0,7877698
OCCITANIE,2017-06-12 09:30:00,2017,163,09:30:00,163.4,3.0,2482.0,311.0,399.0,1656.0,71.0,-32.0,-948.0,0.0,0.0,282.0,282.0,2620.0,2620.0,1237.0,1715.0,5475.0,5020.0,140.0,140.0,5845102
PAYS DE LA LOIRE,2014-05-15 13:30:00,2014,135,13:30:00,135.56,527.0,0.0,181.0,243.0,3.0,34.0,0.0,2094.0,0.0,0.0,1864.0,1429.0,0.0,0.0,518.0,412.0,7.0,7.0,58.0,58.0,3690833
BOURGOGNE FRANCHE COMTE,2016-02-18 02:00:00,2016,49,02:00:00,49.08,140.0,0.0,71.0,0.0,221.0,17.0,0.0,2590.0,0.0,0.0,329.0,329.0,0.0,0.0,414.0,264.0,513.0,513.0,29.0,29.0,2818338
OCCITANIE,2015-03-02 19:30:00,2015,61,19:30:00,61.81,57.0,2514.0,543.0,0.0,2723.0,81.0,0.0,-218.0,0.0,0.0,266.0,266.0,2620.0,2620.0,943.0,1378.0,5441.0,5214.0,133.0,133.0,5774185
AUVERGNE RHONE ALPES,2015-03-10 10:30:00,2015,69,10:30:00,69.44,589.0,11635.0,69.0,286.0,5217.0,93.0,-3.0,-8407.0,0.0,0.0,944.0,944.0,13570.0,12658.0,372.0,861.0,11180.0,10943.0,141.0,141.0,7877698
BOURGOGNE FRANCHE COMTE,2018-06-11 15:00:00,2018,162,15:00:00,162.62,27.0,0.0,41.0,148.0,119.0,32.0,0.0,2071.0,0.0,0.0,386.0,386.0,0.0,0.0,688.0,307.0,520.0,443.0,37.0,37.0,2807807
ILE DE FRANCE,2019-09-12 03:30:00,2019,255,03:30:00,255.15,0.0,0.0,12.0,0.0,5.0,132.0,0.0,4562.0,0.0,0.0,2170.0,2072.0,0.0,0.0,108.0,143.0,20.0,20.0,314.0,314.0,12262544
HAUTS DE FRANCE,2017-07-01 01:30:00,2017,182,01:30:00,182.06,766.0,2611.0,324.0,0.0,0.0,144.0,0.0,1048.0,0.0,0.0,2904.0,2904.0,5460.0,4550.0,3488.0,215.0,5.0,5.0,165.0,165.0,6003815
PAYS DE LA LOIRE,2015-01-27 07:30:00,2015,27,07:30:00,27.31,1629.0,0.0,92.0,0.0,4.0,42.0,0.0,2983.0,0.0,0.0,1867.0,1867.0,0.0,0.0,537.0,439.0,7.0,7.0,58.0,58.0,3718512
CENTRE VAL DE LOIRE,2014-06-15 10:30:00,2014,166,10:30:00,166.44,2.0,7528.0,196.0,72.0,1.0,39.0,0.0,-6444.0,0.0,0.0,162.0,162.0,11630.0,11630.0,801.0,216.0,91.0,91.0,56.0,56.0,2577435
PAYS DE LA LOIRE,2022-10-13 11:00:00,2022,286,11:00:00,286.46,498.0,0.0,695.0,84.0,0.0,57.0,0.0,1693.0,0.0,0.0,2068.0,1711.0,0.0,0.0,1675.0,921.0,10.0,10.0,80.0,80.0,3878839
NOUVELLE AQUITAINE,2022-10-13 19:00:00,2022,286,19:00:00,286.79,86.0,2767.0,542.0,23.0,128.0,171.0,0.0,405.0,0.0,0.0,579.0,579.0,6630.0,5659.0,1592.0,3802.0,1786.0,1668.0,356.0,356.0,6098051
NOUVELLE AQUITAINE,2013-12-31 08:30:00,2013,365,08:30:00,365.35,77.0,4173.0,258.0,0.0,740.0,120.0,0.0,823.0,0.0,0.0,421.0,421.0,6630.0,6630.0,381.0,1024.0,1760.0,1760.0,214.0,214.0,5844177
HAUTS DE FRANCE,2019-07-04 09:30:00,2019,185,09:30:00,185.4,1118.0,2989.0,338.0,61.0,0.0,129.0,0.0,719.0,0.0,0.0,2969.0,2864.0,5460.0,4695.0,4531.0,237.0,5.0,5.0,178.0,178.0,6004947
OCCITANIE,2017-05-17 11:00:00,2017,137,11:00:00,137.46,2.0,2504.0,315.0,913.0,1533.0,75.0,-29.0,-1349.0,0.0,0.0,282.0,282.0,2620.0,2620.0,1221.0,1713.0,5475.0,5163.0,140.0,140.0,5845102
AUVERGNE RHONE ALPES,2013-05-14 23:00:00,2013,134,23:00:00,134.96,25.0,10188.0,157.0,0.0,5614.0,63.0,-7.0,-9257.0,0.0,0.0,919.0,919.0,13570.0,13570.0,335.0,714.0,11116.0,11116.0,106.0,106.0,7757595
HAUTS DE FRANCE,2015-01-26 05:30:00,2015,26,05:30:00,26.23,776.0,5389.0,742.0,0.0,2.0,111.0,0.0,-662.0,0.0,0.0,2301.0,2301.0,5460.0,5460.0,2623.0,212.0,5.0,5.0,155.0,155.0,6009976
GRAND EST,2020-11-29 10:30:00,2020,334,10:30:00,334.44,1512.0,8080.0,1118.0,35.0,567.0,131.0,0.0,-5760.0,0.0,0.0,3585.0,3172.0,10820.0,9657.0,3833.0,673.0,2305.0,2103.0,192.0,192.0,5562651
ILE DE FRANCE,2018-12-06 17:30:00,2018,340,17:30:00,340.73,439.0,0.0,14.0,0.0,8.0,155.0,0.0,9342.0,0.0,0.0,2169.0,2108.0,0.0,0.0,88.0,124.0,20.0,20.0,306.0,306.0,12213447
AUVERGNE RHONE ALPES,2018-08-20 02:00:00,2018,232,02:00:00,232.08,18.0,8085.0,139.0,0.0,1902.0,108.0,-1317.0,-3944.0,0.0,0.0,1000.0,599.0,13570.0,12627.0,578.0,1095.0,11260.0,11049.0,180.0,180.0,7994459
HAUTS DE FRANCE,2013-11-14 06:30:00,2013,318,06:30:00,318.27,756.0,4425.0,721.0,0.0,1.0,76.0,0.0,989.0,0.0,0.0,2278.0,2278.0,5460.0,5460.0,2235.0,210.0,5.0,5.0,139.0,139.0,5987883
HAUTS DE FRANCE,2020-09-20 08:00:00,2020,264,08:00:00,264.33,1321.0,2692.0,364.0,1.0,0.0,127.0,0.0,-687.0,0.0,0.0,2983.0,2802.0,5460.0,4550.0,5175.0,258.0,5.0,5.0,181.0,181.0,5997734
PROVENCE ALPES COTE D AZUR,2020-01-17 11:30:00,2020,17,11:30:00,17.48,1849.0,0.0,10.0,79.0,2105.0,114.0,0.0,1736.0,0.0,0.0,2703.0,2374.0,0.0,0.0,48.0,1434.0,3249.0,3249.0,357.0,207.0,5098666
HAUTS DE FRANCE,2013-11-03 17:30:00,2013,307,17:30:00,307.73,572.0,4432.0,1023.0,0.0,1.0,81.0,0.0,-455.0,0.0,0.0,2278.0,2278.0,5460.0,5460.0,2235.0,210.0,5.0,5.0,139.0,139.0,5987883
BRETAGNE,2020-06-14 16:30:00,2020,166,16:30:00,166.69,1.0,0.0,149.0,111.0,5.0,42.0,-1.0,1237.0,0.0,0.0,978.0,893.0,0.0,0.0,1028.0,283.0,272.0,272.0,79.0,79.0,3373835
CENTRE VAL DE LOIRE,2014-06-01 10:30:00,2014,152,10:30:00,152.44,2.0,7861.0,24.0,63.0,13.0,42.0,0.0,-6506.0,0.0,0.0,162.0,162.0,11630.0,11630.0,801.0,216.0,91.0,91.0,56.0,56.0,2577435
PROVENCE ALPES COTE D AZUR,2021-05-21 16:30:00,2021,141,16:30:00,141.69,24.0,0.0,29.0,388.0,1424.0,64.0,0.0,2093.0,0.0,0.0,2715.0,2341.0,0.0,0.0,96.0,1596.0,3266.0,3235.0,357.0,357.0,5127840
ILE DE FRANCE,2022-05-31 14:00:00,2022,151,14:00:00,151.58,0.0,0.0,9.0,80.0,4.0,138.0,0.0,7195.0,0.0,0.0,2171.0,2038.0,0.0,0.0,148.0,218.0,20.0,20.0,314.0,314.0,12354286
ILE DE FRANCE,2023-01-16 08:30:00,2023,16,08:30:00,16.35,266.0,0.0,122.0,0.0,7.0,135.0,0.0,9646.0,0.0,0.0,2171.0,1990.0,0.0,0.0,148.0,257.0,20.0,20.0,320.0,320.0,12358932
GRAND EST,2020-11-18 07:00:00,2020,323,07:00:00,323.29,1028.0,10560.0,1472.0,0.0,683.0,106.0,-162.0,-7844.0,0.0,0.0,3585.0,3172.0,10820.0,9671.0,3833.0,672.0,2305.0,2103.0,192.0,192.0,5562651
NORMANDIE,2013-04-07 00:30:00,2013,97,00:30:00,97.02,545.0,7315.0,24.0,0.0,14.0,45.0,0.0,-3563.0,0.0,0.0,761.0,481.0,10640.0,10640.0,423.0,207.0,23.0,23.0,88.0,88.0,3328364
NOUVELLE AQUITAINE,2016-03-02 01:00:00,2016,62,01:00:00,62.04,163.0,5500.0,287.0,-1.0,749.0,181.0,0.0,-1026.0,0.0,0.0,429.0,429.0,6630.0,5890.0,559.0,1837.0,1778.0,1778.0,279.0,279.0,5935603
PAYS DE LA LOIRE,2019-06-05 02:30:00,2019,156,02:30:00,156.1,353.0,0.0,126.0,0.0,1.0,55.0,0.0,1583.0,0.0,0.0,2037.0,1705.0,0.0,0.0,926.0,583.0,8.0,8.0,71.0,71.0,3806461
PAYS DE LA LOIRE,2015-11-23 02:30:00,2015,327,02:30:00,327.1,319.0,0.0,81.0,0.0,2.0,45.0,0.0,2817.0,0.0,0.0,1876.0,1261.0,0.0,0.0,591.0,456.0,7.0,7.0,61.0,61.0,3718512
BOURGOGNE FRANCHE COMTE,2017-11-16 06:00:00,2017,320,06:00:00,320.25,162.0,0.0,110.0,0.0,81.0,21.0,0.0,2677.0,0.0,0.0,356.0,356.0,0.0,0.0,676.0,286.0,520.0,520.0,35.0,35.0,2811423
GRAND EST,2014-10-28 07:30:00,2014,301,07:30:00,301.31,1531.0,11447.0,189.0,0.0,885.0,65.0,0.0,-8449.0,0.0,0.0,3400.0,3200.0,10820.0,10820.0,2257.0,517.0,2283.0,2283.0,107.0,107.0,5554645
GRAND EST,2017-12-05 10:30:00,2017,339,10:30:00,339.44,2531.0,10120.0,58.0,35.0,1134.0,119.0,-6.0,-6788.0,0.0,0.0,3471.0,2876.0,10820.0,9590.0,3040.0,550.0,2299.0,1995.0,141.0,141.0,5549586
NORMANDIE,2017-05-16 05:00:00,2017,136,05:00:00,136.21,283.0,5015.0,167.0,0.0,15.0,49.0,0.0,-3277.0,0.0,0.0,785.0,205.0,10640.0,9326.0,622.0,222.0,31.0,31.0,98.0,98.0,3330478
PAYS DE LA LOIRE,2022-12-24 10:00:00,2022,358,10:00:00,358.42,121.0,0.0,459.0,13.0,4.0,55.0,0.0,2328.0,0.0,0.0,2068.0,1740.0,0.0,0.0,1707.0,940.0,10.0,10.0,80.0,80.0,3878839
BRETAGNE,2022-07-08 00:00:00,2022,189,00:00:00,189.0,535.0,0.0,225.0,0.0,0.0,57.0,-1.0,1430.0,0.0,0.0,1432.0,1331.0,0.0,0.0,1191.0,375.0,272.0,272.0,82.0,82.0,3414637
PAYS DE LA LOIRE,2014-07-14 16:30:00,2014,195,16:30:00,195.69,-2.0,0.0,43.0,194.0,1.0,42.0,0.0,1655.0,0.0,0.0,1864.0,1429.0,0.0,0.0,518.0,416.0,7.0,7.0,58.0,58.0,3690833
OCCITANIE,2021-08-25 20:30:00,2021,237,20:30:00,237.85,0.0,1207.0,36.0,18.0,703.0,89.0,0.0,2094.0,0.0,0.0,325.0,325.0,2620.0,2620.0,1593.0,2643.0,5499.0,5362.0,173.0,173.0,6022176
NORMANDIE,2015-10-02 14:30:00,2015,275,14:30:00,275.6,257.0,7757.0,78.0,77.0,10.0,50.0,0.0,-5209.0,0.0,0.0,761.0,474.0,10640.0,9310.0,538.0,216.0,24.0,24.0,95.0,95.0,3339131
OCCITANIE,2020-11-03 02:30:00,2020,308,02:30:00,308.1,51.0,1271.0,79.0,0.0,607.0,81.0,-450.0,1876.0,0.0,0.0,318.0,318.0,2620.0,1310.0,1593.0,2316.0,5498.0,5268.0,172.0,172.0,5973969
NORMANDIE,2014-06-03 19:00:00,2014,154,19:00:00,154.79,273.0,9220.0,12.0,20.0,17.0,43.0,0.0,-6718.0,0.0,0.0,761.0,181.0,10640.0,10640.0,473.0,212.0,24.0,24.0,89.0,89.0,3335645
NOUVELLE AQUITAINE,2023-01-06 03:30:00,2023,6,03:30:00,6.15,153.0,2699.0,66.0,0.0,219.0,204.0,0.0,1004.0,0.0,0.0,581.0,581.0,6630.0,5683.0,1644.0,3941.0,1786.0,1668.0,356.0,356.0,6110365
OCCITANIE,2017-03-09 06:00:00,2017,68,06:00:00,68.25,65.0,2359.0,394.0,0.0,1483.0,94.0,-838.0,703.0,0.0,0.0,282.0,282.0,2620.0,1937.0,1194.0,1701.0,5473.0,5315.0,140.0,140.0,5845102
NORMANDIE,2018-07-14 05:30:00,2018,195,05:30:00,195.23,182.0,4145.0,36.0,0.0,12.0,37.0,0.0,-2385.0,0.0,0.0,813.0,233.0,10640.0,9364.0,712.0,241.0,31.0,31.0,104.0,104.0,3327477
PROVENCE ALPES COTE D AZUR,2015-06-17 04:30:00,2015,168,04:30:00,168.19,160.0,0.0,25.0,0.0,1760.0,72.0,0.0,1169.0,0.0,0.0,2610.0,2265.0,0.0,0.0,45.0,917.0,3168.0,3168.0,183.0,183.0,5007977
PAYS DE LA LOIRE,2016-09-09 07:30:00,2016,253,07:30:00,253.31,-21.0,0.0,15.0,0.0,0.0,39.0,0.0,2836.0,0.0,0.0,1880.0,1337.0,0.0,0.0,678.0,479.0,8.0,8.0,63.0,63.0,3737632
HAUTS DE FRANCE,2018-10-18 14:30:00,2018,291,14:30:00,291.6,1115.0,4489.0,1360.0,41.0,0.0,94.0,0.0,-1385.0,0.0,0.0,2954.0,2564.0,5460.0,4550.0,4094.0,229.0,5.0,5.0,171.0,171.0,6004108
AUVERGNE RHONE ALPES,2014-02-22 10:00:00,2014,53,10:00:00,53.42,187.0,11595.0,70.0,136.0,4592.0,120.0,-665.0,-7321.0,0.0,0.0,938.0,938.0,13570.0,13570.0,347.0,792.0,11133.0,11133.0,140.0,140.0,7820966
PAYS DE LA LOIRE,2015-03-30 17:00:00,2015,89,17:00:00,89.71,149.0,0.0,383.0,61.0,4.0,39.0,0.0,2692.0,0.0,0.0,1867.0,1234.0,0.0,0.0,545.0,442.0,7.0,7.0,59.0,59.0,3718512
CENTRE VAL DE LOIRE,2017-05-03 12:00:00,2017,123,12:00:00,123.5,0.0,9706.0,14.0,59.0,13.0,51.0,0.0,-7488.0,0.0,0.0,198.0,198.0,11630.0,10732.0,947.0,267.0,91.0,91.0,76.0,76.0,2576252
AUVERGNE RHONE ALPES,2017-01-26 07:30:00,2017,26,07:30:00,26.31,698.0,12748.0,55.0,0.0,5783.0,108.0,-4.0,-6993.0,0.0,0.0,984.0,984.0,13570.0,12661.0,425.0,937.0,11235.0,11041.0,177.0,177.0,7948287
OCCITANIE,2022-09-14 10:30:00,2022,257,10:30:00,257.44,6.0,1238.0,261.0,763.0,1070.0,80.0,-4.0,797.0,0.0,0.0,326.0,326.0,2620.0,1310.0,1593.0,3023.0,5504.0,5317.0,175.0,175.0,6067101
PROVENCE ALPES COTE D AZUR,2013-12-17 06:00:00,2013,351,06:00:00,351.25,293.0,0.0,4.0,0.0,527.0,49.0,0.0,4907.0,0.0,0.0,2592.0,2318.0,0.0,0.0,45.0,782.0,3160.0,3160.0,151.0,151.0,4953675
GRAND EST,2019-03-06 19:00:00,2019,65,19:00:00,65.79,972.0,9415.0,2161.0,0.0,1189.0,104.0,0.0,-7166.0,0.0,0.0,3531.0,3531.0,10820.0,9810.0,3355.0,563.0,2302.0,2016.0,166.0,166.0,5556219
PROVENCE ALPES COTE D AZUR,2017-09-30 21:00:00,2017,273,21:00:00,273.88,1621.0,0.0,2.0,0.0,738.0,235.0,0.0,1435.0,0.0,0.0,2630.0,2324.0,0.0,0.0,48.0,1167.0,3221.0,3097.0,354.0,354.0,5030890
BRETAGNE,2022-08-11 20:00:00,2022,223,20:00:00,223.83,446.0,0.0,244.0,36.0,4.0,48.0,-1.0,1337.0,0.0,0.0,1432.0,1432.0,0.0,0.0,1197.0,378.0,272.0,272.0,83.0,83.0,3414637
CENTRE VAL DE LOIRE,2013-07-17 03:00:00,2013,198,03:00:00,198.12,6.0,7472.0,115.0,0.0,0.0,27.0,0.0,-6043.0,0.0,0.0,162.0,162.0,11630.0,11630.0,697.0,211.0,91.0,91.0,56.0,56.0,2570548
PROVENCE ALPES COTE D AZUR,2013-10-07 23:30:00,2013,280,23:30:00,280.98,1113.0,0.0,5.0,0.0,943.0,62.0,0.0,2476.0,0.0,0.0,2590.0,2252.0,0.0,0.0,45.0,739.0,3159.0,3159.0,151.0,151.0,4953675
PAYS DE LA LOIRE,2016-09-01 16:30:00,2016,245,16:30:00,245.69,68.0,0.0,18.0,220.0,0.0,30.0,0.0,2625.0,0.0,0.0,1880.0,1337.0,0.0,0.0,678.0,479.0,8.0,8.0,63.0,63.0,3737632
AUVERGNE RHONE ALPES,2017-11-14 11:30:00,2017,318,11:30:00,318.48,570.0,5612.0,220.0,258.0,3269.0,121.0,-7.0,-57.0,0.0,0.0,1000.0,1000.0,13570.0,12654.0,548.0,976.0,11246.0,11046.0,178.0,178.0,7948287
HAUTS DE FRANCE,2021-03-15 22:00:00,2021,74,22:00:00,74.92,922.0,4551.0,690.0,5.0,2.0,136.0,0.0,-159.0,0.0,0.0,2990.0,2990.0,5460.0,4550.0,5430.0,315.0,5.0,5.0,182.0,182.0,5995292
BRETAGNE,2018-09-17 05:30:00,2018,260,05:30:00,260.23,1.0,0.0,17.0,0.0,99.0,48.0,-1.0,1411.0,0.0,0.0,913.0,828.0,0.0,0.0,980.0,254.0,270.0,270.0,69.0,69.0,3335414
HAUTS DE FRANCE,2021-07-08 01:30:00,2021,189,01:30:00,189.06,1203.0,2609.0,26.0,0.0,2.0,122.0,0.0,814.0,0.0,0.0,2990.0,2990.0,5460.0,5460.0,5477.0,405.0,5.0,5.0,183.0,183.0,5995292
CENTRE VAL DE LOIRE,2021-05-27 23:00:00,2021,147,23:00:00,147.96,0.0,6413.0,163.0,0.0,32.0,67.0,0.0,-4950.0,0.0,0.0,229.0,229.0,11630.0,11630.0,1316.0,530.0,92.0,92.0,89.0,89.0,2573303
NORMANDIE,2016-11-27 17:30:00,2016,332,17:30:00,332.73,637.0,8338.0,149.0,0.0,9.0,54.0,0.0,-5733.0,0.0,0.0,785.0,785.0,10640.0,9776.0,616.0,219.0,31.0,31.0,96.0,96.0,3335929
ILE DE FRANCE,2013-04-03 01:30:00,2013,93,01:30:00,93.06,433.0,0.0,5.0,0.0,5.0,82.0,0.0,8743.0,0.0,0.0,2121.0,1871.0,0.0,0.0,37.0,109.0,19.0,19.0,262.0,262.0,11959807
NORMANDIE,2020-04-11 19:30:00,2020,102,19:30:00,102.81,186.0,5104.0,23.0,15.0,19.0,50.0,0.0,-3068.0,0.0,0.0,833.0,253.0,10640.0,9310.0,816.0,263.0,31.0,31.0,110.0,110.0,3325522
BRETAGNE,2018-02-18 04:00:00,2018,49,04:00:00,49.17,229.0,0.0,181.0,0.0,173.0,46.0,-1.0,1873.0,0.0,0.0,904.0,904.0,0.0,0.0,951.0,250.0,270.0,270.0,68.0,68.0,3335414
NOUVELLE AQUITAINE,2020-08-07 17:30:00,2020,220,17:30:00,220.73,12.0,2981.0,30.0,1423.0,30.0,166.0,0.0,238.0,0.0,0.0,571.0,571.0,6630.0,5526.0,1166.0,2718.0,1783.0,1672.0,341.0,341.0,6033952
BRETAGNE,2013-06-10 21:00:00,2013,161,21:00:00,161.88,1.0,0.0,88.0,5.0,1.0,16.0,0.0,1938.0,0.0,0.0,660.0,660.0,0.0,0.0,722.0,204.0,11.0,11.0,37.0,37.0,3258707
BRETAGNE,2020-05-29 05:00:00,2020,150,05:00:00,150.21,1.0,0.0,292.0,0.0,160.0,51.0,-1.0,1064.0,0.0,0.0,978.0,893.0,0.0,0.0,1028.0,282.0,272.0,272.0,79.0,79.0,3373835
PROVENCE ALPES COTE D AZUR,2018-02-02 11:00:00,2018,33,11:00:00,33.46,1979.0,0.0,37.0,282.0,1939.0,192.0,0.0,1772.0,0.0,0.0,2651.0,2345.0,0.0,0.0,48.0,1222.0,3227.0,3227.0,357.0,357.0,5052832
NORMANDIE,2014-06-29 12:30:00,2014,180,12:30:00,180.52,224.0,7557.0,19.0,38.0,15.0,53.0,0.0,-5398.0,0.0,0.0,761.0,181.0,10640.0,10640.0,482.0,212.0,24.0,24.0,90.0,90.0,3335645
HAUTS DE FRANCE,2016-11-08 15:00:00,2016,313,15:00:00,313.62,1805.0,2762.0,228.0,28.0,1.0,110.0,0.0,2031.0,0.0,0.0,2882.0,2745.0,5460.0,4550.0,3195.0,214.0,5.0,5.0,164.0,164.0,6006870
GRAND EST,2017-05-24 09:30:00,2017,144,09:30:00,144.4,775.0,8540.0,0.0,169.0,1385.0,88.0,0.0,-5764.0,0.0,0.0,3453.0,2949.0,10820.0,9564.0,2891.0,537.0,2298.0,2029.0,140.0,140.0,5549586
NOUVELLE AQUITAINE,2017-12-20 12:30:00,2017,354,12:30:00,354.52,198.0,6758.0,18.0,552.0,1069.0,179.0,0.0,-1195.0,0.0,0.0,478.0,478.0,6630.0,6630.0,882.0,2219.0,1781.0,1781.0,307.0,307.0,5956978
OCCITANIE,2018-03-14 19:30:00,2018,73,19:30:00,73.81,76.0,2459.0,733.0,0.0,3315.0,79.0,0.0,-955.0,0.0,0.0,291.0,291.0,2620.0,2620.0,1365.0,1851.0,5482.0,5302.0,145.0,145.0,5885496
NOUVELLE AQUITAINE,2022-09-29 20:00:00,2022,272,20:00:00,272.83,102.0,2405.0,64.0,0.0,240.0,190.0,0.0,1281.0,0.0,0.0,579.0,579.0,6630.0,5670.0,1592.0,3794.0,1786.0,1674.0,356.0,356.0,6098051
PAYS DE LA LOIRE,2015-10-20 13:30:00,2015,293,13:30:00,293.56,875.0,0.0,122.0,62.0,0.0,31.0,0.0,2533.0,0.0,0.0,1867.0,1234.0,0.0,0.0,560.0,455.0,7.0,7.0,61.0,61.0,3718512
CENTRE VAL DE LOIRE,2019-06-20 07:00:00,2019,171,07:00:00,171.29,0.0,8261.0,189.0,6.0,3.0,55.0,0.0,-6849.0,0.0,0.0,229.0,229.0,11630.0,10624.0,1168.0,316.0,91.0,91.0,85.0,85.0,2573180
NORMANDIE,2021-08-24 19:00:00,2021,236,19:00:00,236.79,185.0,6986.0,474.0,44.0,10.0,51.0,0.0,-5156.0,0.0,0.0,852.0,852.0,10640.0,9602.0,878.0,296.0,31.0,31.0,147.0,147.0,3327966
AUVERGNE RHONE ALPES,2016-04-03 09:30:00,2016,94,09:30:00,94.4,32.0,8633.0,186.0,57.0,2256.0,110.0,-1307.0,-3249.0,0.0,0.0,959.0,558.0,13570.0,12696.0,384.0,910.0,11205.0,11004.0,170.0,170.0,7916889
BRETAGNE,2015-01-08 11:30:00,2015,8,11:30:00,8.48,103.0,0.0,552.0,15.0,13.0,35.0,-1.0,2877.0,0.0,0.0,719.0,719.0,0.0,0.0,791.0,218.0,272.0,272.0,53.0,53.0,3293850
HAUTS DE FRANCE,2016-10-21 12:00:00,2016,295,12:00:00,295.5,1591.0,2742.0,33.0,62.0,1.0,104.0,0.0,2228.0,0.0,0.0,2875.0,2592.0,5460.0,4550.0,3189.0,214.0,5.0,5.0,164.0,164.0,6006870
BOURGOGNE FRANCHE COMTE,2022-01-23 15:30:00,2022,23,15:30:00,23.65,160.0,0.0,175.0,111.0,58.0,54.0,0.0,2126.0,0.0,0.0,401.0,401.0,0.0,0.0,992.0,497.0,524.0,524.0,74.0,74.0,2797366
GRAND EST,2017-06-07 21:00:00,2017,158,21:00:00,158.88,35.0,9603.0,521.0,7.0,1149.0,80.0,0.0,-6715.0,0.0,0.0,3453.0,2858.0,10820.0,9724.0,2914.0,537.0,2298.0,1994.0,140.0,140.0,5549586
HAUTS DE FRANCE,2013-08-29 00:00:00,2013,241,00:00:00,241.0,504.0,3546.0,150.0,0.0,0.0,67.0,0.0,972.0,0.0,0.0,2268.0,2268.0,5460.0,5460.0,2205.0,210.0,5.0,5.0,139.0,139.0,5987883
BRETAGNE,2021-12-06 05:00:00,2021,340,05:00:00,340.21,225.0,0.0,106.0,0.0,24.0,52.0,-1.0,2303.0,0.0,0.0,1428.0,982.0,0.0,0.0,1125.0,352.0,272.0,272.0,82.0,82.0,3394567
ILE DE FRANCE,2020-09-17 08:00:00,2020,261,08:00:00,261.33,0.0,0.0,38.0,1.0,3.0,146.0,0.0,6526.0,0.0,0.0,2170.0,2022.0,0.0,0.0,125.0,168.0,20.0,20.0,314.0,314.0,12271794
NORMANDIE,2019-01-30 04:00:00,2019,30,04:00:00,30.17,427.0,6568.0,455.0,0.0,12.0,51.0,0.0,-3563.0,0.0,0.0,821.0,241.0,10640.0,9344.0,791.0,253.0,31.0,31.0,105.0,105.0,3325032
AUVERGNE RHONE ALPES,2019-07-10 00:30:00,2019,191,00:30:00,191.02,35.0,11280.0,185.0,0.0,3345.0,102.0,-17.0,-8864.0,0.0,0.0,1027.0,1027.0,13570.0,12661.0,635.0,1160.0,11247.0,11082.0,190.0,190.0,8042936
ILE DE FRANCE,2019-03-28 10:00:00,2019,87,10:00:00,87.42,393.0,0.0,6.0,43.0,11.0,126.0,0.0,9214.0,0.0,0.0,2170.0,2170.0,0.0,0.0,88.0,125.0,20.0,20.0,306.0,306.0,12262544
BOURGOGNE FRANCHE COMTE,2021-05-24 13:00:00,2021,144,13:00:00,144.54,23.0,0.0,494.0,79.0,215.0,45.0,0.0,1455.0,0.0,0.0,401.0,401.0,0.0,0.0,955.0,425.0,523.0,523.0,71.0,71.0,2800194
BRETAGNE,2020-04-29 00:00:00,2020,120,00:00:00,120.0,1.0,0.0,142.0,0.0,5.0,50.0,-55.0,2368.0,0.0,0.0,978.0,877.0,0.0,0.0,1028.0,281.0,272.0,272.0,79.0,79.0,3373835
PAYS DE LA LOIRE,2014-01-09 15:30:00,2014,9,15:30:00,9.65,1135.0,0.0,50.0,13.0,3.0,45.0,0.0,2736.0,0.0,0.0,1864.0,1864.0,0.0,0.0,518.0,400.0,6.0,6.0,58.0,58.0,3690833
GRAND EST,2014-09-29 13:30:00,2014,272,13:30:00,272.56,2049.0,9884.0,132.0,151.0,1074.0,44.0,0.0,-7972.0,0.0,0.0,3398.0,3198.0,10820.0,10820.0,2182.0,517.0,2283.0,2283.0,100.0,100.0,5554645
NORMANDIE,2019-12-10 08:30:00,2019,344,08:30:00,344.35,499.0,3692.0,492.0,0.0,22.0,60.0,0.0,-100.0,0.0,0.0,833.0,543.0,10640.0,9444.0,806.0,261.0,31.0,31.0,109.0,109.0,3325032
PAYS DE LA LOIRE,2013-07-19 15:00:00,2013,200,15:00:00,200.62,1.0,0.0,48.0,91.0,0.0,36.0,0.0,2917.0,0.0,0.0,1837.0,1837.0,0.0,0.0,490.0,393.0,5.0,5.0,58.0,58.0,3660852
CENTRE VAL DE LOIRE,2021-04-10 17:30:00,2021,100,17:30:00,100.73,0.0,7899.0,438.0,68.0,3.0,66.0,0.0,-6769.0,0.0,0.0,229.0,229.0,11630.0,11630.0,1288.0,490.0,92.0,92.0,89.0,89.0,2573303
PROVENCE ALPES COTE D AZUR,2014-01-11 14:00:00,2014,11,14:00:00,11.58,541.0,0.0,0.0,118.0,1224.0,70.0,0.0,3439.0,0.0,0.0,2592.0,2318.0,0.0,0.0,45.0,783.0,3160.0,3160.0,151.0,151.0,4983438
OCCITANIE,2019-02-18 13:30:00,2019,49,13:30:00,49.56,80.0,1279.0,563.0,958.0,1096.0,86.0,-412.0,1740.0,0.0,0.0,307.0,307.0,2620.0,1310.0,1499.0,2001.0,5485.0,5308.0,146.0,146.0,5933185
GRAND EST,2022-12-29 13:00:00,2022,363,13:00:00,363.54,169.0,4799.0,3114.0,114.0,1078.0,127.0,0.0,-4344.0,0.0,0.0,3615.0,3615.0,10820.0,9685.0,4536.0,1133.0,2308.0,2106.0,237.0,237.0,5563889
OCCITANIE,2022-08-03 22:30:00,2022,215,22:30:00,215.94,0.0,1218.0,114.0,1.0,940.0,100.0,0.0,2235.0,0.0,0.0,326.0,326.0,2620.0,1310.0,1593.0,3002.0,5503.0,5329.0,174.0,174.0,6067101
NOUVELLE AQUITAINE,2016-09-11 10:00:00,2016,255,10:00:00,255.42,32.0,3206.0,16.0,544.0,178.0,144.0,0.0,-498.0,0.0,0.0,429.0,429.0,6630.0,5428.0,625.0,1895.0,1779.0,1661.0,280.0,280.0,5935603
BOURGOGNE FRANCHE COMTE,2019-01-01 19:30:00,2019,1,19:30:00,1.81,180.0,0.0,33.0,0.0,61.0,31.0,-1.0,2472.0,0.0,0.0,401.0,401.0,0.0,0.0,762.0,329.0,520.0,443.0,65.0,65.0,2805580
NORMANDIE,2021-09-14 22:30:00,2021,257,22:30:00,257.94,190.0,8749.0,15.0,0.0,10.0,73.0,0.0,-6231.0,0.0,0.0,852.0,852.0,10640.0,9553.0,878.0,298.0,31.0,31.0,147.0,147.0,3327966
NOUVELLE AQUITAINE,2013-10-01 20:00:00,2013,274,20:00:00,274.83,60.0,5646.0,15.0,0.0,453.0,98.0,0.0,-1840.0,0.0,0.0,421.0,421.0,6630.0,6630.0,364.0,997.0,1760.0,1760.0,213.0,213.0,5844177
OCCITANIE,2019-05-24 22:30:00,2019,144,22:30:00,144.94,0.0,2476.0,504.0,0.0,1395.0,80.0,-68.0,-794.0,0.0,0.0,307.0,307.0,2620.0,2620.0,1559.0,2035.0,5489.0,5312.0,146.0,146.0,5933185
HAUTS DE FRANCE,2022-06-05 12:30:00,2022,156,12:30:00,156.52,662.0,2627.0,294.0,61.0,1.0,123.0,0.0,910.0,0.0,0.0,2993.0,2745.0,5460.0,4550.0,5774.0,442.0,6.0,6.0,196.0,196.0,5990765
NORMANDIE,2017-10-07 00:00:00,2017,280,00:00:00,280.0,785.0,3648.0,21.0,0.0,15.0,48.0,0.0,-1351.0,0.0,0.0,785.0,785.0,10640.0,9310.0,701.0,223.0,31.0,31.0,100.0,100.0,3330478
ILE DE FRANCE,2017-05-17 21:30:00,2017,137,21:30:00,137.9,-1.0,0.0,4.0,0.0,7.0,112.0,0.0,7162.0,0.0,0.0,2149.0,1872.0,0.0,0.0,73.0,116.0,19.0,19.0,301.0,301.0,12174880
OCCITANIE,2021-11-08 18:30:00,2021,312,18:30:00,312.77,82.0,1231.0,836.0,2.0,2138.0,90.0,0.0,1033.0,0.0,0.0,326.0,326.0,2620.0,2620.0,1593.0,2737.0,5500.0,5465.0,173.0,173.0,6022176
CENTRE VAL DE LOIRE,2022-06-17 22:00:00,2022,168,22:00:00,168.92,0.0,6735.0,41.0,0.0,1.0,55.0,0.0,-4965.0,0.0,0.0,229.0,229.0,11630.0,10711.0,1455.0,737.0,92.0,92.0,90.0,90.0,2572916
NORMANDIE,2021-11-02 02:00:00,2021,306,02:00:00,306.08,275.0,6657.0,220.0,0.0,1.0,88.0,0.0,-4367.0,0.0,0.0,852.0,852.0,10640.0,9472.0,878.0,300.0,31.0,31.0,148.0,148.0,3327966
ILE DE FRANCE,2022-02-18 16:30:00,2022,49,16:30:00,49.69,516.0,0.0,144.0,19.0,8.0,145.0,0.0,8611.0,0.0,0.0,2171.0,2171.0,0.0,0.0,148.0,207.0,20.0,20.0,314.0,314.0,12354286
GRAND EST,2016-02-25 10:00:00,2016,56,10:00:00,56.42,1879.0,9600.0,53.0,146.0,1428.0,99.0,0.0,-6141.0,0.0,0.0,3424.0,3424.0,10820.0,9830.0,2575.0,525.0,2286.0,2084.0,120.0,120.0,5555186
HAUTS DE FRANCE,2017-04-19 19:30:00,2017,109,19:30:00,109.81,1643.0,2620.0,949.0,12.0,2.0,134.0,0.0,889.0,0.0,0.0,2900.0,2900.0,5460.0,4550.0,3405.0,214.0,5.0,5.0,164.0,164.0,6003815
PROVENCE ALPES COTE D AZUR,2020-03-25 13:30:00,2020,85,13:30:00,85.56,235.0,0.0,2.0,516.0,1495.0,110.0,0.0,2940.0,0.0,0.0,2710.0,2417.0,0.0,0.0,48.0,1454.0,3256.0,3256.0,357.0,207.0,5098666
OCCITANIE,2015-02-11 04:30:00,2015,42,04:30:00,42.19,58.0,2618.0,154.0,0.0,1560.0,93.0,-658.0,1817.0,0.0,0.0,266.0,266.0,2620.0,2620.0,943.0,1376.0,5441.0,5214.0,133.0,133.0,5774185
AUVERGNE RHONE ALPES,2018-08-14 13:30:00,2018,226,13:30:00,226.56,16.0,9363.0,137.0,456.0,3846.0,99.0,-19.0,-7402.0,0.0,0.0,1000.0,599.0,13570.0,12693.0,578.0,1094.0,11260.0,11039.0,180.0,180.0,7994459
GRAND EST,2017-05-10 15:30:00,2017,130,15:30:00,130.65,1702.0,8619.0,192.0,322.0,1150.0,80.0,0.0,-6786.0,0.0,0.0,3453.0,2949.0,10820.0,9524.0,2891.0,536.0,2298.0,2029.0,140.0,140.0,5549586
OCCITANIE,2019-09-20 04:00:00,2019,263,04:00:00,263.17,0.0,1625.0,255.0,0.0,179.0,72.0,-628.0,1338.0,0.0,0.0,307.0,307.0,2620.0,2620.0,1559.0,2126.0,5489.0,5211.0,146.0,146.0,5933185
BOURGOGNE FRANCHE COMTE,2014-08-30 13:30:00,2014,242,13:30:00,242.56,15.0,0.0,2.0,89.0,46.0,21.0,0.0,1702.0,0.0,0.0,313.0,68.0,0.0,0.0,254.0,251.0,508.0,508.0,28.0,28.0,2820623
BRETAGNE,2013-04-22 11:30:00,2013,112,11:30:00,112.48,0.0,0.0,6.0,43.0,91.0,10.0,0.0,2790.0,0.0,0.0,658.0,658.0,0.0,0.0,716.0,203.0,11.0,11.0,37.0,37.0,3258707
ILE DE FRANCE,2020-04-08 03:30:00,2020,99,03:30:00,99.15,0.0,0.0,2.0,0.0,8.0,127.0,0.0,4881.0,0.0,0.0,2170.0,2094.0,0.0,0.0,108.0,144.0,20.0,20.0,314.0,314.0,12271794
ILE DE FRANCE,2019-05-11 17:30:00,2019,131,17:30:00,131.73,-1.0,0.0,24.0,25.0,6.0,132.0,0.0,6889.0,0.0,0.0,2170.0,2038.0,0.0,0.0,88.0,126.0,20.0,20.0,306.0,306.0,12262544
BOURGOGNE FRANCHE COMTE,2019-06-23 04:00:00,2019,174,04:00:00,174.17,23.0,0.0,113.0,0.0,157.0,30.0,0.0,1111.0,0.0,0.0,401.0,401.0,0.0,0.0,831.0,336.0,520.0,520.0,67.0,67.0,2805580
BOURGOGNE FRANCHE COMTE,2016-08-03 20:30:00,2016,216,20:30:00,216.85,24.0,0.0,61.0,4.0,27.0,24.0,0.0,1794.0,0.0,0.0,329.0,329.0,0.0,0.0,446.0,264.0,513.0,513.0,30.0,30.0,2818338
GRAND EST,2022-08-02 08:00:00,2022,214,08:00:00,214.33,294.0,2332.0,23.0,111.0,499.0,137.0,-163.0,-91.0,0.0,0.0,3590.0,3149.0,10820.0,9782.0,4290.0,1078.0,2308.0,1954.0,235.0,235.0,5563889
NOUVELLE AQUITAINE,2019-10-12 00:00:00,2019,285,00:00:00,285.0,57.0,5747.0,226.0,-1.0,40.0,168.0,0.0,-2217.0,0.0,0.0,538.0,538.0,6630.0,5720.0,1029.0,2591.0,1782.0,1673.0,330.0,330.0,6010289
OCCITANIE,2017-03-21 11:30:00,2017,80,11:30:00,80.48,60.0,1288.0,199.0,576.0,2650.0,76.0,0.0,-321.0,0.0,0.0,282.0,282.0,2620.0,1310.0,1194.0,1701.0,5474.0,4906.0,140.0,140.0,5845102
NOUVELLE AQUITAINE,2017-07-16 13:00:00,2017,197,13:00:00,197.54,38.0,4118.0,57.0,1478.0,74.0,160.0,0.0,-1461.0,0.0,0.0,465.0,465.0,6630.0,5369.0,752.0,1974.0,1780.0,1669.0,306.0,306.0,5956978
PAYS DE LA LOIRE,2015-12-13 10:00:00,2015,347,10:00:00,347.42,930.0,0.0,70.0,14.0,1.0,46.0,0.0,2397.0,0.0,0.0,1876.0,1244.0,0.0,0.0,591.0,456.0,7.0,7.0,61.0,61.0,3718512
NOUVELLE AQUITAINE,2015-10-01 07:30:00,2015,274,07:30:00,274.31,161.0,5689.0,164.0,0.0,419.0,158.0,0.0,-1896.0,0.0,0.0,427.0,427.0,6630.0,5720.0,534.0,1769.0,1777.0,1777.0,239.0,239.0,5911482
PROVENCE ALPES COTE D AZUR,2017-01-08 05:30:00,2017,8,05:30:00,8.23,755.0,0.0,45.0,0.0,363.0,124.0,0.0,4523.0,0.0,0.0,2630.0,2385.0,0.0,0.0,48.0,1056.0,3193.0,3193.0,354.0,354.0,5030890
OCCITANIE,2015-02-03 00:00:00,2015,34,00:00:00,34.0,62.0,2090.0,27.0,0.0,1800.0,95.0,0.0,2551.0,0.0,0.0,266.0,266.0,2620.0,2255.0,943.0,1368.0,5441.0,5214.0,133.0,133.0,5774185
BRETAGNE,2016-07-29 09:30:00,2016,211,09:30:00,211.4,0.0,0.0,66.0,23.0,178.0,35.0,-1.0,2015.0,0.0,0.0,771.0,771.0,0.0,0.0,873.0,228.0,275.0,275.0,56.0,56.0,3306529
BOURGOGNE FRANCHE COMTE,2017-07-04 06:00:00,2017,185,06:00:00,185.25,28.0,0.0,13.0,0.0,14.0,25.0,0.0,1813.0,0.0,0.0,331.0,331.0,0.0,0.0,605.0,269.0,519.0,519.0,32.0,32.0,2811423
BRETAGNE,2015-05-31 10:30:00,2015,151,10:30:00,151.44,0.0,0.0,378.0,19.0,103.0,32.0,-1.0,1264.0,0.0,0.0,724.0,639.0,0.0,0.0,801.0,220.0,272.0,272.0,55.0,55.0,3293850
CENTRE VAL DE LOIRE,2019-08-15 07:30:00,2019,227,07:30:00,227.31,15.0,6285.0,386.0,3.0,0.0,70.0,0.0,-5661.0,0.0,0.0,229.0,229.0,11630.0,10659.0,1177.0,325.0,91.0,91.0,85.0,85.0,2573180
CENTRE VAL DE LOIRE,2013-08-13 19:00:00,2013,225,19:00:00,225.79,6.0,6261.0,49.0,35.0,7.0,33.0,0.0,-4697.0,0.0,0.0,162.0,162.0,11630.0,11630.0,707.0,211.0,91.0,91.0,56.0,56.0,2570548
BRETAGNE,2019-06-23 06:30:00,2019,174,06:30:00,174.27,1.0,0.0,215.0,0.0,178.0,44.0,-1.0,852.0,0.0,0.0,956.0,871.0,0.0,0.0,1021.0,266.0,270.0,270.0,73.0,73.0,3354854
NOUVELLE AQUITAINE,2022-12-29 20:30:00,2022,363,20:30:00,363.85,162.0,2665.0,346.0,0.0,316.0,192.0,0.0,1329.0,0.0,0.0,581.0,581.0,6630.0,5684.0,1644.0,3941.0,1786.0,1786.0,356.0,356.0,6098051
OCCITANIE,2015-08-15 20:30:00,2015,227,20:30:00,227.85,-3.0,431.0,394.0,20.0,542.0,90.0,-414.0,1977.0,0.0,0.0,266.0,0.0,2620.0,1310.0,1039.0,1435.0,5455.0,5228.0,137.0,137.0,5774185
NORMANDIE,2021-10-23 01:30:00,2021,296,01:30:00,296.06,200.0,8446.0,61.0,0.0,9.0,94.0,0.0,-5882.0,0.0,0.0,852.0,852.0,10640.0,9472.0,878.0,300.0,31.0,31.0,147.0,147.0,3327966
CENTRE VAL DE LOIRE,2017-10-22 13:30:00,2017,295,13:30:00,295.56,2.0,6121.0,716.0,116.0,0.0,67.0,0.0,-5199.0,0.0,0.0,210.0,210.0,11630.0,10655.0,963.0,276.0,91.0,91.0,76.0,76.0,2576252
HAUTS DE FRANCE,2016-09-25 03:00:00,2016,269,03:00:00,269.12,200.0,2707.0,1154.0,0.0,1.0,108.0,0.0,-62.0,0.0,0.0,2870.0,2686.0,5460.0,4550.0,3122.0,213.0,5.0,5.0,164.0,164.0,6006870
NORMANDIE,2013-11-15 09:00:00,2013,319,09:00:00,319.38,379.0,8975.0,290.0,1.0,5.0,56.0,0.0,-5381.0,0.0,0.0,761.0,181.0,10640.0,10640.0,444.0,210.0,24.0,24.0,88.0,88.0,3328364
PROVENCE ALPES COTE D AZUR,2013-09-26 11:30:00,2013,269,11:30:00,269.48,1178.0,0.0,0.0,284.0,1200.0,47.0,0.0,1913.0,0.0,0.0,2590.0,2316.0,0.0,0.0,45.0,729.0,3159.0,3159.0,151.0,151.0,4953675
NORMANDIE,2021-11-30 19:30:00,2021,334,19:30:00,334.81,373.0,7637.0,688.0,0.0,8.0,88.0,0.0,-4574.0,0.0,0.0,852.0,852.0,10640.0,9443.0,893.0,303.0,31.0,31.0,148.0,148.0,3327966
PROVENCE ALPES COTE D AZUR,2014-07-24 09:30:00,2014,205,09:30:00,205.4,112.0,0.0,0.0,252.0,1431.0,63.0,0.0,2783.0,0.0,0.0,2592.0,2268.0,0.0,0.0,45.0,871.0,3165.0,3165.0,170.0,170.0,4983438
NOUVELLE AQUITAINE,2017-11-24 12:30:00,2017,328,12:30:00,328.52,210.0,6713.0,166.0,168.0,204.0,191.0,0.0,-1774.0,0.0,0.0,473.0,473.0,6630.0,6630.0,882.0,2166.0,1780.0,1780.0,307.0,307.0,5956978
PAYS DE LA LOIRE,2015-11-25 03:00:00,2015,329,03:00:00,329.12,300.0,0.0,179.0,0.0,2.0,47.0,0.0,2620.0,0.0,0.0,1876.0,1244.0,0.0,0.0,591.0,456.0,7.0,7.0,61.0,61.0,3718512
AUVERGNE RHONE ALPES,2020-06-25 13:00:00,2020,177,13:00:00,177.54,328.0,7096.0,33.0,757.0,3923.0,109.0,-7.0,-4629.0,0.0,0.0,1034.0,1034.0,13570.0,12629.0,647.0,1271.0,11746.0,11557.0,192.0,192.0,8078652
CENTRE VAL DE LOIRE,2016-10-28 09:00:00,2016,302,09:00:00,302.38,12.0,8872.0,34.0,5.0,0.0,41.0,0.0,-6413.0,0.0,0.0,178.0,178.0,11630.0,10722.0,896.0,261.0,91.0,91.0,71.0,71.0,2577866
HAUTS DE FRANCE,2020-11-16 01:00:00,2020,321,01:00:00,321.04,534.0,3411.0,3162.0,0.0,1.0,123.0,0.0,-1774.0,0.0,0.0,2984.0,2984.0,5460.0,4584.0,5285.0,272.0,5.0,5.0,181.0,181.0,5997734
OCCITANIE,2016-09-14 18:00:00,2016,258,18:00:00,258.75,1.0,2539.0,328.0,111.0,603.0,83.0,-7.0,181.0,0.0,0.0,266.0,266.0,2620.0,2620.0,1142.0,1624.0,5463.0,5093.0,139.0,139.0,5808435
BOURGOGNE FRANCHE COMTE,2017-12-23 11:00:00,2017,357,11:00:00,357.46,168.0,0.0,4.0,12.0,108.0,25.0,0.0,2544.0,0.0,0.0,356.0,356.0,0.0,0.0,676.0,304.0,520.0,520.0,35.0,35.0,2811423
NOUVELLE AQUITAINE,2013-03-04 00:00:00,2013,63,00:00:00,63.0,237.0,6537.0,113.0,0.0,628.0,143.0,0.0,-1459.0,0.0,0.0,418.0,418.0,6630.0,6630.0,356.0,948.0,1759.0,1759.0,208.0,208.0,5844177
GRAND EST,2020-05-31 10:00:00,2020,152,10:00:00,152.42,45.0,2324.0,1071.0,292.0,640.0,126.0,-348.0,-558.0,0.0,0.0,3535.0,3057.0,10820.0,9660.0,3606.0,621.0,2304.0,1933.0,183.0,183.0,5562651
PAYS DE LA LOIRE,2021-08-24 13:30:00,2021,236,13:30:00,236.56,0.0,0.0,351.0,337.0,1.0,57.0,0.0,2308.0,0.0,0.0,2056.0,2056.0,0.0,0.0,1115.0,766.0,10.0,10.0,79.0,79.0,3853999
PAYS DE LA LOIRE,2020-05-14 03:00:00,2020,135,03:00:00,135.12,385.0,0.0,555.0,0.0,3.0,53.0,0.0,1403.0,0.0,0.0,2050.0,1760.0,0.0,0.0,989.0,637.0,10.0,10.0,77.0,77.0,3832120
CENTRE VAL DE LOIRE,2017-02-20 01:30:00,2017,51,01:30:00,51.06,106.0,11147.0,61.0,0.0,5.0,47.0,0.0,-8854.0,0.0,0.0,198.0,198.0,11630.0,11133.0,937.0,264.0,91.0,91.0,76.0,76.0,2576252
PROVENCE ALPES COTE D AZUR,2019-01-16 04:00:00,2019,16,04:00:00,16.17,1763.0,0.0,1.0,0.0,727.0,98.0,-51.0,2941.0,0.0,0.0,2673.0,2296.0,0.0,0.0,48.0,1327.0,3239.0,3115.0,357.0,207.0,5081101
AUVERGNE RHONE ALPES,2018-11-30 12:30:00,2018,334,12:30:00,334.52,634.0,9404.0,27.0,110.0,3227.0,143.0,-6.0,-3734.0,0.0,0.0,1025.0,1025.0,13570.0,12596.0,607.0,1112.0,11266.0,11087.0,189.0,189.0,7994459
PROVENCE ALPES COTE D AZUR,2021-02-13 13:30:00,2021,44,13:30:00,44.56,1760.0,0.0,21.0,517.0,1725.0,72.0,0.0,2106.0,0.0,0.0,2715.0,2386.0,0.0,0.0,96.0,1560.0,3266.0,3235.0,357.0,357.0,5127840
ILE DE FRANCE,2019-12-23 08:30:00,2019,357,08:30:00,357.35,314.0,0.0,80.0,0.0,1.0,129.0,0.0,8820.0,0.0,0.0,2170.0,2170.0,0.0,0.0,108.0,143.0,20.0,20.0,314.0,314.0,12262544
GRAND EST,2019-04-03 07:00:00,2019,93,07:00:00,93.29,1609.0,7348.0,618.0,0.0,784.0,113.0,0.0,-4922.0,0.0,0.0,3531.0,3531.0,10820.0,9565.0,3355.0,564.0,2302.0,2040.0,168.0,168.0,5556219
NOUVELLE AQUITAINE,2015-10-21 07:30:00,2015,294,07:30:00,294.31,65.0,6581.0,39.0,-1.0,235.0,150.0,0.0,-1536.0,0.0,0.0,427.0,427.0,6630.0,6630.0,534.0,1771.0,1777.0,1777.0,239.0,239.0,5911482
AUVERGNE RHONE ALPES,2017-07-14 16:00:00,2017,195,16:00:00,195.67,31.0,8873.0,145.0,444.0,2567.0,111.0,-996.0,-4907.0,0.0,0.0,985.0,584.0,13570.0,12591.0,486.0,953.0,11246.0,11067.0,178.0,178.0,7948287
GRAND EST,2016-11-10 00:00:00,2016,315,00:00:00,315.0,1926.0,9988.0,1882.0,0.0,705.0,114.0,-177.0,-8189.0,0.0,0.0,3443.0,3030.0,10820.0,9660.0,2682.0,529.0,2295.0,2045.0,137.0,137.0,5555186
ILE DE FRANCE,2017-08-05 00:30:00,2017,217,00:30:00,217.02,1.0,0.0,3.0,0.0,3.0,151.0,0.0,5479.0,0.0,0.0,2149.0,1811.0,0.0,0.0,88.0,117.0,19.0,19.0,301.0,301.0,12174880
BRETAGNE,2018-06-04 06:30:00,2018,155,06:30:00,155.27,1.0,0.0,88.0,0.0,122.0,50.0,-1.0,1488.0,0.0,0.0,904.0,794.0,0.0,0.0,957.0,252.0,270.0,270.0,68.0,68.0,3335414
CENTRE VAL DE LOIRE,2014-08-31 04:30:00,2014,243,04:30:00,243.19,1.0,7054.0,59.0,0.0,2.0,48.0,0.0,-6047.0,0.0,0.0,162.0,162.0,11630.0,11630.0,801.0,220.0,91.0,91.0,57.0,57.0,2577435
PAYS DE LA LOIRE,2018-09-13 03:30:00,2018,256,03:30:00,256.15,8.0,0.0,70.0,0.0,0.0,36.0,0.0,1933.0,0.0,0.0,1976.0,1745.0,0.0,0.0,824.0,550.0,8.0,8.0,70.0,70.0,3781423
PROVENCE ALPES COTE D AZUR,2017-03-24 10:00:00,2017,83,10:00:00,83.42,1936.0,0.0,1.0,65.0,1608.0,116.0,0.0,1327.0,0.0,0.0,2630.0,2268.0,0.0,0.0,48.0,1060.0,3193.0,3193.0,354.0,354.0,5030890
AUVERGNE RHONE ALPES,2014-04-04 06:00:00,2014,94,06:00:00,94.25,31.0,10167.0,57.0,0.0,2593.0,79.0,-1564.0,-4363.0,0.0,0.0,938.0,938.0,13570.0,13570.0,347.0,802.0,11136.0,11136.0,140.0,140.0,7820966
BRETAGNE,2015-04-07 22:00:00,2015,97,22:00:00,97.92,0.0,0.0,283.0,0.0,3.0,35.0,-1.0,2141.0,0.0,0.0,724.0,639.0,0.0,0.0,801.0,220.0,272.0,272.0,55.0,55.0,3293850
AUVERGNE RHONE ALPES,2013-05-26 16:00:00,2013,146,16:00:00,146.67,27.0,10152.0,64.0,215.0,3569.0,66.0,-1564.0,-6329.0,0.0,0.0,919.0,919.0,13570.0,13570.0,335.0,716.0,11116.0,10959.0,106.0,106.0,7757595
HAUTS DE FRANCE,2020-04-10 11:00:00,2020,101,11:00:00,101.46,232.0,4530.0,129.0,71.0,2.0,113.0,0.0,-500.0,0.0,0.0,2970.0,2739.0,5460.0,4550.0,5037.0,242.0,5.0,5.0,181.0,181.0,5997734
NORMANDIE,2017-02-03 06:00:00,2017,34,06:00:00,34.25,707.0,8858.0,289.0,0.0,14.0,44.0,0.0,-6367.0,0.0,0.0,785.0,626.0,10640.0,9868.0,622.0,220.0,31.0,31.0,97.0,97.0,3330478
OCCITANIE,2015-04-17 15:00:00,2015,107,15:00:00,107.62,-5.0,2399.0,180.0,431.0,1604.0,67.0,-11.0,-860.0,0.0,0.0,266.0,0.0,2620.0,2620.0,943.0,1385.0,5448.0,4880.0,133.0,133.0,5774185
NOUVELLE AQUITAINE,2019-02-11 08:30:00,2019,42,08:30:00,42.35,232.0,6672.0,308.0,32.0,551.0,198.0,0.0,-814.0,0.0,0.0,538.0,538.0,6630.0,6630.0,975.0,2444.0,1781.0,1670.0,318.0,318.0,6010289
BRETAGNE,2013-11-15 00:30:00,2013,319,00:30:00,319.02,72.0,0.0,300.0,0.0,137.0,23.0,0.0,2523.0,0.0,0.0,676.0,676.0,0.0,0.0,739.0,207.0,251.0,251.0,49.0,49.0,3258707
BOURGOGNE FRANCHE COMTE,2019-12-04 16:30:00,2019,338,16:30:00,338.69,177.0,0.0,8.0,10.0,315.0,25.0,0.0,2746.0,0.0,0.0,401.0,401.0,0.0,0.0,857.0,343.0,521.0,331.0,69.0,69.0,2805580
BRETAGNE,2021-08-10 01:30:00,2021,222,01:30:00,222.06,252.0,0.0,139.0,0.0,205.0,56.0,-1.0,1224.0,0.0,0.0,1428.0,1428.0,0.0,0.0,1106.0,331.0,272.0,272.0,82.0,82.0,3394567
BRETAGNE,2017-04-19 07:30:00,2017,109,07:30:00,109.31,1.0,0.0,224.0,0.0,68.0,37.0,-1.0,2446.0,0.0,0.0,848.0,763.0,0.0,0.0,887.0,234.0,275.0,275.0,61.0,61.0,3318904
HAUTS DE FRANCE,2020-05-28 18:30:00,2020,149,18:30:00,149.77,698.0,4412.0,1851.0,54.0,2.0,107.0,0.0,-2430.0,0.0,0.0,2970.0,2490.0,5460.0,4550.0,5048.0,242.0,5.0,5.0,181.0,181.0,5997734
PAYS DE LA LOIRE,2019-11-12 11:00:00,2019,316,11:00:00,316.46,1094.0,0.0,177.0,166.0,2.0,52.0,0.0,2714.0,0.0,0.0,2037.0,1844.0,0.0,0.0,933.0,609.0,10.0,10.0,75.0,75.0,3806461
NOUVELLE AQUITAINE,2022-06-07 20:30:00,2022,158,20:30:00,158.85,34.0,2699.0,241.0,238.0,402.0,161.0,0.0,251.0,0.0,0.0,579.0,579.0,6630.0,5511.0,1489.0,3640.0,1785.0,1678.0,356.0,356.0,6098051
GRAND EST,2021-08-29 21:30:00,2021,241,21:30:00,241.9,39.0,7554.0,529.0,1.0,1207.0,148.0,0.0,-5424.0,0.0,0.0,3585.0,3585.0,10820.0,10239.0,3939.0,927.0,2305.0,2103.0,209.0,209.0,5561287
HAUTS DE FRANCE,2016-02-23 09:30:00,2016,54,09:30:00,54.4,1488.0,4529.0,233.0,26.0,2.0,106.0,0.0,1028.0,0.0,0.0,2864.0,2864.0,5460.0,4550.0,2896.0,213.0,5.0,5.0,160.0,160.0,6006870
BOURGOGNE FRANCHE COMTE,2014-04-13 03:30:00,2014,103,03:30:00,103.15,27.0,0.0,2.0,0.0,29.0,17.0,0.0,1622.0,0.0,0.0,313.0,68.0,0.0,0.0,242.0,245.0,508.0,508.0,25.0,25.0,2820623
PROVENCE ALPES COTE D AZUR,2019-01-20 14:00:00,2019,20,14:00:00,20.58,1711.0,0.0,0.0,258.0,924.0,105.0,0.0,3123.0,0.0,0.0,2673.0,2296.0,0.0,0.0,48.0,1327.0,3239.0,3115.0,357.0,207.0,5081101
BRETAGNE,2014-05-09 00:00:00,2014,129,00:00:00,129.0,0.0,0.0,149.0,0.0,2.0,28.0,-1.0,2337.0,0.0,0.0,688.0,688.0,0.0,0.0,755.0,211.0,251.0,251.0,51.0,51.0,3276543
NORMANDIE,2017-10-07 04:30:00,2017,280,04:30:00,280.19,815.0,3716.0,160.0,0.0,14.0,46.0,0.0,-2244.0,0.0,0.0,785.0,785.0,10640.0,9310.0,701.0,223.0,31.0,31.0,100.0,100.0,3330478
OCCITANIE,2021-02-27 23:00:00,2021,58,23:00:00,58.96,91.0,2477.0,108.0,1.0,1396.0,93.0,-17.0,527.0,0.0,0.0,318.0,318.0,2620.0,2620.0,1593.0,2454.0,5499.0,5266.0,172.0,172.0,6022176
ILE DE FRANCE,2017-01-31 22:00:00,2017,31,22:00:00,31.92,414.0,0.0,3.0,0.0,10.0,150.0,0.0,9048.0,0.0,0.0,2149.0,1564.0,0.0,0.0,61.0,116.0,19.0,19.0,301.0,301.0,12174880
ILE DE FRANCE,2022-06-30 07:30:00,2022,181,07:30:00,181.31,0.0,0.0,0.0,1.0,5.0,140.0,0.0,6175.0,0.0,0.0,2171.0,2018.0,0.0,0.0,148.0,226.0,20.0,20.0,314.0,314.0,12354286
ILE DE FRANCE,2016-02-22 05:00:00,2016,53,05:00:00,53.21,386.0,0.0,15.0,0.0,0.0,150.0,0.0,6568.0,0.0,0.0,2149.0,2149.0,0.0,0.0,61.0,114.0,19.0,19.0,300.0,300.0,12117132
PROVENCE ALPES COTE D AZUR,2013-12-01 15:30:00,2013,335,15:30:00,335.65,735.0,0.0,42.0,155.0,1024.0,49.0,0.0,3578.0,0.0,0.0,2592.0,2318.0,0.0,0.0,45.0,770.0,3160.0,3160.0,151.0,151.0,4953675
PROVENCE ALPES COTE D AZUR,2016-04-23 22:00:00,2016,114,22:00:00,114.92,37.0,0.0,22.0,0.0,1322.0,101.0,0.0,2579.0,0.0,0.0,2614.0,2296.0,0.0,0.0,48.0,1015.0,3178.0,3055.0,354.0,354.0,5021928
OCCITANIE,2016-08-06 18:00:00,2016,219,18:00:00,219.75,0.0,2474.0,648.0,638.0,631.0,92.0,-630.0,-224.0,0.0,0.0,266.0,266.0,2620.0,2620.0,1142.0,1621.0,5463.0,5254.0,139.0,139.0,5808435
NOUVELLE AQUITAINE,2014-05-18 03:30:00,2014,138,03:30:00,138.15,28.0,5603.0,108.0,0.0,419.0,147.0,0.0,-3020.0,0.0,0.0,421.0,421.0,6630.0,6630.0,417.0,1100.0,1772.0,1772.0,220.0,220.0,5879144
PROVENCE ALPES COTE D AZUR,2018-06-10 13:30:00,2018,161,13:30:00,161.56,29.0,0.0,5.0,572.0,1731.0,34.0,0.0,1664.0,0.0,0.0,2666.0,2253.0,0.0,0.0,48.0,1267.0,3233.0,3233.0,357.0,207.0,5052832
BRETAGNE,2022-08-14 05:00:00,2022,226,05:00:00,226.21,444.0,0.0,89.0,0.0,187.0,56.0,-1.0,559.0,0.0,0.0,1432.0,1432.0,0.0,0.0,1197.0,378.0,272.0,272.0,83.0,83.0,3414637
OCCITANIE,2014-06-28 16:30:00,2014,179,16:30:00,179.69,-2.0,1238.0,234.0,562.0,1008.0,47.0,-491.0,980.0,0.0,0.0,251.0,251.0,2620.0,2620.0,920.0,1256.0,5409.0,5409.0,128.0,128.0,5730753
NOUVELLE AQUITAINE,2021-10-23 01:00:00,2021,296,01:00:00,296.04,85.0,4199.0,155.0,0.0,232.0,159.0,0.0,-399.0,0.0,0.0,578.0,578.0,6630.0,5135.0,1368.0,3309.0,1784.0,1784.0,354.0,354.0,6069352
OCCITANIE,2014-08-29 16:00:00,2014,241,16:00:00,241.67,-3.0,2516.0,141.0,416.0,763.0,60.0,0.0,132.0,0.0,0.0,251.0,251.0,2620.0,2620.0,943.0,1296.0,5411.0,5184.0,132.0,132.0,5730753
HAUTS DE FRANCE,2019-06-15 01:00:00,2019,166,01:00:00,166.04,922.0,2475.0,313.0,0.0,1.0,133.0,0.0,1071.0,0.0,0.0,2969.0,2717.0,5460.0,4614.0,4517.0,236.0,5.0,5.0,178.0,178.0,6004947
PAYS DE LA LOIRE,2013-09-26 15:00:00,2013,269,15:00:00,269.62,1115.0,0.0,14.0,102.0,0.0,25.0,0.0,1652.0,0.0,0.0,1837.0,1837.0,0.0,0.0,490.0,396.0,6.0,6.0,58.0,58.0,3660852
NOUVELLE AQUITAINE,2022-12-19 20:00:00,2022,353,20:00:00,353.83,170.0,2727.0,1035.0,0.0,242.0,187.0,0.0,1303.0,0.0,0.0,581.0,581.0,6630.0,5677.0,1616.0,3934.0,1786.0,1786.0,356.0,356.0,6098051
ILE DE FRANCE,2020-03-27 21:00:00,2020,87,21:00:00,87.88,369.0,0.0,15.0,0.0,6.0,141.0,0.0,7613.0,0.0,0.0,2170.0,2128.0,0.0,0.0,108.0,144.0,20.0,20.0,314.0,314.0,12271794
BRETAGNE,2020-02-13 21:00:00,2020,44,21:00:00,44.88,260.0,0.0,549.0,0.0,48.0,48.0,-1.0,2427.0,0.0,0.0,978.0,893.0,0.0,0.0,1021.0,278.0,272.0,272.0,78.0,78.0,3373835
PAYS DE LA LOIRE,2021-04-09 18:00:00,2021,99,18:00:00,99.75,390.0,0.0,191.0,143.0,3.0,55.0,0.0,2055.0,0.0,0.0,2055.0,2055.0,0.0,0.0,1088.0,707.0,10.0,10.0,78.0,78.0,3853999
BOURGOGNE FRANCHE COMTE,2022-10-22 15:00:00,2022,295,15:00:00,295.62,54.0,0.0,94.0,317.0,72.0,52.0,0.0,1285.0,0.0,0.0,401.0,401.0,0.0,0.0,1067.0,624.0,524.0,524.0,75.0,75.0,2797366
NOUVELLE AQUITAINE,2016-05-31 21:00:00,2016,152,21:00:00,152.88,29.0,5695.0,118.0,39.0,958.0,172.0,0.0,-2959.0,0.0,0.0,429.0,429.0,6630.0,5720.0,579.0,1866.0,1778.0,1672.0,280.0,280.0,5935603
PROVENCE ALPES COTE D AZUR,2018-04-09 05:00:00,2018,99,05:00:00,99.21,32.0,0.0,0.0,0.0,1666.0,182.0,0.0,1754.0,0.0,0.0,2666.0,2304.0,0.0,0.0,48.0,1243.0,3233.0,3067.0,357.0,357.0,5052832
NOUVELLE AQUITAINE,2021-12-24 06:00:00,2021,358,06:00:00,358.25,294.0,3113.0,530.0,0.0,341.0,202.0,0.0,758.0,0.0,0.0,578.0,578.0,6630.0,5135.0,1368.0,3443.0,1784.0,1784.0,356.0,356.0,6069352
BRETAGNE,2014-02-01 17:30:00,2014,32,17:30:00,32.73,87.0,0.0,302.0,7.0,78.0,33.0,-1.0,2379.0,0.0,0.0,684.0,684.0,0.0,0.0,747.0,209.0,251.0,251.0,50.0,50.0,3276543
AUVERGNE RHONE ALPES,2016-08-17 05:30:00,2016,230,05:30:00,230.23,63.0,5512.0,9.0,0.0,1622.0,113.0,-1309.0,-964.0,0.0,0.0,959.0,959.0,13570.0,12598.0,399.0,924.0,11223.0,11042.0,174.0,174.0,7916889
ILE DE FRANCE,2018-12-18 18:30:00,2018,352,18:30:00,352.77,428.0,0.0,30.0,0.0,10.0,156.0,0.0,11555.0,0.0,0.0,2169.0,2127.0,0.0,0.0,88.0,124.0,20.0,20.0,306.0,306.0,12213447
OCCITANIE,2021-04-09 18:00:00,2021,99,18:00:00,99.75,0.0,2550.0,1126.0,259.0,2308.0,88.0,0.0,-2107.0,0.0,0.0,318.0,318.0,2620.0,2620.0,1593.0,2522.0,5499.0,5266.0,172.0,172.0,6022176
NOUVELLE AQUITAINE,2016-04-27 10:00:00,2016,118,10:00:00,118.42,83.0,4306.0,13.0,721.0,1027.0,156.0,0.0,-244.0,0.0,0.0,429.0,429.0,6630.0,5525.0,559.0,1847.0,1778.0,1778.0,279.0,279.0,5935603
PROVENCE ALPES COTE D AZUR,2020-09-11 11:00:00,2020,255,11:00:00,255.46,520.0,0.0,3.0,518.0,432.0,72.0,0.0,2823.0,0.0,0.0,2710.0,2297.0,0.0,0.0,48.0,1507.0,3262.0,3185.0,357.0,207.0,5098666
ILE DE FRANCE,2017-03-24 08:30:00,2017,83,08:30:00,83.35,409.0,0.0,5.0,1.0,7.0,127.0,0.0,9341.0,0.0,0.0,2149.0,1621.0,0.0,0.0,73.0,116.0,19.0,19.0,301.0,301.0,12174880
ILE DE FRANCE,2014-10-13 16:30:00,2014,286,16:30:00,286.69,248.0,0.0,12.0,19.0,11.0,140.0,0.0,7508.0,0.0,0.0,2122.0,2122.0,0.0,0.0,37.0,112.0,19.0,19.0,282.0,282.0,12027565
AUVERGNE RHONE ALPES,2017-01-18 01:30:00,2017,18,01:30:00,18.06,765.0,11471.0,130.0,0.0,2905.0,119.0,-82.0,-4085.0,0.0,0.0,984.0,984.0,13570.0,12729.0,425.0,936.0,11233.0,11024.0,177.0,177.0,7948287
GRAND EST,2018-03-20 07:30:00,2018,79,07:30:00,79.31,2269.0,10153.0,1536.0,16.0,1266.0,100.0,0.0,-7882.0,0.0,0.0,3471.0,3471.0,10820.0,9793.0,3053.0,553.0,2300.0,2072.0,146.0,146.0,5550389
ILE DE FRANCE,2021-02-13 08:30:00,2021,44,08:30:00,44.35,402.0,0.0,60.0,3.0,0.0,120.0,0.0,11492.0,0.0,0.0,2171.0,2171.0,0.0,0.0,125.0,171.0,20.0,20.0,314.0,314.0,12317279
CENTRE VAL DE LOIRE,2019-10-13 22:00:00,2019,286,22:00:00,286.92,25.0,6426.0,163.0,0.0,0.0,60.0,0.0,-5046.0,0.0,0.0,229.0,229.0,11630.0,10626.0,1195.0,338.0,91.0,91.0,86.0,86.0,2573180
GRAND EST,2019-03-24 08:30:00,2019,83,08:30:00,83.35,255.0,9633.0,223.0,170.0,914.0,124.0,-174.0,-6634.0,0.0,0.0,3531.0,3531.0,10820.0,9540.0,3355.0,564.0,2302.0,2046.0,167.0,167.0,5556219
CENTRE VAL DE LOIRE,2017-07-24 06:30:00,2017,205,06:30:00,205.27,0.0,6441.0,175.0,0.0,0.0,67.0,0.0,-5178.0,0.0,0.0,198.0,198.0,11630.0,10728.0,963.0,270.0,91.0,91.0,76.0,76.0,2576252
ILE DE FRANCE,2016-06-30 10:30:00,2016,182,10:30:00,182.44,-7.0,0.0,9.0,11.0,1.0,181.0,0.0,7872.0,0.0,0.0,2149.0,1618.0,0.0,0.0,61.0,115.0,19.0,19.0,300.0,300.0,12117132
NOUVELLE AQUITAINE,2021-02-14 23:00:00,2021,45,23:00:00,45.96,208.0,4724.0,842.0,0.0,1082.0,164.0,0.0,-528.0,0.0,0.0,577.0,577.0,6630.0,5135.0,1206.0,2945.0,1783.0,1783.0,353.0,353.0,6069352
HAUTS DE FRANCE,2020-10-19 12:00:00,2020,293,12:00:00,293.5,1393.0,2668.0,421.0,86.0,1.0,100.0,0.0,1769.0,0.0,0.0,2984.0,2847.0,5460.0,4550.0,5222.0,272.0,5.0,5.0,181.0,181.0,5997734
NORMANDIE,2019-06-22 03:30:00,2019,173,03:30:00,173.15,170.0,6615.0,37.0,0.0,13.0,53.0,0.0,-4697.0,0.0,0.0,833.0,833.0,10640.0,9610.0,801.0,255.0,31.0,31.0,106.0,106.0,3325032
PAYS DE LA LOIRE,2020-10-14 21:30:00,2020,288,21:30:00,288.9,344.0,0.0,325.0,0.0,0.0,48.0,0.0,2477.0,0.0,0.0,2050.0,2022.0,0.0,0.0,1035.0,663.0,10.0,10.0,77.0,77.0,3832120
AUVERGNE RHONE ALPES,2019-07-02 10:30:00,2019,183,10:30:00,183.44,16.0,9936.0,55.0,481.0,3826.0,94.0,-26.0,-6655.0,0.0,0.0,1027.0,1027.0,13570.0,12702.0,635.0,1157.0,11247.0,11087.0,190.0,190.0,8042936
BRETAGNE,2018-03-16 08:30:00,2018,75,08:30:00,75.35,403.0,0.0,104.0,11.0,20.0,41.0,-34.0,2999.0,0.0,0.0,904.0,904.0,0.0,0.0,951.0,252.0,270.0,270.0,68.0,68.0,3335414
HAUTS DE FRANCE,2019-10-26 01:30:00,2019,299,01:30:00,299.06,666.0,2667.0,2680.0,0.0,2.0,130.0,0.0,-786.0,0.0,0.0,2969.0,2822.0,5460.0,4550.0,4636.0,239.0,5.0,5.0,180.0,180.0,6004947
NOUVELLE AQUITAINE,2019-12-29 20:30:00,2019,363,20:30:00,363.85,163.0,5811.0,230.0,-1.0,1084.0,175.0,0.0,-1170.0,0.0,0.0,571.0,571.0,6630.0,5720.0,1075.0,2615.0,1783.0,1678.0,340.0,340.0,6010289
AUVERGNE RHONE ALPES,2016-04-09 04:00:00,2016,100,04:00:00,100.17,36.0,8829.0,193.0,0.0,2759.0,112.0,-1056.0,-3619.0,0.0,0.0,959.0,558.0,13570.0,12700.0,384.0,910.0,11205.0,11021.0,170.0,170.0,7916889
GRAND EST,2014-07-02 08:30:00,2014,183,08:30:00,183.35,635.0,11668.0,176.0,94.0,1033.0,62.0,0.0,-8634.0,0.0,0.0,3398.0,3198.0,10820.0,10820.0,2112.0,515.0,2283.0,2283.0,97.0,97.0,5554645
CENTRE VAL DE LOIRE,2016-06-02 17:30:00,2016,154,17:30:00,154.73,0.0,8330.0,281.0,16.0,54.0,40.0,0.0,-6820.0,0.0,0.0,170.0,170.0,11630.0,10883.0,874.0,249.0,91.0,91.0,71.0,71.0,2577866
NOUVELLE AQUITAINE,2020-06-30 00:30:00,2020,182,00:30:00,182.02,12.0,1234.0,130.0,0.0,281.0,199.0,0.0,2070.0,0.0,0.0,571.0,571.0,6630.0,5568.0,1153.0,2690.0,1783.0,1674.0,341.0,341.0,6033952
BOURGOGNE FRANCHE COMTE,2016-09-26 16:30:00,2016,270,16:30:00,270.69,27.0,0.0,15.0,44.0,228.0,14.0,0.0,1940.0,0.0,0.0,329.0,329.0,0.0,0.0,452.0,265.0,513.0,513.0,31.0,31.0,2818338
HAUTS DE FRANCE,2021-03-10 13:00:00,2021,69,13:00:00,69.54,1989.0,3624.0,4134.0,84.0,2.0,133.0,0.0,-2740.0,0.0,0.0,2990.0,2990.0,5460.0,4550.0,5430.0,315.0,5.0,5.0,182.0,182.0,5995292
NOUVELLE AQUITAINE,2021-09-04 15:00:00,2021,247,15:00:00,247.62,12.0,4172.0,33.0,1680.0,47.0,188.0,0.0,-1876.0,0.0,0.0,578.0,578.0,6630.0,5135.0,1311.0,3248.0,1784.0,1784.0,354.0,354.0,6069352
CENTRE VAL DE LOIRE,2015-03-25 09:30:00,2015,84,09:30:00,84.4,76.0,10454.0,60.0,56.0,51.0,53.0,0.0,-7846.0,0.0,0.0,166.0,166.0,11630.0,11048.0,818.0,227.0,91.0,91.0,71.0,71.0,2578592
BRETAGNE,2016-04-16 21:30:00,2016,107,21:30:00,107.9,0.0,0.0,169.0,0.0,97.0,35.0,-1.0,1918.0,0.0,0.0,771.0,637.0,0.0,0.0,829.0,225.0,275.0,275.0,56.0,56.0,3306529
BOURGOGNE FRANCHE COMTE,2013-09-07 04:30:00,2013,250,04:30:00,250.19,23.0,0.0,2.0,0.0,14.0,16.0,0.0,1536.0,0.0,0.0,301.0,301.0,0.0,0.0,204.0,240.0,480.0,480.0,25.0,25.0,2819783
BRETAGNE,2015-10-06 17:30:00,2015,279,17:30:00,279.73,0.0,0.0,611.0,18.0,4.0,36.0,-1.0,1667.0,0.0,0.0,724.0,639.0,0.0,0.0,801.0,222.0,275.0,275.0,55.0,55.0,3293850
ILE DE FRANCE,2017-01-05 07:30:00,2017,5,07:30:00,5.31,1793.0,0.0,8.0,0.0,10.0,150.0,0.0,10516.0,0.0,0.0,2149.0,1564.0,0.0,0.0,61.0,116.0,19.0,19.0,301.0,301.0,12174880
BRETAGNE,2019-11-11 01:30:00,2019,315,01:30:00,315.06,188.0,0.0,169.0,0.0,210.0,43.0,-1.0,2129.0,0.0,0.0,974.0,840.0,0.0,0.0,1021.0,271.0,272.0,272.0,75.0,75.0,3354854
NOUVELLE AQUITAINE,2015-05-11 03:30:00,2015,131,03:30:00,131.15,16.0,2707.0,45.0,0.0,500.0,155.0,0.0,-363.0,0.0,0.0,427.0,427.0,6630.0,5525.0,479.0,1488.0,1775.0,1670.0,239.0,239.0,5911482
PAYS DE LA LOIRE,2018-09-07 00:30:00,2018,250,00:30:00,250.02,489.0,0.0,99.0,0.0,0.0,44.0,0.0,1969.0,0.0,0.0,1976.0,1769.0,0.0,0.0,824.0,550.0,8.0,8.0,70.0,70.0,3781423
ILE DE FRANCE,2014-09-03 20:00:00,2014,246,20:00:00,246.83,-4.0,0.0,3.0,1.0,8.0,118.0,0.0,7705.0,0.0,0.0,2122.0,2122.0,0.0,0.0,37.0,111.0,19.0,19.0,282.0,282.0,12027565
GRAND EST,2020-10-27 04:00:00,2020,301,04:00:00,301.17,334.0,9687.0,1328.0,0.0,981.0,118.0,-334.0,-7519.0,0.0,0.0,3585.0,3272.0,10820.0,9683.0,3833.0,666.0,2305.0,2027.0,190.0,190.0,5562651
OCCITANIE,2020-09-19 04:30:00,2020,263,04:30:00,263.19,0.0,1166.0,581.0,0.0,305.0,60.0,-244.0,927.0,0.0,0.0,314.0,314.0,2620.0,1310.0,1593.0,2281.0,5494.0,5261.0,171.0,171.0,5973969
BRETAGNE,2017-06-17 18:00:00,2017,168,18:00:00,168.75,1.0,0.0,84.0,92.0,109.0,43.0,-1.0,1433.0,0.0,0.0,848.0,763.0,0.0,0.0,898.0,237.0,275.0,275.0,66.0,66.0,3318904
AUVERGNE RHONE ALPES,2016-04-01 10:00:00,2016,92,10:00:00,92.42,70.0,9744.0,96.0,63.0,4694.0,119.0,-4.0,-5571.0,0.0,0.0,959.0,558.0,13570.0,12737.0,384.0,910.0,11205.0,11008.0,170.0,170.0,7916889
PAYS DE LA LOIRE,2016-06-13 11:30:00,2016,165,11:30:00,165.48,13.0,0.0,68.0,94.0,3.0,35.0,0.0,2835.0,0.0,0.0,1880.0,1337.0,0.0,0.0,649.0,467.0,8.0,8.0,62.0,62.0,3737632
GRAND EST,2017-09-27 15:30:00,2017,270,15:30:00,270.65,2152.0,7049.0,54.0,239.0,787.0,84.0,0.0,-5186.0,0.0,0.0,3464.0,2869.0,10820.0,9602.0,3030.0,549.0,2298.0,1980.0,141.0,141.0,5549586
NOUVELLE AQUITAINE,2018-06-29 06:30:00,2018,180,06:30:00,180.27,24.0,4274.0,333.0,2.0,327.0,178.0,0.0,-1287.0,0.0,0.0,482.0,482.0,6630.0,5900.0,924.0,2356.0,1781.0,1670.0,315.0,315.0,5979778
ILE DE FRANCE,2021-03-27 09:00:00,2021,86,09:00:00,86.38,281.0,0.0,37.0,28.0,10.0,147.0,0.0,7806.0,0.0,0.0,2171.0,2171.0,0.0,0.0,125.0,171.0,20.0,20.0,314.0,314.0,12317279
ILE DE FRANCE,2021-09-02 08:30:00,2021,245,08:30:00,245.35,0.0,0.0,36.0,17.0,6.0,141.0,0.0,6591.0,0.0,0.0,2171.0,2171.0,0.0,0.0,148.0,175.0,20.0,20.0,314.0,314.0,12317279
BOURGOGNE FRANCHE COMTE,2022-07-05 15:00:00,2022,186,15:00:00,186.62,0.0,0.0,36.0,386.0,11.0,53.0,0.0,1802.0,0.0,0.0,401.0,401.0,0.0,0.0,1049.0,564.0,524.0,393.0,75.0,75.0,2797366
OCCITANIE,2017-03-04 09:30:00,2017,63,09:30:00,63.4,60.0,2388.0,593.0,97.0,1158.0,91.0,-44.0,704.0,0.0,0.0,282.0,282.0,2620.0,1937.0,1194.0,1700.0,5473.0,5246.0,140.0,140.0,5845102
BRETAGNE,2021-07-07 09:00:00,2021,188,09:00:00,188.38,3.0,0.0,86.0,37.0,11.0,56.0,-1.0,2300.0,0.0,0.0,1428.0,1428.0,0.0,0.0,1106.0,328.0,272.0,272.0,82.0,82.0,3394567
PROVENCE ALPES COTE D AZUR,2016-08-18 20:00:00,2016,231,20:00:00,231.83,505.0,0.0,4.0,23.0,878.0,114.0,0.0,3090.0,0.0,0.0,2614.0,2219.0,0.0,0.0,48.0,1046.0,3191.0,3065.0,354.0,354.0,5021928
BOURGOGNE FRANCHE COMTE,2020-04-01 21:00:00,2020,92,21:00:00,92.88,59.0,0.0,121.0,0.0,185.0,47.0,0.0,1866.0,0.0,0.0,401.0,401.0,0.0,0.0,877.0,347.0,521.0,521.0,69.0,69.0,2801695
HAUTS DE FRANCE,2014-05-11 03:30:00,2014,131,03:30:00,131.15,226.0,3480.0,1339.0,0.0,2.0,91.0,0.0,-481.0,0.0,0.0,2278.0,2278.0,5460.0,5460.0,2316.0,211.0,5.0,5.0,139.0,139.0,6006156
ILE DE FRANCE,2022-03-08 09:30:00,2022,67,09:30:00,67.4,926.0,0.0,15.0,50.0,10.0,126.0,0.0,10753.0,0.0,0.0,2171.0,2129.0,0.0,0.0,148.0,207.0,20.0,20.0,314.0,314.0,12354286
CENTRE VAL DE LOIRE,2018-02-10 17:00:00,2018,41,17:00:00,41.71,119.0,10353.0,314.0,25.0,34.0,53.0,0.0,-8147.0,0.0,0.0,216.0,216.0,11630.0,10320.0,996.0,284.0,91.0,91.0,76.0,76.0,2572853
BOURGOGNE FRANCHE COMTE,2020-02-05 19:00:00,2020,36,19:00:00,36.79,174.0,0.0,167.0,0.0,299.0,33.0,0.0,2709.0,0.0,0.0,401.0,401.0,0.0,0.0,877.0,345.0,521.0,521.0,69.0,69.0,2801695
HAUTS DE FRANCE,2020-05-20 17:30:00,2020,141,17:30:00,141.73,1138.0,4433.0,165.0,67.0,2.0,107.0,0.0,-1379.0,0.0,0.0,2970.0,2490.0,5460.0,4550.0,5048.0,242.0,5.0,5.0,181.0,181.0,5997734
BRETAGNE,2018-10-15 13:00:00,2018,288,13:00:00,288.54,4.0,0.0,21.0,33.0,5.0,37.0,-45.0,2678.0,0.0,0.0,927.0,842.0,0.0,0.0,988.0,255.0,270.0,270.0,69.0,69.0,3335414
HAUTS DE FRANCE,2018-09-27 23:00:00,2018,270,23:00:00,270.96,294.0,2756.0,229.0,0.0,0.0,119.0,0.0,1956.0,0.0,0.0,2947.0,2726.0,5460.0,4656.0,4027.0,229.0,5.0,5.0,171.0,171.0,6004108
BRETAGNE,2014-06-21 13:30:00,2014,172,13:30:00,172.56,1.0,0.0,95.0,116.0,3.0,19.0,-1.0,1715.0,0.0,0.0,688.0,688.0,0.0,0.0,763.0,212.0,272.0,272.0,51.0,51.0,3276543
BRETAGNE,2015-03-25 14:30:00,2015,84,14:30:00,84.6,101.0,0.0,136.0,88.0,176.0,34.0,-1.0,2726.0,0.0,0.0,721.0,721.0,0.0,0.0,801.0,219.0,272.0,272.0,54.0,54.0,3293850
CENTRE VAL DE LOIRE,2019-02-09 17:30:00,2019,40,17:30:00,40.73,101.0,11215.0,487.0,6.0,14.0,54.0,0.0,-9539.0,0.0,0.0,228.0,228.0,11630.0,11630.0,1112.0,306.0,91.0,91.0,84.0,84.0,2573180
AUVERGNE RHONE ALPES,2018-08-15 13:30:00,2018,227,13:30:00,227.56,14.0,9238.0,115.0,634.0,2522.0,112.0,-55.0,-6702.0,0.0,0.0,1000.0,599.0,13570.0,12659.0,578.0,1094.0,11260.0,11055.0,180.0,180.0,7994459
ILE DE FRANCE,2014-04-19 04:30:00,2014,109,04:30:00,109.19,-6.0,0.0,7.0,0.0,10.0,158.0,0.0,5693.0,0.0,0.0,2122.0,2122.0,0.0,0.0,37.0,111.0,19.0,19.0,282.0,282.0,12027565
ILE DE FRANCE,2018-03-28 11:30:00,2018,87,11:30:00,87.48,398.0,0.0,45.0,6.0,0.0,145.0,0.0,10362.0,0.0,0.0,2157.0,1976.0,0.0,0.0,88.0,122.0,20.0,20.0,306.0,306.0,12213447
BRETAGNE,2015-08-17 18:00:00,2015,229,18:00:00,229.75,1.0,0.0,31.0,62.0,133.0,39.0,-1.0,1719.0,0.0,0.0,724.0,639.0,0.0,0.0,801.0,221.0,272.0,272.0,55.0,55.0,3293850
ILE DE FRANCE,2022-01-06 02:00:00,2022,6,02:00:00,6.08,478.0,0.0,29.0,0.0,2.0,146.0,0.0,8471.0,0.0,0.0,2171.0,2171.0,0.0,0.0,148.0,195.0,20.0,20.0,314.0,314.0,12354286
BOURGOGNE FRANCHE COMTE,2013-07-01 03:00:00,2013,182,03:00:00,182.12,26.0,0.0,19.0,0.0,60.0,9.0,0.0,1439.0,0.0,0.0,301.0,301.0,0.0,0.0,204.0,229.0,480.0,480.0,24.0,24.0,2819783
AUVERGNE RHONE ALPES,2015-07-02 10:00:00,2015,183,10:00:00,183.42,447.0,10018.0,183.0,272.0,3969.0,87.0,-14.0,-6841.0,0.0,0.0,944.0,944.0,13570.0,12794.0,372.0,881.0,11183.0,10942.0,141.0,141.0,7877698
BOURGOGNE FRANCHE COMTE,2022-03-26 07:00:00,2022,85,07:00:00,85.29,80.0,0.0,471.0,6.0,36.0,53.0,0.0,1378.0,0.0,0.0,401.0,401.0,0.0,0.0,1045.0,512.0,524.0,524.0,74.0,74.0,2797366
NOUVELLE AQUITAINE,2018-09-13 22:30:00,2018,256,22:30:00,256.94,24.0,5557.0,72.0,-1.0,271.0,173.0,0.0,-1981.0,0.0,0.0,485.0,485.0,6630.0,5720.0,947.0,2398.0,1781.0,1781.0,316.0,316.0,5979778
BOURGOGNE FRANCHE COMTE,2016-04-02 16:30:00,2016,93,16:30:00,93.69,33.0,0.0,41.0,33.0,87.0,24.0,0.0,1951.0,0.0,0.0,329.0,329.0,0.0,0.0,414.0,264.0,513.0,513.0,30.0,30.0,2818338
NORMANDIE,2018-11-19 19:00:00,2018,323,19:00:00,323.79,440.0,5581.0,309.0,0.0,17.0,50.0,0.0,-1733.0,0.0,0.0,821.0,241.0,10640.0,9407.0,767.0,251.0,31.0,31.0,105.0,105.0,3327477
NORMANDIE,2022-09-02 16:00:00,2022,245,16:00:00,245.67,220.0,3735.0,7.0,89.0,10.0,94.0,0.0,-1562.0,0.0,0.0,852.0,852.0,10640.0,9310.0,949.0,316.0,31.0,31.0,149.0,149.0,3327604
NORMANDIE,2016-12-17 20:00:00,2016,352,20:00:00,352.83,816.0,8866.0,1.0,0.0,12.0,58.0,0.0,-5658.0,0.0,0.0,785.0,785.0,10640.0,9310.0,616.0,220.0,31.0,31.0,96.0,96.0,3335929
NORMANDIE,2020-12-07 12:30:00,2020,342,12:30:00,342.52,1041.0,5081.0,43.0,19.0,14.0,66.0,0.0,-1652.0,0.0,0.0,852.0,852.0,10640.0,9310.0,831.0,272.0,31.0,31.0,116.0,116.0,3325522
AUVERGNE RHONE ALPES,2014-12-11 17:30:00,2014,345,17:30:00,345.73,640.0,10776.0,150.0,0.0,5560.0,117.0,-7.0,-7221.0,0.0,0.0,940.0,940.0,13570.0,12655.0,347.0,853.0,11165.0,10960.0,141.0,141.0,7820966
GRAND EST,2019-05-26 01:00:00,2019,146,01:00:00,146.04,44.0,5682.0,264.0,0.0,1340.0,102.0,-6.0,-3616.0,0.0,0.0,3531.0,3199.0,10820.0,9572.0,3396.0,580.0,2302.0,2000.0,170.0,170.0,5556219
BOURGOGNE FRANCHE COMTE,2019-08-16 19:30:00,2019,228,19:30:00,228.81,56.0,0.0,89.0,24.0,96.0,22.0,-1.0,1535.0,0.0,0.0,401.0,401.0,0.0,0.0,831.0,339.0,521.0,521.0,67.0,67.0,2805580
NORMANDIE,2013-05-31 06:30:00,2013,151,06:30:00,151.27,559.0,6270.0,66.0,0.0,5.0,43.0,0.0,-3971.0,0.0,0.0,761.0,761.0,10640.0,10640.0,423.0,208.0,23.0,23.0,88.0,88.0,3328364
AUVERGNE RHONE ALPES,2013-11-23 12:30:00,2013,327,12:30:00,327.52,186.0,9321.0,99.0,18.0,5091.0,73.0,-6.0,-5089.0,0.0,0.0,926.0,926.0,13570.0,12655.0,335.0,743.0,11125.0,10973.0,125.0,125.0,7757595
NOUVELLE AQUITAINE,2016-10-03 02:30:00,2016,277,02:30:00,277.1,70.0,3853.0,73.0,-1.0,73.0,115.0,0.0,-630.0,0.0,0.0,429.0,429.0,6630.0,5581.0,660.0,1911.0,1779.0,1779.0,280.0,280.0,5935603
PAYS DE LA LOIRE,2013-10-23 17:00:00,2013,296,17:00:00,296.71,913.0,0.0,270.0,62.0,0.0,34.0,0.0,1567.0,0.0,0.0,1837.0,1402.0,0.0,0.0,502.0,397.0,6.0,6.0,58.0,58.0,3660852
ILE DE FRANCE,2013-04-07 11:30:00,2013,97,11:30:00,97.48,411.0,0.0,0.0,30.0,8.0,88.0,0.0,9291.0,0.0,0.0,2121.0,1704.0,0.0,0.0,37.0,109.0,19.0,19.0,262.0,262.0,11959807
CENTRE VAL DE LOIRE,2014-11-19 15:00:00,2014,323,15:00:00,323.62,75.0,10596.0,4.0,35.0,37.0,54.0,0.0,-8054.0,0.0,0.0,162.0,162.0,11630.0,11630.0,801.0,222.0,91.0,91.0,71.0,71.0,2577435
BRETAGNE,2021-05-07 10:00:00,2021,127,10:00:00,127.42,16.0,0.0,7.0,91.0,149.0,53.0,-1.0,2708.0,0.0,0.0,982.0,982.0,0.0,0.0,1077.0,318.0,272.0,272.0,81.0,81.0,3394567
HAUTS DE FRANCE,2015-08-01 16:30:00,2015,213,16:30:00,213.69,307.0,3402.0,191.0,51.0,0.0,114.0,0.0,82.0,0.0,0.0,2301.0,1970.0,5460.0,4550.0,2759.0,213.0,5.0,5.0,160.0,160.0,6009976
GRAND EST,2018-09-13 11:00:00,2018,256,11:00:00,256.46,1608.0,9307.0,144.0,171.0,569.0,84.0,0.0,-6614.0,0.0,0.0,3502.0,3502.0,10820.0,9631.0,3155.0,558.0,2301.0,1900.0,158.0,158.0,5550389
BOURGOGNE FRANCHE COMTE,2021-01-08 17:00:00,2021,8,17:00:00,8.71,127.0,0.0,6.0,3.0,240.0,44.0,0.0,2731.0,0.0,0.0,401.0,401.0,0.0,0.0,928.0,397.0,523.0,523.0,71.0,71.0,2800194
PAYS DE LA LOIRE,2021-09-09 01:00:00,2021,252,01:00:00,252.04,602.0,0.0,57.0,0.0,0.0,54.0,0.0,1788.0,0.0,0.0,2056.0,2056.0,0.0,0.0,1115.0,769.0,10.0,10.0,79.0,79.0,3853999
GRAND EST,2020-10-02 07:00:00,2020,276,07:00:00,276.29,1221.0,7553.0,2334.0,0.0,657.0,119.0,0.0,-6780.0,0.0,0.0,3585.0,3172.0,10820.0,9554.0,3795.0,662.0,2305.0,1952.0,190.0,190.0,5562651
GRAND EST,2014-09-19 18:00:00,2014,262,18:00:00,262.75,747.0,10685.0,180.0,42.0,996.0,44.0,0.0,-7886.0,0.0,0.0,3398.0,3198.0,10820.0,10820.0,2151.0,516.0,2283.0,2283.0,100.0,100.0,5554645
CENTRE VAL DE LOIRE,2016-11-19 08:00:00,2016,324,08:00:00,324.33,72.0,8412.0,591.0,0.0,14.0,54.0,0.0,-6688.0,0.0,0.0,198.0,198.0,11630.0,10592.0,896.0,261.0,91.0,91.0,71.0,71.0,2577866
BRETAGNE,2020-11-26 17:30:00,2020,331,17:30:00,331.73,283.0,0.0,83.0,1.0,19.0,48.0,-31.0,2560.0,0.0,0.0,980.0,980.0,0.0,0.0,1041.0,291.0,272.0,272.0,81.0,81.0,3373835
NORMANDIE,2017-09-04 01:00:00,2017,247,01:00:00,247.04,539.0,4858.0,220.0,0.0,11.0,57.0,0.0,-3234.0,0.0,0.0,785.0,415.0,10640.0,9546.0,664.0,223.0,31.0,31.0,99.0,99.0,3330478
PAYS DE LA LOIRE,2019-07-06 20:00:00,2019,187,20:00:00,187.83,14.0,0.0,144.0,58.0,0.0,51.0,0.0,2089.0,0.0,0.0,2037.0,1674.0,0.0,0.0,926.0,589.0,8.0,8.0,71.0,71.0,3806461
GRAND EST,2016-01-07 02:00:00,2016,7,02:00:00,7.08,246.0,11207.0,652.0,0.0,510.0,105.0,-540.0,-6408.0,0.0,0.0,3424.0,3424.0,10820.0,10820.0,2569.0,525.0,2285.0,2083.0,119.0,119.0,5555186
BRETAGNE,2019-11-22 08:30:00,2019,326,08:30:00,326.35,216.0,0.0,369.0,0.0,124.0,45.0,-1.0,3008.0,0.0,0.0,978.0,978.0,0.0,0.0,1021.0,271.0,272.0,272.0,76.0,76.0,3354854
NOUVELLE AQUITAINE,2019-04-06 06:00:00,2019,96,06:00:00,96.25,10.0,5672.0,106.0,-1.0,234.0,179.0,0.0,-1834.0,0.0,0.0,538.0,538.0,6630.0,5720.0,979.0,2463.0,1782.0,1677.0,319.0,319.0,6010289
CENTRE VAL DE LOIRE,2015-08-02 05:00:00,2015,214,05:00:00,214.21,1.0,7673.0,140.0,0.0,0.0,55.0,0.0,-6594.0,0.0,0.0,166.0,166.0,11630.0,10730.0,832.0,238.0,91.0,91.0,71.0,71.0,2578592
AUVERGNE RHONE ALPES,2015-10-12 09:00:00,2015,285,09:00:00,285.38,443.0,9418.0,30.0,22.0,3041.0,69.0,-4.0,-4834.0,0.0,0.0,944.0,944.0,13570.0,12559.0,372.0,890.0,11186.0,10966.0,141.0,141.0,7877698
HAUTS DE FRANCE,2013-01-28 04:30:00,2013,28,04:30:00,28.19,697.0,5424.0,511.0,0.0,1.0,71.0,0.0,-252.0,0.0,0.0,2268.0,2268.0,5460.0,5460.0,2096.0,209.0,4.0,4.0,122.0,122.0,5987883
AUVERGNE RHONE ALPES,2019-04-06 19:30:00,2019,96,19:30:00,96.81,19.0,8335.0,130.0,20.0,2895.0,129.0,-4.0,-3990.0,0.0,0.0,1027.0,1027.0,13570.0,12593.0,607.0,1142.0,11247.0,11054.0,189.0,189.0,8042936
AUVERGNE RHONE ALPES,2020-01-11 04:00:00,2020,11,04:00:00,11.17,245.0,11001.0,180.0,0.0,1699.0,142.0,-2092.0,-3425.0,0.0,0.0,1032.0,1032.0,13570.0,12953.0,635.0,1233.0,11741.0,11602.0,191.0,191.0,8078652
